96.26, 92.73851809973026, 90.7441562850186, 90.6496753982499, 91.96343640907351, 89.96729688307528, 86.28647100011507, 85.4829156262004, 85.85689649849077, 85.44734567292214, 85.67588852209451, 88.24242766712251, 89.30567364171829, 88.65783500993362, 89.29465975140307, 88.05463063779654, 85.88922846168357, 86.57301312364496, 87.65985679428917, 86.5329929554288, 84.73326827916155, 84.32939815556858, 85.82486939312408, 84.98406826740512, 84.18839048711607, 84.18839048711607
95.35, 94.52356990505905, 95.08528583827558, 93.93438357747938, 93.7587148554357, 91.92531165426878, 90.87144406732496, 90.22931703234227, 91.08459468689729, 91.74038179170442, 90.6568552335598, 87.95887364850165, 87.79677233077525, 87.81570381680307, 84.31369739456835, 84.75618479052292, 85.88922846168357, 87.92389408607033, 87.6874722270101, 87.04929112396329, 88.64754002247568, 90.31216901935949, 87.92169921058722, 89.08190566141474, 89.57086609606505, 89.57086609606505
97.05, 92.59276777546523, 92.76538423870146, 92.81800889379718, 92.2839340957285, 92.52231599552282, 93.08609925281341, 92.47591254719833, 92.15546845910507, 92.04708507433708, 91.59594319996778, 89.76551644621598, 86.0570925180754, 86.13178549254779, 84.31369739456835, 84.75618479052292, 85.88922846168357, 85.84894558615166, 85.53467293341154, 85.8926009680988, 84.73326827916155, 84.32939815556858, 85.82486939312408, 85.77865779876721, 86.4281048620516, 86.4281048620516
95.73, 95.89763602304077, 94.5856027606819, 95.06520055778066, 95.95743706377073, 93.37847332096078, 91.49358251574664, 89.2020366347337, 91.3184833362058, 91.28477656585727, 89.57526910464478, 88.89259544986277, 88.15116401657835, 85.92967703296979, 87.80566858576533, 89.21125806951865, 88.47372953364003, 87.21959839068823, 88.70858996453276, 85.8926009680988, 85.83612117007615, 84.32939815556858, 85.82486939312408, 86.66598819103518, 86.76882446354055, 86.76882446354055
96.13, 97.56601986488086, 97.33662367058474, 93.32666381162294, 90.68944762464848, 91.84891229510674, 91.62650461372677, 88.0288327899736, 90.17918091518173, 90.33385749113197, 87.52570178656583, 87.65465045295316, 89.28675195269737, 87.60446374468317, 86.58901625274957, 87.43308369453064, 85.88922846168357, 84.50371598688248, 85.22414261089438, 85.8926009680988, 86.7496908453316, 87.97568455869387, 87.2038227685993, 88.39544279344537, 89.24593549275153, 89.24593549275153
96.28, 92.9765375668025, 93.47934088151102, 91.68444796072811, 91.9054611544777, 85.89736033691598, 85.48961899980043, 85.4829156262004, 85.76915077984083, 85.25911298499855, 85.16560980565656, 86.51277944106482, 86.92808618572096, 85.81502052580596, 84.31369739456835, 84.75618479052292, 85.1306521918693, 84.50371598688248, 84.52382558249198, 85.8926009680988, 85.87271316894328, 86.53371826985776, 87.16808925209197, 85.50105840398375, 84.18839048711607, 84.18839048711607
95.75, 94.2290766863334, 94.85697524354842, 94.4233727121356, 94.57160758264149, 95.78317125063538, 96.37377258626812, 94.17936660909271, 96.35288344226166, 95.57866440660055, 92.66502955369145, 94.36161616844542, 94.57056332947134, 94.80121112348644, 93.4474967431896, 94.48263019477112, 93.91827442644231, 88.87168633434683, 90.10171637605573, 90.46654369720072, 91.50313446679039, 91.5816486655623, 87.76332641528214, 89.3020477943417, 91.52495425252128, 91.52495425252128
96.46, 96.45752859449271, 98.37727248508729, 98.7496044981285, 96.13896058597993, 98.11351082554113, 95.44848122315801, 95.43039741706001, 95.62623397991607, 95.36102138697251, 96.46515914901838, 94.33584669122065, 93.39980349989915, 93.05633656102572, 91.88337861329067, 93.49947660083585, 93.49307228189019, 94.6051446352866, 93.69915151927363, 85.8926009680988, 87.03174933065759, 84.32939815556858, 85.82486939312408, 84.98406826740512, 84.18839048711607, 84.18839048711607
96.38, 96.80556513669741, 97.213540067908, 97.63446647943135, 98.31798615600717, 98.01249067466583, 94.77582698857421, 94.13153021089843, 95.54000746038489, 94.96910915349089, 95.26214460817766, 97.36238363753779, 94.49746376481444, 93.5157242092042, 94.47303348881577, 94.75271769426966, 94.59924937097853, 92.4788860881532, 94.12794782721123, 93.82095752014193, 95.11933730891866, 96.96682938542871, 95.58742220473613, 96.33671342747938, 98.559025782883, 98.559025782883
96.12, 92.30957908194134, 88.33110553305852, 86.83263941829827, 87.09316861395163, 85.2171976098201, 85.48961899980043, 85.4829156262004, 84.10845337987462, 85.25911298499855, 85.67588852209451, 84.17834927434514, 85.00796617836136, 85.81502052580596, 87.11074861220936, 88.73014177214836, 85.78826181037681, 84.50371598688248, 85.77883606000344, 86.09630426740522, 86.33483029681165, 87.11318856288248, 86.67805613634526, 86.75528673697984, 85.25301329293549, 85.25301329293549
96.07, 97.41506001160684, 96.9696330787034, 94.0820036338691, 91.50798090539396, 92.09870448542841, 92.39046104333366, 92.27695290206226, 90.25355486848426, 90.4132588995375, 87.95112312614647, 89.31976954265869, 85.00796617836136, 85.81502052580596, 87.62587240810011, 87.99613354625912, 86.71205464476337, 88.13592176505965, 85.48373559923255, 85.8926009680988, 86.78794484700873, 84.32939815556858, 85.82486939312408, 84.98406826740512, 84.18839048711607, 84.18839048711607
96.51, 96.45994552220752, 94.77224134585548, 94.32622525404851, 92.62754770589497, 89.6553133672262, 88.11204935398176, 87.77207902605, 84.10845337987462, 85.26195601495792, 85.6505859838651, 84.17834927434514, 85.19081696867993, 85.81502052580596, 84.31369739456835, 84.75618479052292, 85.88922846168357, 84.50371598688248, 84.52382558249198, 85.8926009680988, 85.25240816997051, 84.32939815556858, 85.82486939312408, 85.4693016014024, 86.07658738886201, 86.07658738886201
94.64, 95.5025355186279, 97.32978444288324, 96.58288996653422, 94.86757939366781, 96.64687943379204, 97.73488099767886, 97.47576376721075, 97.57192085921348, 91.6217454397972, 91.20538601460096, 92.86691647159199, 92.73650295844492, 93.22046765841462, 95.4119289624478, 94.27982411751077, 92.22664324815645, 90.02425068869623, 91.9619688170194, 91.94562661056055, 87.99638735255586, 89.13114509198275, 87.95247159326449, 88.56897032164213, 90.87493057234478, 90.87493057234478
96.7, 94.34892271319752, 95.11470678884466, 94.10885035545448, 89.64429713267215, 88.2706670647378, 88.67751426262909, 88.09442817311637, 88.22301445568311, 86.2901006219045, 85.67588852209451, 85.11714596365606, 85.00796617836136, 85.81502052580596, 87.7830790500148, 87.6195937513202, 87.48402563987813, 86.98429032480239, 85.71646012027125, 85.8926009680988, 84.73326827916155, 84.32939815556858, 85.82486939312408, 84.98406826740512, 84.18839048711607, 84.18839048711607
96.37, 93.48901003749395, 95.03403426360659, 86.38677304023501, 85.33119117001223, 85.47038819441711, 85.48961899980043, 85.54450321224162, 86.15757565896759, 86.36644861052667, 85.52307959435376, 85.7856934615083, 86.68796784804199, 85.81502052580596, 84.31369739456835, 84.75618479052292, 85.88922846168357, 87.24941273073193, 88.39369819143054, 87.72526020121893, 87.9857818007552, 84.32939815556858, 85.82486939312408, 84.98406826740512, 87.23236068565483, 87.23236068565483
96.69, 97.02131481266012, 96.54053287706012, 93.62347421007775, 91.33323459169866, 89.99939661550705, 91.01243579727296, 85.4829156262004, 87.02021622399381, 86.77809370416247, 85.67588852209451, 87.40139781121516, 85.98194009539739, 85.81502052580596, 84.31369739456835, 84.75618479052292, 85.88922846168357, 85.68255892866311, 85.88233662949266, 85.53693865135001, 84.73326827916155, 84.32939815556858, 85.82486939312408, 84.98406826740512, 84.18839048711607, 84.18839048711607
95.6, 97.10386253402798, 96.4186144057425, 96.88082674404927, 96.37077337510084, 98.37179280583693, 98.6997640907771, 99.15385377724944, 100.36119935401018, 97.27366875756917, 95.06266224445753, 91.90735931845767, 91.83882271214684, 89.60821116370776, 90.73017017661594, 92.26668812076642, 89.25612665726723, 90.7951232875583, 87.46054678805659, 87.64415559825427, 88.52609739719024, 89.77943090666629, 89.03585472811407, 89.47514647266516, 90.53325171009429, 90.53325171009429
95.99, 95.49231096925713, 96.05402327844322, 96.50503783188476, 94.58125807354438, 94.77259969654986, 90.70768518979254, 88.84984973477607, 90.01453737522323, 90.10915931977229, 87.30811139463198, 88.6686490712276, 89.29102004927657, 89.24933368176013, 90.29572407873668, 90.89989435638175, 85.23305294349557, 84.50371598688248, 84.52382558249198, 85.8926009680988, 85.54758503712485, 85.49684760366853, 85.16593101887048, 84.98406826740512, 84.18839048711607, 84.18839048711607
96.47, 96.85114522701836, 95.9095339321973, 94.93761880653781, 95.21450055568955, 96.53562288512191, 91.6393013218123, 89.58406703124227, 87.89550539325101, 87.1907850519237, 86.70678055762546, 84.17834927434514, 85.00796617836136, 85.81502052580596, 86.91706156627889, 88.44914414235737, 86.35146604623343, 85.2227499511567, 86.64264597269892, 85.83156126681686, 85.94191961127272, 85.0154707105978, 85.82486939312408, 85.49637516806689, 87.09021972458693, 87.09021972458693
96.61, 96.76147411665153, 98.26439975192099, 97.6844208878688, 95.01202695055191, 90.1345202108717, 88.67716950148852, 88.41139987195541, 88.68876691015983, 88.85882455182754, 88.69177866011758, 90.42632069518159, 90.74092705636632, 90.02116312599145, 88.68347894984126, 89.27447378015957, 85.88922846168357, 86.88235991561572, 86.60047006969793, 85.8926009680988, 84.73326827916155, 86.91230962669616, 85.82486939312408, 86.00773515783791, 85.09514699332344, 85.09514699332344
96.95, 92.57321217479333, 94.39281937412511, 90.96072839630628, 90.32450528063768, 91.07224560212916, 90.57039450750351, 91.43756388582936, 92.35945884424898, 92.33681019797584, 91.0833070699682, 90.42792183035144, 90.59624303160103, 90.85404658336493, 91.43020235102846, 93.10538325823379, 92.77357279684118, 90.33694307937186, 91.85364095539703, 90.33397541295801, 90.58246354742893, 91.39598376494158, 87.44988392311785, 84.98406826740512, 86.58514079472982, 86.58514079472982
95.72, 96.85737964200463, 97.90318185377878, 92.66639034399219, 93.0006713867514, 88.13116912888272, 88.37929753624589, 88.21296784679062, 89.30297424173423, 89.8678033228966, 89.91090925248432, 88.62380860629322, 85.00796617836136, 85.81502052580596, 85.80097894409379, 87.58579585489221, 86.58381266998163, 84.50371598688248, 85.05806912928776, 85.8926009680988, 87.07195674524205, 86.12441625182086, 85.21197921365423, 84.98406826740512, 85.24562684519924, 85.24562684519924
95.93, 95.37391071354436, 97.0774426329522, 96.14356766447503, 94.05726165136942, 96.20638330572079, 89.01155335527774, 87.57418824372913, 84.10845337987462, 85.26834024729295, 85.87618609549288, 84.17834927434514, 85.82161269566504, 86.06291728563366, 88.07776295375714, 87.92739089057444, 87.94084655138127, 86.38814001312963, 87.86432944546405, 87.7298284911831, 88.05457673664392, 87.79505701792716, 85.82486939312408, 84.98406826740512, 85.40983914876651, 85.40983914876651
97.0, 96.36684738684339, 95.45180837286685, 93.50631916654756, 92.63334451952267, 91.93184143951378, 91.74792759734972, 88.87012244486347, 90.64085475084391, 89.59772993884317, 86.76417393627071, 88.42996221988766, 88.38326121465943, 85.9138472861475, 84.31369739456835, 84.75618479052292, 85.88922846168357, 87.99506347394158, 86.31296932526544, 85.8926009680988, 86.2083870107409, 84.32939815556858, 85.82486939312408, 85.87917618137098, 84.18839048711607, 84.18839048711607
96.21, 94.89080298368462, 96.74022951679167, 94.95502973666296, 94.71212456118674, 95.87116044038233, 96.48492958174562, 94.94422811346776, 93.1379091330267, 90.53192503453724, 89.38344610546689, 84.17834927434514, 85.10258251942643, 85.81502052580596, 87.45238324527577, 88.59037605286696, 88.88250106789052, 86.21856538187143, 87.6697663369307, 87.83607511756729, 88.53687217335555, 89.016194835032, 89.44979710302107, 88.87475654271036, 84.18839048711607, 84.18839048711607
96.06, 96.51938059321995, 94.23239795516457, 91.48623313332774, 89.26206158451303, 90.89848601378246, 89.32792185138749, 88.96814891335713, 89.99281182661255, 90.31188315573011, 85.67588852209451, 84.17834927434514, 85.00796617836136, 85.04187281052127, 86.74377058642659, 87.61760404896329, 86.62249231986993, 88.59122997983366, 87.95436590004994, 87.22982041755817, 86.78470994037474, 87.8895925360093, 85.39084188694916, 85.62915888162364, 86.42306093863898, 86.42306093863898
96.97, 97.23564080211796, 94.36423865136496, 91.74812954126706, 91.67777395070698, 93.55237076396783, 90.86555421414197, 90.91622780380006, 89.44400059820342, 86.5592739707905, 87.2548165912797, 88.65491027727631, 89.78243534863113, 90.22832601007501, 89.217952164877, 88.83746364601161, 87.07510153708223, 86.0577652171707, 85.05631816242344, 85.8926009680988, 86.40518089464982, 84.32939815556858, 85.82486939312408, 84.98406826740512, 86.46233684371988, 86.46233684371988
95.41, 95.02948078606995, 94.3926982173066, 94.92502052316951, 95.49539988087201, 98.069278558784, 96.99844454107757, 97.0393137868595, 98.65115334268165, 99.34384589554654, 99.16543339563103, 99.61215092242863, 100.09720556083924, 99.67093102777855, 99.18531420045663, 100.74255200443969, 99.96227884584408, 98.69141098364679, 99.61241619025832, 99.02586132739367, 95.16003962863331, 94.28026609318523, 94.70074822610047, 95.53856060403244, 94.94965382783461, 94.94965382783461
95.91, 97.5135768873736, 98.7142550166196, 97.34830590711852, 98.11401089397422, 99.4025489385903, 98.5851547691997, 99.4961565676762, 98.23637467821713, 97.97448052719068, 95.90973376630033, 92.98992937215198, 91.34046779665377, 91.7455530876098, 92.93067246372486, 93.51912744313978, 91.05136694739944, 91.95247065709201, 92.00987098795356, 92.51303711385471, 92.66948698713321, 90.30565851052246, 90.83849104058801, 90.6839723030176, 91.75082225740458, 91.75082225740458
96.41, 95.48120886933309, 96.52449561204791, 95.60227955458355, 94.28723151080685, 89.34647467290897, 88.03477953755592, 85.4829156262004, 84.10845337987462, 85.25911298499855, 85.67588852209451, 86.81523257158503, 86.6957754525911, 87.21622909450639, 85.5795736016614, 86.95847032851701, 85.2434189757541, 85.45594154035037, 86.95033964232309, 85.8926009680988, 86.5530380059292, 84.32939815556858, 85.82486939312408, 86.45569599958401, 85.70174806398099, 85.70174806398099
96.46, 96.92108433715276, 95.8223885847836, 90.68393648053019, 87.74437814237999, 88.9030502446642, 85.65524453850612, 85.5930906256739, 86.24752482223225, 86.23757076726301, 85.67588852209451, 84.17834927434514, 85.41687627000273, 85.81502052580596, 86.14435572127412, 86.20686624210998, 85.34190848361494, 87.3335456132145, 84.52382558249198, 85.8926009680988, 86.85745499844025, 85.68898681452484, 85.67477830867419, 87.029860456542, 87.99719747688319, 87.99719747688319
96.3, 97.28719791758715, 97.71912118799789, 96.05995834212288, 94.13405226196237, 96.21698957995243, 96.01864545161207, 89.9779537856284, 87.52682169274581, 85.25911298499855, 85.67588852209451, 85.84044763547111, 86.19614048777103, 85.81502052580596, 85.3140970722164, 84.75618479052292, 85.88922846168357, 84.50371598688248, 84.52382558249198, 85.8926009680988, 86.1688290659444, 87.24411534180132, 85.82486939312408, 84.98406826740512, 84.18839048711607, 84.18839048711607
96.82, 97.22583735421938, 99.08712396847395, 98.8290316888586, 99.64778886925735, 97.94492136492237, 96.54671081248257, 94.801487763597, 94.94690713553406, 96.12281527042433, 91.46082339053302, 91.93665010364695, 92.19448884320273, 89.07556323709048, 85.75381369950209, 84.75618479052292, 85.88922846168357, 84.50371598688248, 85.64844126058482, 85.40620469758191, 85.85459720771645, 84.32939815556858, 85.82486939312408, 85.63973536629382, 87.03468324035639, 87.03468324035639
96.73, 97.89639146182287, 96.02707516803491, 96.99436518100264, 93.22782318973285, 93.79927610659921, 93.73870011010584, 94.8925306117125, 93.6457274155641, 92.9103331234003, 91.86017816188986, 92.62643753794762, 89.96549057633253, 89.19620676127157, 88.34433803834406, 88.88788764704682, 88.00172281761941, 88.29993838619184, 84.52382558249198, 85.8926009680988, 86.51204599462021, 87.58860312192394, 86.02991115609976, 84.98406826740512, 84.18839048711607, 84.18839048711607
95.76, 97.28648986357416, 94.3863641945432, 92.90789521120402, 92.51436195874787, 91.82501831894847, 91.32222475761034, 89.62083321055935, 85.60126643586871, 85.25911298499855, 85.67588852209451, 86.6151091334654, 86.6933210006379, 85.815786773476, 87.49957380329715, 88.6108937931569, 88.62665701863435, 88.69957891997701, 90.00099504725273, 88.53370636369164, 89.98634445539076, 90.71879662635044, 89.440908211184, 90.06172224226158, 92.52026530260422, 92.52026530260422
95.44, 95.33717769153417, 95.25764800760976, 95.97248718977737, 96.58996714230449, 98.56228242922188, 98.5126829276785, 97.06555272427208, 97.68625600004368, 96.13249297516052, 88.59890163180687, 89.02297235984565, 89.26788115609969, 89.1279577370444, 89.72766043243425, 87.96366289443368, 85.81572881309523, 87.32574931309244, 87.69888220431089, 85.8926009680988, 86.89170410552973, 87.88818760097962, 86.31869379017516, 87.71398688796974, 87.96150034522826, 87.96150034522826
95.72, 94.21446759896544, 93.06896259870292, 86.72490680647526, 85.55180229931089, 87.34799422378462, 87.41831908271733, 86.88999657915926, 88.81665251541747, 88.13712053462362, 85.17845645096031, 86.40437611595603, 85.31975618050444, 85.81502052580596, 87.46861168570767, 87.56536190813055, 86.73071962226219, 87.14242912890289, 89.12562950098548, 89.05115954082277, 88.68638749199519, 88.17485599225851, 86.95701687349495, 86.90541234654776, 88.82343005231904, 88.82343005231904
97.11, 97.33643572418532, 99.46138637330272, 94.69145509150148, 94.1836849032801, 94.41335542208097, 91.22320396668128, 92.25294830217865, 93.68278096317306, 94.33731800179906, 90.1555003091414, 92.28563172879979, 93.20940173847734, 92.8499737583322, 92.07181608393472, 91.20357435071189, 90.3746047834247, 92.24560018631836, 92.36252415469835, 90.15179214400527, 90.43292086653597, 91.3884540097039, 88.74194049606972, 84.98406826740512, 86.43201325492633, 86.43201325492633
96.24, 97.51093884052482, 96.87870747962293, 97.6055760039312, 98.9588852966521, 98.82685949379872, 98.58811966641517, 91.03306908213469, 89.40995888938939, 85.89554656859677, 85.67588852209451, 86.01430574950088, 85.63232146629231, 85.81502052580596, 87.62411215485238, 88.50113232928352, 88.55982238423354, 87.80233840469164, 89.44026498899318, 87.9644678675675, 87.99132703472638, 88.62235816272282, 85.82486939312408, 84.98406826740512, 84.18839048711607, 84.18839048711607
95.86, 96.8335249201927, 96.67934913083795, 93.92957528889109, 93.63688921847786, 95.34650597324185, 92.58499016373318, 92.27677345542737, 94.09061290563187, 93.27933120830521, 92.86595173680264, 95.37732995094467, 95.85691708530243, 88.32666998734419, 89.77225746000691, 88.78727046151796, 87.78139297477377, 86.99517032399775, 85.65889576757966, 85.8926009680988, 86.62865653639736, 85.9204400559764, 85.72530328301868, 85.10344123994962, 84.18839048711607, 84.18839048711607
96.29, 96.70510913589413, 94.5741397141118, 95.33604335363874, 96.1764372695752, 98.11707648889178, 96.43879152060012, 96.05469475097442, 97.04280153627734, 96.35893186183664, 95.24964552983495, 96.21180793687901, 95.79514724835774, 93.3277240716919, 93.99102889491317, 95.05288923579573, 94.37541727867104, 91.00835184702414, 87.33933152460054, 86.2323323979232, 87.21443974118793, 87.74335109251973, 87.58763681831269, 86.5069225593077, 87.17571674350961, 87.17571674350961
96.04, 89.36434142958318, 91.78032143219137, 87.47490225196191, 88.6218889458619, 89.97431472962839, 89.88776509357245, 89.63736346681657, 90.48469732601755, 91.50834006193782, 90.02816583914839, 91.14513199937201, 90.88132129034837, 89.0762464139697, 88.37095983043521, 87.61569279654984, 85.61527478961345, 84.50371598688248, 84.52382558249198, 85.8926009680988, 86.59185092667725, 85.99191920550568, 86.50094835265126, 86.72176656136051, 87.16272168510903, 87.16272168510903
95.12, 94.35235433575731, 94.7060953564587, 95.64517320411751, 89.75213925217267, 89.23818347771777, 86.2370689517, 85.4829156262004, 86.17867673617977, 85.21079433133025, 85.67588852209451, 87.14897955355914, 87.34910829576123, 85.43390697684099, 84.31369739456835, 84.75618479052292, 85.88922846168357, 87.65121198859673, 88.9954557935916, 88.63395174019249, 89.58215089821697, 84.32939815556858, 85.82486939312408, 86.35457286907894, 86.83228294941578, 86.83228294941578
95.38, 94.11310042310159, 94.40260419162176, 93.74170218824516, 93.28174295219381, 94.92328291873768, 93.2986143545439, 93.11545967226769, 91.69191309761317, 92.72212396770698, 91.50407878392897, 89.39697428724739, 90.36515366450827, 90.40135438512947, 88.39167340510923, 87.37949602963516, 85.88922846168357, 86.49118674348239, 85.60902337858158, 85.78740846976109, 84.73326827916155, 86.77281761539206, 85.8385864427843, 84.98406826740512, 84.18839048711607, 84.18839048711607
96.39, 90.85589432458787, 84.18163231585689, 85.68112224577713, 85.48043058693241, 86.71145813188049, 85.48961899980043, 85.4829156262004, 87.11405124405621, 86.69971347814064, 85.67588852209451, 87.53789137600684, 86.88689521573268, 85.71199795088005, 84.31369739456835, 84.75618479052292, 85.88922846168357, 86.26290178588539, 85.09519872985503, 85.8926009680988, 87.32884223921775, 88.69419484888193, 85.82486939312408, 84.98406826740512, 87.2634709147179, 87.2634709147179
97.38, 94.44332521246463, 92.53893039387047, 90.37768208444777, 91.18576365049962, 90.61903454015115, 88.34957483264391, 85.4829156262004, 87.53913463028086, 88.23252342011455, 85.55038605789048, 84.17834927434514, 85.00796617836136, 85.14764185499631, 84.31369739456835, 84.75618479052292, 85.88922846168357, 87.26819827815272, 84.52382558249198, 85.05928690872452, 84.73326827916155, 84.32939815556858, 85.82486939312408, 86.89986887495084, 89.41166914065465, 89.41166914065465
96.24, 94.91740886441336, 95.71844444971345, 95.600925990243, 95.42300981737495, 94.54075870588728, 91.51233782588982, 92.47102277940213, 94.00907887088262, 94.34398133975651, 92.12383551563522, 89.70509879701378, 88.49438530148957, 88.74534981428063, 86.06222494415002, 86.75511359122642, 87.23926655243794, 87.2940735959456, 86.04777300922686, 85.8926009680988, 84.73326827916155, 86.29263628717372, 86.45203050593292, 84.98406826740512, 84.18839048711607, 84.18839048711607
96.79, 94.81576622485302, 93.92940493235199, 91.63917703918568, 90.05574388034555, 92.07586310551422, 92.63057781412321, 92.71479277405558, 94.59524497842615, 93.71960447238305, 94.12658014409239, 96.06022839337446, 96.75194664810792, 95.17991317514613, 95.94175791179175, 96.68945061427608, 90.18108256881409, 90.19350635959796, 87.04237923560059, 85.98474016814427, 84.73326827916155, 84.32939815556858, 85.82486939312408, 85.89187151897734, 88.40873488767727, 88.40873488767727
96.28, 94.20549690910565, 95.2443443499177, 91.0217610536783, 91.57760206664855, 85.31875096947435, 85.48961899980043, 86.39661013173789, 87.34589619721025, 88.04328305497712, 85.89157594039965, 87.20738509108679, 85.30796272962667, 85.15167397740743, 84.31369739456835, 84.75618479052292, 85.88922846168357, 84.50371598688248, 85.27174158411044, 85.8926009680988, 85.70249088617227, 86.71103764527545, 86.14840818563474, 86.87066945716482, 84.18839048711607, 84.18839048711607
95.31, 95.13666523215451, 93.45920581347013, 92.93146812733033, 92.56985352048565, 91.87378600456057, 89.29272034981615, 88.58048841448307, 87.08057830413733, 85.25911298499855, 85.507519745496, 85.8835880556273, 86.20890167153355, 85.81502052580596, 86.91230634027288, 88.04814080391601, 88.50098402475824, 89.42734669568065, 88.63574714001288, 85.92386384921869, 86.77667585721933, 86.38753262203313, 85.8711960965449, 86.41601051991368, 84.18839048711607, 84.18839048711607
95.75, 96.95266315801986, 96.88664771101668, 94.00475121536132, 89.18930421245922, 89.57155964322838, 89.4207896557093, 89.39901659163047, 90.35545160723242, 90.17329840538515, 91.16612454126127, 91.66948298333052, 92.6669629210408, 89.64157932848835, 90.01050804779744, 90.14622059172744, 87.47430071401618, 84.50371598688248, 85.80168129983285, 85.8926009680988, 86.490291123333, 84.32939815556858, 85.82486939312408, 86.14540681296162, 87.13699598426565, 87.13699598426565
96.06, 93.74663039347317, 95.6360937322988, 96.21363918923892, 96.39834104928396, 97.0928779392892, 95.37457680947217, 94.21046645108555, 96.5081049036673, 96.8958346694294, 95.28267485642438, 96.50339631219846, 95.33644745269211, 94.55435274128692, 90.5087778498327, 91.27326796167236, 91.42170304543201, 90.84506537265366, 91.61251657840263, 90.36892678322945, 86.54681322646351, 86.35359505787112, 85.82486939312408, 85.05068712119773, 84.18839048711607, 84.18839048711607
95.48, 96.19182841567357, 95.76467403263568, 96.15920096114237, 96.7817661110503, 96.52210084745532, 93.3584157754473, 92.59332145333926, 93.41234291852801, 93.11546212921728, 94.01829004653666, 95.41441643192968, 95.25832150964608, 95.1279211160899, 96.68331709017059, 96.62022915750697, 95.91211950394225, 96.78020975453596, 97.27740761711519, 91.71493221123377, 93.50338148502041, 93.10398119139133, 92.24388068675576, 91.82378106781987, 87.84135127105037, 87.84135127105037
96.08, 95.90654037964795, 96.8975056373218, 93.79183864457161, 94.16709208477981, 96.41679946118772, 97.0247793618029, 93.87721390730707, 93.21497018989504, 93.88689702958118, 93.1843426491012, 93.8452573713621, 92.69053429216059, 89.39610413216033, 89.75189129339348, 90.0599258359044, 87.83387467015606, 88.6846698701499, 89.75005926640624, 87.52897710719436, 88.80032585719188, 86.39302997754076, 86.4259533496697, 86.8683906209355, 87.31576011603174, 87.31576011603174
96.87, 96.28817721203687, 97.57899524359458, 96.71825954642485, 96.72625576296046, 97.4502185252298, 96.82158228035559, 96.68225570475934, 98.21594198249197, 96.2958939247015, 97.04498448695765, 97.8850295792192, 97.67417250027722, 92.91919462403945, 94.7600213100617, 96.61613748292872, 90.61397111088525, 91.51419935007362, 91.71418585912093, 88.61857083818923, 89.71381201439887, 91.67233655536586, 89.66474220361452, 84.98406826740512, 84.18839048711607, 84.18839048711607
96.13, 97.02809156505981, 96.20097605387743, 97.11589718657862, 98.15543326653007, 99.27276140106505, 99.23069764756545, 99.46254110416112, 100.66681218034059, 100.41509867442261, 99.09171385587274, 101.08320066105838, 102.5656222453859, 96.95442022672223, 98.8373418639763, 90.18850991155787, 90.43540972259017, 91.95047475799916, 92.23348598686772, 92.9301458276185, 94.15701026964697, 92.7679809021759, 90.88730812372964, 92.54145303797435, 89.4784615202879, 89.4784615202879
95.67, 96.8335347476151, 97.0461213139133, 97.1891177589126, 97.0951633811869, 96.1867407185338, 96.24190573345966, 96.95004630273208, 96.12078170686486, 95.80935862230885, 92.71936369735344, 91.86400004883453, 90.48331856502664, 87.98010438769583, 89.22852155623849, 89.09001101398934, 87.342139072568, 86.00273426551873, 86.09715318610743, 86.27756004663178, 84.73326827916155, 86.15865594802193, 85.82486939312408, 84.98406826740512, 84.18839048711607, 84.18839048711607
96.62, 95.15473600041759, 96.56903618265018, 91.59282025813337, 91.09579299386269, 92.00754567674025, 90.25143157314461, 85.4829156262004, 87.23045605680241, 86.45170087313082, 85.67588852209451, 86.82555516919945, 88.38495818308958, 87.94323322432075, 89.79834209414486, 88.67161694488799, 86.85347900000261, 89.00615931673723, 88.26068541620054, 85.8926009680988, 85.97074122122406, 86.90218606766102, 85.16952001822744, 84.98406826740512, 86.26912996058077, 86.26912996058077
95.92, 96.8091854768406, 98.06928240470063, 97.70150284711197, 98.16229993153938, 98.4952547106862, 96.39664301952577, 94.86033877570769, 96.86830200325097, 95.88348822264474, 93.17323530860831, 91.95444033799255, 92.62729648389563, 90.64953003745278, 90.91634895580806, 86.52098005318699, 87.26699480798302, 89.20724397597594, 89.3796500157744, 88.15460332380374, 90.02725602392005, 91.74175619186556, 92.40652232281923, 91.0246081946751, 93.0168174909982, 93.0168174909982
96.75, 97.86729773718602, 99.03179057159088, 96.56317320738404, 96.50088962388656, 96.91420521882219, 96.3374465996381, 94.61480155854093, 95.62157468388364, 96.7264918522467, 95.8695912714806, 97.44452757951791, 96.95588681075598, 94.88869192874267, 95.3115398698262, 96.68873381451942, 96.10733025693857, 94.05658719918894, 94.82731402729772, 89.18462985876899, 90.81346089466014, 91.01786211879896, 90.98989360265831, 84.98406826740512, 85.38705899678023, 85.38705899678023
96.65, 97.40132219857398, 92.95711785911475, 93.08972528501512, 91.68462627120549, 92.30695982669418, 92.45196364347609, 91.51716740052007, 94.13507631442437, 94.52486669229907, 94.92087872833514, 91.14711687276446, 92.28148673657567, 89.27137861114986, 87.90788050033912, 87.88622475447235, 86.67724540408473, 87.8861205674746, 86.73813826970355, 85.22385428136342, 86.41598689285442, 86.04525600615482, 85.82486939312408, 86.47853105687777, 88.7376157434212, 88.7376157434212
95.87, 97.14136951463955, 97.8262410348229, 97.00212045655007, 97.84065027549555, 98.01860556295799, 96.50201933290028, 97.30122750504603, 97.9983251726385, 97.84471168630776, 95.23058701016134, 95.55162259629786, 96.26179732521568, 94.37242557712956, 94.28633961539387, 94.32125285294532, 93.86210333876195, 94.09169695121409, 91.85295366045476, 89.77642349955345, 89.63625049949897, 91.39326503296778, 90.29854788932771, 91.4725929051035, 92.20370449414325, 92.20370449414325
95.94, 93.05669632467101, 92.97233544860859, 92.85654789129265, 92.16444966186326, 93.47560575854041, 92.95160081799942, 90.47048706958007, 92.42021932243603, 91.53379454649254, 91.59404469372353, 90.7056816923056, 91.20477690611098, 91.0610168968201, 92.53647626845886, 91.36583904763256, 90.50289459573813, 92.29986293187316, 93.38295674452284, 93.71779114598807, 93.530046798344, 95.09959054650187, 92.99463462206657, 89.49126696354726, 87.82396890294868, 87.82396890294868
97.06, 97.48062578091483, 97.88948180468482, 98.47909781305853, 92.46732879390783, 92.34273759420508, 92.76990327397269, 93.36704615296519, 94.95976585637214, 94.29023180211635, 90.87555994614316, 85.93899557596781, 86.66060356084807, 86.49307612111794, 88.42096623470239, 89.3080962706503, 89.99045959681764, 89.45364181909656, 87.65216292401041, 85.11103059243234, 85.92227951838325, 87.17093557040766, 85.54115659813215, 85.62910542234664, 86.40365394041206, 86.40365394041206
95.34, 96.79277655743113, 96.59483992246018, 95.426581688275, 92.84665894645501, 94.33130934102307, 91.90468397342241, 89.68860562507668, 84.10845337987462, 85.25911298499855, 85.67588852209451, 85.40493798393118, 85.00517379895956, 85.81502052580596, 86.11057196701334, 87.17683262949726, 85.88922846168357, 87.1682950204457, 85.05096266138902, 85.8926009680988, 85.96349231437026, 87.29165387138818, 86.50818719001568, 87.92688640232865, 89.92162097250657, 89.92162097250657
96.19, 95.85402638810966, 97.79793649953302, 95.12212800124021, 92.5162817632865, 93.32681609317476, 93.71576488990836, 94.55258577528436, 94.61641443212591, 95.25968688909192, 94.40475493451463, 95.96346310315828, 97.40589297172043, 95.85554125565162, 93.63560044682966, 94.34668799709954, 89.54336419504993, 90.96541037872797, 91.61453375183144, 90.53833510531517, 91.06054861407894, 92.13060588008445, 89.37333184510432, 87.69059371407057, 84.18839048711607, 84.18839048711607
95.16, 95.21243223132116, 87.1759696402019, 87.45814295572808, 88.68601404223621, 88.09206886049246, 87.30573118989469, 86.51846990734659, 88.27998604753293, 88.09918332391253, 87.2599395249815, 86.93624443844966, 85.00796617836136, 85.81502052580596, 85.65746722599442, 86.39753000662428, 86.08657859114277, 85.89145320858798, 86.78040322922186, 86.9432630548404, 87.01558970903284, 85.56985683942318, 86.23545903111682, 84.98406826740512, 84.18839048711607, 84.18839048711607
95.42, 94.69777775482638, 91.98674610436943, 91.54296257752287, 90.68282733764606, 92.01108936619947, 92.63785672450254, 88.75468918681777, 90.47924313500293, 89.39608218513679, 89.87953626314396, 90.79398510559565, 89.7240927642861, 85.96062793552875, 86.78367548028083, 84.75618479052292, 85.88922846168357, 87.64778240336051, 89.15186361442102, 85.8926009680988, 84.73326827916155, 84.32939815556858, 85.82486939312408, 84.98406826740512, 86.49444511462444, 86.49444511462444
95.59, 95.47131464895297, 94.85708026998732, 91.95715813252339, 89.8520651921533, 87.1468357525783, 85.2020522689229, 86.21877822947248, 85.61100710036396, 85.80594693303341, 85.67588852209451, 86.44678055926182, 85.00796617836136, 85.81502052580596, 84.31369739456835, 85.80959026880151, 85.05592994225196, 86.31650002256751, 87.03378349569715, 87.41569311403528, 86.8164847152134, 87.21898691545881, 86.27409154969573, 84.98406826740512, 86.44459121844618, 86.44459121844618
96.21, 96.96017057763147, 96.66049677679905, 96.89079166505515, 95.4067762329304, 96.92283883270704, 94.46091674328288, 93.95009437284668, 95.65107724464893, 95.03686839454856, 95.75891150923226, 96.28326709358028, 93.39784576869785, 92.17105531094904, 88.12575336605262, 89.19784326130129, 88.79678424730993, 88.19011423324226, 85.8426819242178, 85.69894154537232, 84.73326827916155, 86.44271884028339, 85.82486939312408, 87.23817779789582, 86.83221854644516, 86.83221854644516
96.77, 97.32080608188873, 97.49834257958608, 97.09038461628995, 95.79672661095923, 92.6716256933299, 92.00276512900633, 91.89665055326317, 91.88504726267465, 92.37036333564791, 91.30700520045255, 93.46017929952788, 93.87651735637614, 89.5166646421187, 91.93221545670218, 91.34221154571378, 88.83586182040122, 89.2203236785016, 87.22419687533264, 87.01438880054634, 87.6688384972372, 86.88038987829486, 85.82486939312408, 84.98406826740512, 84.18839048711607, 84.18839048711607
96.56, 97.5485966090172, 99.67872240826634, 99.36336483155797, 99.13805616537408, 96.53799467500028, 96.32463526221399, 94.90566103528798, 96.90014252761937, 96.49662088027529, 95.58715816616255, 96.91593920107788, 96.00079695773687, 95.82896543628557, 93.15166080784151, 93.34341694543122, 93.56749768533784, 93.2060895476174, 92.9640753595543, 92.97263659064231, 93.35688109205942, 94.77215410250122, 94.57936668287364, 91.1823252957504, 93.00901279434171, 93.00901279434171
96.3, 93.92580041690655, 95.65643057116755, 94.4677363797615, 94.4899533821453, 96.46187194227352, 95.76162754310677, 96.44697812276307, 95.0828541854101, 94.39355068784492, 94.4581410863066, 96.37015611686338, 97.30057075388977, 97.07465348162472, 98.66296780734883, 99.5829617603349, 97.48087281901863, 94.0969326814575, 95.27221304248664, 95.19191601142892, 96.35624949411734, 94.52478723570333, 92.61433114267459, 90.70870181524558, 91.50712720607774, 91.50712720607774
97.24, 97.6816938193858, 100.06964825713958, 96.46777748636228, 96.57307006319743, 96.48180167398795, 95.09988192471116, 94.00912320411325, 90.58429474139844, 90.70858709518829, 90.76479026262442, 90.65812430392712, 92.0639161191798, 91.14864512137865, 90.56251648720342, 91.42358674204377, 90.17118824855667, 90.4049825913459, 89.9369129577241, 88.66774130988837, 89.04961892122107, 88.26258746608555, 87.06550692196335, 87.00751308237928, 88.40210391481965, 88.40210391481965
96.07, 88.42959050318203, 87.6275103401009, 85.4399702112538, 86.21490390029376, 87.7615793726328, 87.98372517681351, 87.4878947601723, 87.58464782376608, 88.67526408765708, 86.12148402143976, 86.49521692677567, 85.82637747485829, 85.81502052580596, 87.62199340920668, 87.70560905896448, 87.34713610091444, 87.06705037153284, 88.70261784631124, 89.07633851069725, 90.52718181784036, 91.4541338477074, 91.05518468869626, 92.2472948264475, 84.18839048711607, 84.18839048711607
95.46, 93.60172598405347, 89.21752647991303, 89.25566913676762, 89.95818166491613, 89.30572985283457, 89.01488024150716, 87.40374213616676, 89.72299066132169, 90.98721160914744, 90.34460243007358, 90.7786217378073, 90.16755114541897, 87.57623011192904, 84.31369739456835, 85.09960310525207, 85.88922846168357, 87.64337741775192, 85.91058844286883, 85.89590204753482, 86.97863886943749, 88.33932639379856, 87.95611429326925, 87.23843509943478, 87.17159230698067, 87.17159230698067
97.53, 95.36086838968514, 94.36855220084794, 92.44031635096336, 93.83817808625575, 90.5784058980605, 85.48961899980043, 85.4829156262004, 84.10845337987462, 85.25911298499855, 85.67588852209451, 87.36065722776681, 88.35910238058317, 88.6767045570269, 88.06515888105523, 84.75618479052292, 85.88922846168357, 84.50371598688248, 85.2144624381431, 85.8926009680988, 84.73326827916155, 85.36275412513478, 85.82486939312408, 86.32507830136991, 85.32690993630153, 85.32690993630153
96.52, 97.7280525927542, 99.05297027449305, 97.21237564351341, 94.66276630398345, 95.97093141872487, 96.35182503964928, 90.99983193451251, 90.70131442321386, 89.6117053443249, 86.59538359086488, 85.77348127510126, 85.00796617836136, 85.03949446038236, 86.14762925166148, 86.02445448686548, 85.68983312756318, 86.90684627164912, 88.7827757394457, 88.11493223472121, 89.5196221756403, 88.6325713734921, 86.16062843046338, 84.98406826740512, 86.35666807720166, 86.35666807720166
95.39, 95.45511157190494, 93.65022464883148, 92.76729367357675, 87.65529954779737, 88.2131884000037, 86.70635263462027, 86.6050925211865, 86.8975673734368, 87.50679321323453, 85.67588852209451, 87.62763623918627, 86.08064461119018, 85.81502052580596, 86.06579148308518, 87.76094581903737, 88.30576159308576, 89.28805063898304, 89.23115058293959, 88.9826212629818, 88.37027791997481, 88.98975502907281, 88.23797450235956, 89.99091203275142, 85.71430934294956, 85.71430934294956
96.43, 94.93756195257019, 94.05336664191599, 92.77105872615448, 92.842013540918, 91.9554552991071, 88.85705384135628, 86.74612518581729, 88.62113495499469, 88.09839696359207, 86.50748406655487, 88.88725981366926, 89.13152639921591, 87.52180641932681, 87.20965406528546, 88.79577255530772, 88.72876540459063, 90.15666034475974, 89.33283895415386, 85.8926009680988, 86.97122609075329, 87.18121788286942, 85.82486939312408, 87.3151403315354, 88.51288113074305, 88.51288113074305
96.47, 94.505889252708, 93.25514593832654, 93.65826902638928, 94.3878629933505, 95.98201593557604, 94.45456353000128, 94.38314802214302, 96.13345831581283, 94.21970298317481, 91.53478412302569, 92.20628460752955, 90.87307277609206, 87.88023636863676, 88.67533347649895, 88.05793188916977, 87.33757954996251, 87.33984829156343, 84.52382558249198, 85.8926009680988, 84.73326827916155, 86.5845893913274, 85.23016270318816, 85.69070370633887, 86.51198308865276, 86.51198308865276
96.07, 92.78986732741642, 89.7774240269375, 89.27236846916304, 88.69499842575755, 90.148042784468, 88.11374870610273, 87.09836353650333, 86.49432107073228, 86.97671661258443, 85.79398173318604, 84.17834927434514, 85.00796617836136, 85.69262363670323, 86.69211830395203, 85.43090270034197, 85.88922846168357, 84.50371598688248, 84.52382558249198, 85.8926009680988, 87.69599852947663, 86.38356026690738, 85.82486939312408, 86.98067075379385, 88.76423791722337, 88.76423791722337
95.21, 95.25466795559826, 94.19384222902065, 95.1667405753864, 95.63509695501494, 97.25266280619162, 95.824536769014, 96.22662651372183, 97.7865367952066, 95.34034454239972, 95.1090015973727, 95.33910605009787, 96.59056373271679, 95.59810408382137, 95.47431673966368, 96.06535318091399, 94.35032560706192, 95.80892016923174, 93.6273013780662, 92.35672397386216, 88.9574533841335, 90.86179058111823, 86.94712767978386, 88.4110312020169, 89.4844483324817, 89.4844483324817
97.13, 92.12155132488134, 93.08306241600734, 91.22070894889184, 89.72169448678055, 90.92848727320927, 86.15595290556584, 86.04211517592053, 86.75943749052159, 87.69735247595617, 85.67588852209451, 84.17834927434514, 85.00796617836136, 85.57531555864799, 86.46095826802981, 85.56430483222346, 85.88922846168357, 86.17505889759641, 84.52382558249198, 85.8926009680988, 86.02236812987788, 85.86442912010284, 85.82486939312408, 84.98406826740512, 84.18839048711607, 84.18839048711607
95.64, 95.39301408424697, 90.36921343685364, 88.62303621356844, 87.64583909313545, 89.596282072572, 90.16658966275693, 88.34213223300132, 86.4864572419367, 85.52170656354421, 85.67588852209451, 84.17834927434514, 85.66843907546198, 85.81502052580596, 84.31369739456835, 86.17478746937982, 85.24922762094069, 86.53974633493202, 84.52382558249198, 85.8926009680988, 85.62747534523857, 84.32939815556858, 85.82486939312408, 85.81599908597607, 86.75905999815777, 86.75905999815777
96.47, 94.74803946451748, 92.6582652066565, 92.37494414709536, 91.4564030626562, 91.85653579069537, 92.23430472106625, 91.24113488423487, 93.31061825932663, 91.52722170762847, 89.84399003022826, 90.16500971732573, 90.5166379358961, 88.33819888506038, 90.12402316952145, 90.49142310185712, 89.4800428466135, 89.81671537579406, 90.8736701381031, 88.39377700911761, 88.94079443865604, 88.18203820763713, 87.05018193205885, 86.6399662040886, 85.20505342417599, 85.20505342417599
95.94, 90.47288621359255, 92.67349708809196, 90.32614585568683, 90.14555456891006, 90.34494884752975, 89.17429105482769, 87.53084961854466, 88.76630018758078, 89.9135402126698, 89.10890988491846, 88.62552055462119, 87.90958247549683, 87.77128385303213, 88.42357182108806, 90.03619464992009, 85.64812744969772, 86.42883459635284, 87.64782110012332, 85.84851327677507, 86.77609846995384, 85.41932848227145, 85.76351267012254, 85.78124640756218, 88.25328803324112, 88.25328803324112
95.37, 96.7943987982673, 98.65159300208077, 99.05047547229698, 99.99265129299607, 100.00128880227025, 100.18307706862602, 97.8048732448097, 96.43888716944535, 94.92121431041328, 94.94876447192841, 92.9970572219019, 93.78616009693292, 92.74752955057541, 93.11758882872185, 92.95715228068657, 91.17132447951997, 91.47863392287101, 92.58228678630164, 92.57306698814092, 89.04532954420142, 90.47479890199824, 86.36747111777395, 85.62561912191471, 84.18839048711607, 84.18839048711607
95.56, 96.15334900447773, 95.67516448748327, 94.7226337658942, 95.41531939465362, 97.06009290972854, 95.27051700160555, 94.75967990507422, 97.06817588593944, 95.50121516945327, 93.44157555229631, 93.54923411010597, 94.43991399809379, 91.27782927828471, 85.81162376192414, 87.36981816856972, 86.42105974828684, 87.42144514423948, 88.89756715814958, 88.71451241437917, 90.50291089326328, 92.67871053596393, 87.2828842208546, 87.21863533394865, 87.87695098452049, 87.87695098452049
95.88, 97.00084417813433, 92.77751167131196, 93.1629660579058, 93.63798507654298, 94.55936841180505, 94.90772795806363, 94.83617302719877, 95.29447615393588, 95.7019049433806, 93.75191380740381, 95.86424854866597, 92.69423276015061, 86.73463464595046, 84.31369739456835, 84.75618479052292, 85.88922846168357, 87.57932253945164, 88.76579865683641, 85.8926009680988, 86.24408622461104, 86.24984730835885, 85.34923618104848, 85.98275867823024, 86.91206808812106, 86.91206808812106
96.16, 96.16784951870291, 97.4094883999366, 97.6939328814869, 98.05659783282357, 93.20451502320013, 91.32806777775204, 91.27653744425713, 93.31291829843305, 94.42905096197468, 94.79361764572849, 91.60068059512167, 91.46558372131298, 85.45833470090739, 87.0303237794618, 88.57854113274001, 85.88922846168357, 84.50371598688248, 84.52382558249198, 85.8926009680988, 84.73326827916155, 84.32939815556858, 85.82486939312408, 86.96388721259223, 87.21119804100265, 87.21119804100265
96.48, 94.74873711208653, 92.32374691153001, 92.37253812109758, 90.46612972751359, 87.36350847695931, 86.83800844978543, 86.98955982100956, 88.2651281377581, 85.80201017485227, 85.91830930206106, 87.54457894643414, 85.25243732474419, 85.81502052580596, 86.9001596342884, 87.61709962936823, 85.88922846168357, 85.91428517213166, 85.98015829269124, 86.00725995900436, 85.98200743757769, 86.00551303333485, 85.82486939312408, 87.07089189001977, 84.18839048711607, 84.18839048711607
96.02, 96.22794493399897, 97.47370386392136, 93.8749564980914, 92.39323140899059, 91.41925154691192, 85.48961899980043, 85.4829156262004, 87.3063865483083, 86.05133768967657, 86.10617279821012, 87.034249789882, 87.87753240081481, 87.33433565992398, 84.31369739456835, 85.96552763386586, 85.88922846168357, 84.50371598688248, 85.15188365719857, 85.8926009680988, 85.13431147277203, 84.32939815556858, 85.82486939312408, 85.55852642012927, 85.31427888314742, 85.31427888314742
97.91, 97.6724600582247, 93.25395094210111, 90.9012367137346, 91.7250600334698, 89.52752583623472, 87.40868146974873, 88.01532248325873, 90.35489565395513, 86.89219534718515, 87.61792858589456, 89.23288596185402, 85.15678802599895, 85.37415285472697, 84.31369739456835, 85.51130388688988, 85.88922846168357, 87.18623772112956, 87.00691058147856, 87.09039282788343, 88.26360152181947, 88.28124953344421, 85.82486939312408, 86.55084418774805, 87.42652203422871, 87.42652203422871
96.25, 95.53194144165145, 94.18621541617885, 94.62859938560676, 95.58523488046886, 94.6883295105363, 95.20006269934915, 93.04183936903601, 90.59027474588943, 91.67607786671763, 87.40381014213447, 89.55956889460371, 89.97455802598314, 90.16337657779586, 91.52043169052865, 91.51753312844497, 90.71893097537702, 89.92511301512997, 90.0482920352385, 89.6185027253187, 89.27751532842198, 89.24565759604671, 88.37976419172325, 84.98406826740512, 84.18839048711607, 84.18839048711607
95.55, 95.46373788686863, 97.43343739488228, 97.55603263448934, 97.78895231360146, 98.44658363623681, 99.54188395191625, 98.65171979408177, 97.17479959292305, 93.15615557918466, 89.81933583247113, 90.6419041132052, 89.00268983799678, 86.16860627154311, 84.31369739456835, 85.16059924905376, 85.88922846168357, 84.50371598688248, 86.4012139543668, 86.23620370930726, 84.73326827916155, 86.14248199613166, 85.51607293253741, 86.5427834881631, 88.5249400913787, 88.5249400913787
94.11, 92.1573955748923, 93.13932299564601, 92.76057224109057, 91.48816070700227, 91.64062989308302, 85.78139295270826, 85.4829156262004, 84.10845337987462, 85.25911298499855, 85.67588852209451, 85.56173056925343, 85.61823242692505, 85.81502052580596, 87.74704575165998, 89.03416949730469, 86.51101031924168, 86.77300717150075, 86.02022641789351, 85.8926009680988, 85.1628675666534, 87.41085470553882, 87.62693161876689, 86.72907820514678, 85.94149702948675, 85.94149702948675
95.69, 96.25813190208511, 97.61347410797484, 94.86294197388226, 95.94714744447877, 91.27436819160876, 87.99930882902292, 88.61560697344805, 90.65306631057537, 88.68108468191394, 86.79284288490845, 86.99520932304986, 87.5491097498621, 87.45947040303308, 86.13691363510708, 85.03426025710039, 85.88922846168357, 84.50371598688248, 85.99612282723379, 86.50802203770283, 84.73326827916155, 84.32939815556858, 85.82486939312408, 86.74104993098969, 86.14394275568938, 86.14394275568938
95.58, 96.68910941611801, 98.43610594216511, 96.43953369944268, 97.344015185395, 91.90009551520068, 92.52064145953705, 91.53403686058297, 91.9191675224938, 90.50575700067587, 87.0100901909259, 84.17834927434514, 85.40628904912559, 85.2106434027155, 84.31369739456835, 84.75618479052292, 85.88922846168357, 86.14374329251847, 87.88506192772276, 87.57892229658836, 86.46817555598913, 86.27496004931969, 85.82486939312408, 87.25247770738179, 87.72094785677864, 87.72094785677864
95.78, 97.32803322165687, 97.94595909489946, 95.69801696023663, 96.16513311912934, 96.07427219896715, 96.42390839817085, 94.5318650990603, 96.23040087175633, 92.71297987140974, 93.58852255096103, 95.52401191919476, 95.85505889675991, 95.59139040270267, 97.20757051078479, 93.72176484344062, 94.33983784094798, 92.03521606497571, 91.20951787054038, 91.3832378583223, 90.12907819041, 86.83978377005128, 85.82486939312408, 84.98406826740512, 84.18839048711607, 84.18839048711607
95.67, 94.88984656982483, 93.42389609576719, 93.1319442214814, 93.83561820479504, 92.46851548832578, 91.98784201131822, 89.94902322710276, 90.16151864010037, 91.23348778708497, 88.909266988786, 91.05513962854918, 89.00818695115053, 89.14195657487664, 84.31369739456835, 84.75618479052292, 85.88922846168357, 86.44745792914108, 84.52382558249198, 85.8926009680988, 84.73326827916155, 85.09751258063623, 85.2269153014049, 84.98406826740512, 85.98632670853793, 85.98632670853793
95.44, 96.69393706878213, 96.73542717080008, 96.19970022031794, 92.59001634544732, 94.84774637709252, 91.35985017274118, 91.37223979153336, 89.66478264246913, 89.22842530142344, 86.63295493679009, 85.38861537150449, 86.407214286348, 85.81502052580596, 84.31369739456835, 84.75618479052292, 85.88922846168357, 86.61767299215941, 85.19288197606261, 85.8926009680988, 84.73326827916155, 84.32939815556858, 85.82486939312408, 84.98406826740512, 84.18839048711607, 84.18839048711607
95.12, 96.6359303507332, 98.29113082217104, 98.24396812618845, 93.80304544580738, 94.31911527548206, 95.60198936362096, 95.04922670010862, 94.74540205244232, 95.83306209282391, 93.2541125570692, 93.05681729944916, 93.09279822028961, 89.76113250063774, 90.48139650891878, 89.05136621131842, 85.39688298230088, 86.33956549648008, 86.634335244783, 85.92038189457925, 86.94439891100026, 89.17936395652427, 87.22396233255523, 84.98406826740512, 84.18839048711607, 84.18839048711607
97.37, 95.52862905420629, 95.73415514680642, 94.72138093143492, 94.65607663157563, 94.69120996547896, 95.34931739630979, 95.60865426048548, 95.51893075874281, 94.50617372334015, 93.99627064465933, 96.57418483558374, 93.64083913610668, 93.38831051796379, 94.3055780509764, 91.53833958575977, 91.22484002876082, 91.81887896709559, 92.12063291751875, 91.42164677803814, 92.33986071818822, 93.01863428688546, 91.4529064472847, 88.2906714284091, 89.20656881925834, 89.20656881925834
95.8, 97.44385040428699, 99.19220971805302, 97.64255345865266, 98.09790640686985, 93.52101363451503, 93.86209059053762, 93.9942091152774, 96.15852774849122, 96.66267182516978, 95.7013760659446, 97.77180834348123, 97.86754452123081, 93.31767185000322, 93.63995956304659, 92.66626602321935, 90.8873809111806, 90.48353038079216, 89.28569381377903, 86.84140756411436, 88.40827363560715, 90.54860917124957, 89.84578360749643, 89.85937519849853, 90.69154879439134, 90.69154879439134
96.53, 93.66319853667068, 95.47977934002715, 95.9457041362299, 95.00780140764064, 93.9793461040149, 89.60122855626919, 89.97503275969048, 90.61363163230058, 90.38643678424006, 89.3105505087145, 90.41550369880396, 86.52538237396995, 85.81502052580596, 85.4867967402442, 86.85390766326292, 85.02753686573205, 84.50371598688248, 84.52382558249198, 85.8926009680988, 86.49493567256518, 87.45911994683561, 88.33151084669053, 84.98406826740512, 86.5190274588536, 86.5190274588536
97.49, 95.08007551160945, 97.20921022521676, 97.37345752544505, 98.4095712119837, 99.17919589076462, 100.19584962225642, 101.38383629814511, 103.80093044824591, 103.1185781242871, 101.91218861616366, 100.4651614994516, 97.62502710050056, 92.25423368540605, 92.34205573687031, 84.75618479052292, 85.88922846168357, 87.47337197911948, 88.95877189800024, 88.2633807007676, 87.71898354695993, 87.64920422523473, 87.14796109122535, 86.13221474343165, 86.59408846996196, 86.59408846996196
96.85, 96.03646633817048, 91.29970361229445, 89.88005882124845, 86.96573407928928, 89.06544283850847, 87.26035057284767, 88.15463529974646, 84.10845337987462, 85.25911298499855, 85.67588852209451, 87.35979271825637, 88.12887275418448, 85.81502052580596, 85.35464694355741, 84.75618479052292, 85.88922846168357, 84.50371598688248, 85.87518024784112, 85.23815973913152, 84.73326827916155, 85.52508600884893, 85.42350316338997, 86.12303869026432, 86.06751264865186, 86.06751264865186
96.54, 96.15250092518536, 98.12713234845593, 94.47159987445406, 93.39301563603811, 89.23954809218287, 88.3686145739147, 88.80317067036515, 91.28564947738882, 90.65753999296132, 91.45570609911061, 92.88824054167412, 90.22360955642705, 89.10009983625342, 89.65019937323075, 90.16136041298373, 89.19435862435759, 90.23064615166598, 90.84175378146081, 86.83200746836276, 87.99878499661115, 88.98927181249994, 87.06703312230091, 86.93445125507827, 87.36577565037642, 87.36577565037642
96.2, 95.92022466223685, 97.88830019518737, 96.11360916341825, 94.52945243477444, 94.29871826072903, 92.74991549084105, 92.06300978262128, 94.17912007693518, 91.2718981923429, 91.51120693577985, 90.25586451746238, 89.52822256962853, 88.77440802576973, 86.64458051777663, 85.84916800891817, 86.37284327417937, 88.38838058986106, 85.3787617497914, 85.8926009680988, 85.56484044253654, 84.32939815556858, 85.82486939312408, 85.30601335790064, 85.04346062491322, 85.04346062491322
96.07, 96.41848035151719, 97.3336943970266, 93.48636068592846, 92.12660156500087, 93.81013114735563, 94.45714323930926, 95.06150009404048, 90.81395100960523, 91.16811721540269, 88.66663402286687, 90.23828251777401, 91.00826617507546, 86.00892980010025, 86.76947308479636, 86.89926146638372, 86.38352068963346, 84.50371598688248, 84.52382558249198, 85.8926009680988, 86.68315291373811, 88.2688234470618, 86.97559443322756, 84.98406826740512, 86.52546318002156, 86.52546318002156
96.25, 96.02143557385749, 97.9917569671327, 95.482624094621, 87.10774457520888, 85.94163780320743, 85.48961899980043, 85.4829156262004, 84.10845337987462, 85.25911298499855, 85.67588852209451, 86.79379339384501, 88.29225519489766, 88.05897552770989, 88.08315243541811, 84.75618479052292, 85.88922846168357, 86.89132867031414, 88.76688531080809, 85.86851323902434, 86.82781446339108, 87.59347005157379, 85.10824018630723, 86.10722240469383, 88.2627787742009, 88.2627787742009
96.06, 92.21932176755696, 92.61190380097128, 91.47877553859841, 89.01996433865371, 91.20824792795719, 89.20479220243269, 86.91032873933045, 89.21849651985566, 85.93557618741471, 85.86231624639325, 87.17038367585407, 85.00796617836136, 85.04449352608546, 85.39791572599907, 84.75618479052292, 85.88922846168357, 87.8590313262896, 88.48460286948811, 88.51523052084339, 89.37597503454045, 88.56619136811634, 88.64202132876768, 88.32291677550663, 89.62882311029843, 89.62882311029843
95.73, 96.72976042545662, 98.71429074785665, 94.48591945841794, 95.21805499385341, 96.64635137359053, 97.049042602569, 95.33245760352472, 91.86404847312697, 91.85960068487731, 90.82240100841103, 90.56070372016403, 89.39172607257926, 85.81502052580596, 84.31369739456835, 85.51520421501358, 85.88922846168357, 85.23500769025411, 85.21359107706746, 85.16908887994424, 84.73326827916155, 85.3870396377794, 85.82486939312408, 86.5097325004409, 84.18839048711607, 84.18839048711607
95.58, 96.55011910893872, 98.11410009432657, 96.71442614222003, 95.85663792720572, 96.78468708912018, 95.8416767778576, 97.02356971036056, 97.915165109752, 97.09115793094311, 95.61854580534619, 93.30468145550107, 93.12218875238243, 92.33138030084025, 93.90978887600784, 93.05892362482209, 92.56332774329934, 93.67968243579881, 94.2888196094467, 93.4876100229795, 94.65840439655449, 92.91376267322019, 85.82486939312408, 85.70180980637174, 87.23458929389477, 87.23458929389477
95.09, 94.29605011579461, 94.80530272993317, 92.12345086754671, 89.94028974642092, 90.88159269367816, 85.89064008986091, 85.58888221919031, 84.10845337987462, 85.25911298499855, 85.67588852209451, 85.18340172301292, 86.29103567124274, 86.74421479026026, 88.46116223480225, 88.30773678430393, 86.49472158876237, 87.50519452945034, 88.25033881788369, 88.7922557285062, 89.64894376896396, 89.08227417589173, 89.26995615857909, 89.71434630308683, 91.62466295095118, 91.62466295095118
94.35, 94.88417512653994, 95.99637387522831, 94.45165934715565, 94.42122265343792, 91.08236995066771, 91.13733482944897, 90.72613813700218, 89.47223775430675, 88.11497263225347, 85.78535415404187, 87.56286516024252, 87.53256617952343, 86.80515774680235, 86.90943725123998, 87.69996151391163, 86.53170597252603, 85.95447963052817, 85.22834584968247, 85.8926009680988, 86.76721057113306, 89.19103278961737, 88.1587508144935, 88.11439872759358, 89.12734200306679, 89.12734200306679
96.39, 94.95445865503186, 91.67510015434893, 89.21240458888259, 88.0896513923743, 90.40456100298324, 91.4162922368086, 92.48405291734053, 93.6169081008531, 91.10879147693808, 90.647545056705, 92.82220395090883, 93.02110048246332, 92.96858621939417, 93.91365425494212, 94.69116083582642, 89.61353356999874, 91.16675498777548, 93.27242672956893, 92.97006443724804, 94.14707311736694, 95.09664393611011, 94.48531866319806, 94.42044675700986, 95.620554103967, 95.620554103967
95.83, 96.73473577600842, 98.68990324296126, 97.01303333721242, 97.0627267354719, 97.91240857817536, 96.72940354964551, 94.2894121528625, 92.43921777933103, 87.11789708913739, 87.77171138371986, 86.51996939064206, 85.53993489686577, 85.81502052580596, 86.6696663272036, 87.6621608683342, 86.69343127750903, 88.15417936542381, 86.95370030395748, 86.50393234201391, 87.27333225612531, 84.32939815556858, 85.82486939312408, 84.98406826740512, 84.18839048711607, 84.18839048711607
94.81, 94.99773174632217, 94.30908508353589, 94.39347511738342, 94.18217557364723, 95.75937034770045, 95.27623964507876, 92.92069241705198, 93.4471914348575, 94.38092492794243, 95.43696867159534, 95.93896706695844, 97.45061276671672, 97.82054805151782, 99.85659470639061, 100.1294196215473, 100.24453614301204, 95.51731204613105, 94.99238223677666, 94.2235690744637, 91.79388407529866, 93.72437277423161, 92.94786140838491, 93.25870679640194, 93.70515803920924, 93.70515803920924
95.72, 96.35072510602292, 97.48724628441222, 98.22901882176161, 99.1957947565681, 100.06263026005622, 96.77847852332644, 94.91712627759536, 92.33320244546815, 93.20295521137004, 89.14767577098989, 91.54971114082305, 87.0345580908451, 85.39683742585436, 84.31369739456835, 84.75618479052292, 85.88922846168357, 84.50371598688248, 85.07138795751612, 85.8926009680988, 84.73326827916155, 84.32939815556858, 85.82486939312408, 86.87557786613866, 87.87299994284679, 87.87299994284679
96.06, 95.71359484245917, 95.68610583567965, 93.34110708559244, 88.15511799975333, 89.63973830229386, 88.03639833467312, 86.80810466734374, 86.80029970921922, 86.07592871214234, 85.67588852209451, 86.93748667174032, 87.14750811307633, 85.81502052580596, 85.91301295546303, 84.75618479052292, 85.88922846168357, 85.83060784608801, 85.35029332069284, 85.8926009680988, 86.45022915109884, 86.49035667679357, 86.14641670549527, 85.04187844233034, 84.18839048711607, 84.18839048711607
96.33, 97.17726274706334, 99.15047830638066, 99.32550692041937, 100.58659539074702, 99.12224804095952, 98.0521525084946, 98.22561712890294, 100.53977721282831, 101.20808532786506, 100.7819747207637, 102.33300791708871, 100.77825391096844, 99.80360541121394, 99.37457613949492, 99.65574848986049, 94.75926900485508, 94.5195361750577, 91.5008268473026, 90.54204588709084, 90.0661308918126, 88.63836401881633, 88.63902793658224, 84.98406826740512, 84.18839048711607, 84.18839048711607
95.1, 94.30591902570285, 93.44805035895679, 91.47042879854547, 91.81728260808143, 91.56445234551693, 91.85252721732635, 88.86589488813165, 89.62310622966744, 85.25911298499855, 85.67588852209451, 84.17834927434514, 85.01707941860695, 85.81502052580596, 84.31369739456835, 84.75618479052292, 85.88922846168357, 85.51879367941451, 85.85886584305183, 85.8926009680988, 86.8488436100226, 87.62134819948335, 87.7416546915309, 84.98406826740512, 84.18839048711607, 84.18839048711607
95.48, 95.32033198520963, 94.4308721740339, 92.18412958086417, 91.57208327442471, 92.76771026456953, 92.90166372829385, 92.90598455512507, 94.27373787312241, 93.72454428759873, 89.91892796085699, 91.19628855226672, 90.31376941338189, 90.14678695141086, 91.51574802744433, 92.83606587025383, 86.55107901869678, 86.12254349144088, 85.6488094988773, 85.8926009680988, 87.11525955685254, 88.56139306729361, 87.93222851673814, 87.21159732327672, 89.49433060121807, 89.49433060121807
95.74, 95.93574459680589, 97.328243788944, 95.60688932452626, 96.49896799323001, 95.12481545115011, 85.48961899980043, 85.41692143515738, 85.95554165429485, 85.25911298499855, 85.67588852209451, 84.17834927434514, 85.00796617836136, 85.81502052580596, 84.31369739456835, 85.04983059759155, 85.88922846168357, 87.4667797033741, 86.34885821763622, 86.68964702329166, 87.27346461649749, 86.2925768047501, 86.09384914612542, 87.20169465086406, 87.49441832187958, 87.49441832187958
95.88, 92.19993421987051, 84.18163231585689, 85.68112224577713, 86.01594380752056, 87.51613455674196, 85.48961899980043, 85.4829156262004, 86.53889268464725, 85.25911298499855, 85.95787255690965, 86.73329627263158, 85.00796617836136, 85.81502052580596, 85.6894688600158, 86.50924125344928, 85.88922846168357, 84.50371598688248, 84.52382558249198, 85.8926009680988, 86.80635716194443, 87.52611542196517, 85.82486939312408, 86.84337459745385, 84.18839048711607, 84.18839048711607
95.93, 96.84700506199846, 97.2951939481394, 96.8697302260445, 96.46654287342568, 95.66422777468894, 92.22436416748313, 87.73165112632307, 88.19241947818435, 85.25911298499855, 85.67588852209451, 85.03134645555588, 85.00796617836136, 85.81502052580596, 84.31369739456835, 84.75618479052292, 85.88922846168357, 85.34131027940975, 85.69975397898021, 85.8926009680988, 87.34440860931238, 88.55460305416086, 88.12306405701827, 85.09183255476424, 86.84841800932165, 86.84841800932165
96.83, 97.17995450172337, 96.16131882088305, 93.14432095562896, 93.5612754257564, 95.26561384252737, 94.67628320984727, 91.88927248867887, 91.57142269684192, 88.06963284992334, 87.63261724661942, 89.12885256764302, 86.73714056433076, 86.32406090259674, 87.68104069479277, 88.17354025178874, 85.88922846168357, 84.50371598688248, 84.52382558249198, 85.8926009680988, 86.33778082381916, 85.54095600119817, 85.73439308140006, 86.74394600512495, 87.44385560576615, 87.44385560576615
96.83, 94.46483310638882, 95.16340864831484, 95.69580900301054, 94.29917354010814, 95.75693658090744, 96.33345318848475, 95.04603137108505, 96.7669538104616, 96.53966195304521, 97.32602649043594, 96.08493440465413, 97.07117828289229, 97.76418242944169, 97.21003459417427, 96.55824347529396, 95.10494612304743, 96.87777654654562, 92.07339734237927, 91.23488186189616, 92.2952859076148, 93.32250388836836, 92.44390728193817, 91.32561699497614, 93.45705114833616, 93.45705114833616
95.81, 93.27418829038805, 94.29409283301243, 92.7785071168765, 93.4601599485077, 94.8127820793036, 94.6159549850189, 93.79190393064984, 94.11458925426625, 93.49269357204905, 92.91193782647396, 94.6364302653803, 93.73272352537441, 87.08912322583164, 87.87849992737384, 89.79923979376906, 86.99647329727432, 88.62322527141387, 84.52382558249198, 85.8926009680988, 87.05823996860018, 87.74709697457628, 87.57006987105761, 87.28061650049443, 87.58876948300508, 87.58876948300508
96.5, 96.36229437896634, 93.9929784816961, 92.3648549159505, 92.37742981201605, 93.99181754373329, 93.19561875996666, 93.11439752670559, 94.70630718150025, 93.08152178395726, 93.46253371326554, 93.96045770209606, 94.92854517011422, 93.35879945581567, 94.62692179997829, 94.01311956972216, 91.46834522670231, 88.13164751443537, 85.22562839835054, 85.8926009680988, 87.25672678452342, 86.11204260593263, 86.40452763997425, 86.45757194234142, 88.28400439124223, 88.28400439124223
96.68, 95.97373048974718, 94.89046841711708, 95.18394997527915, 96.26687754623374, 98.07660883544892, 94.34225853210934, 91.3550476511298, 84.10845337987462, 85.25911298499855, 85.67588852209451, 85.6912631910755, 86.9405244148863, 87.19415009612725, 85.63578467917579, 85.48771840243789, 85.88922846168357, 84.50371598688248, 85.2001066358891, 85.31772635954265, 87.0100721410684, 85.03548724446334, 85.82486939312408, 86.2003578732766, 85.28714631326253, 85.28714631326253
95.98, 94.74442591534851, 94.87391007323767, 94.6766893520766, 91.52206831329535, 93.91612454174523, 92.19817104598881, 91.33058116350193, 90.47945852789688, 86.46383055752237, 85.90500224778238, 84.17834927434514, 85.15074633513699, 85.81502052580596, 85.84732560774559, 86.65076880513838, 85.57089344263727, 84.50371598688248, 84.52382558249198, 85.8926009680988, 84.73326827916155, 85.30505019740896, 85.82486939312408, 86.04324756640952, 84.18839048711607, 84.18839048711607
96.31, 94.2920222084294, 94.39552917484434, 91.64807417346266, 88.37050696836438, 88.88317589118068, 85.48961899980043, 85.4829156262004, 86.1198656089493, 86.16817753925643, 85.67588852209451, 86.30286799317913, 85.00796617836136, 85.20336773005974, 84.31369739456835, 84.75618479052292, 85.88922846168357, 84.50371598688248, 86.17409793873526, 85.8926009680988, 85.23482439453575, 87.40130546543412, 85.82486939312408, 86.05697754485628, 86.45434592583375, 86.45434592583375
95.93, 96.42425490649046, 98.49413312920336, 98.22707260549764, 98.08672175363881, 96.90279998178453, 97.92791655976983, 98.29767255338506, 93.14318723722738, 92.15628732060873, 87.60948802389349, 89.68063494940976, 87.2649657587857, 88.19384146411377, 86.66616057329797, 87.29825171368152, 86.04581552615458, 87.07610792100043, 87.40893543852744, 85.8926009680988, 87.3380000524025, 89.15184615861796, 87.59661608762046, 85.79875951289276, 85.1397973439614, 85.1397973439614
95.21, 96.77604951586443, 94.09636280492086, 94.01414221516448, 93.56521583694986, 93.04801585518769, 92.98123577170644, 89.63833535961182, 84.10845337987462, 85.4451244843283, 85.67588852209451, 85.58306906073888, 85.00796617836136, 85.81502052580596, 85.95212640084111, 85.81135877930875, 85.24186183061774, 84.50371598688248, 84.52382558249198, 85.8926009680988, 87.10718014920457, 84.32939815556858, 85.82486939312408, 84.98406826740512, 85.92904963818809, 85.92904963818809
96.41, 96.13986268668714, 97.8417707918952, 98.82487061048914, 98.07060460090347, 96.70546065053394, 96.63181202665096, 97.36340926361501, 98.56059493684477, 92.87322180462533, 90.95231072865862, 91.12878476441571, 86.25456915957997, 86.63836168200042, 86.30809505580481, 87.32942253797634, 85.88922846168357, 87.17793383152262, 84.52382558249198, 85.8926009680988, 87.77555302531553, 88.71895102173825, 87.38193306712327, 87.27107491028845, 85.3984447262475, 85.3984447262475
96.51, 95.19167122453511, 93.52032261935773, 92.42028064875247, 92.28822793538617, 91.92701608669161, 86.53204470489045, 85.4829156262004, 84.10845337987462, 85.25911298499855, 85.67588852209451, 86.61211548414734, 87.83066090301217, 88.2028959992293, 89.19958486806959, 88.99449473018116, 87.68978818845014, 85.77974881142443, 86.93421387904746, 86.58074125928319, 84.73326827916155, 86.11695371053305, 85.82486939312408, 84.98406826740512, 85.28511326645497, 85.28511326645497
96.56, 97.67066087429552, 98.43721144916054, 97.90245520141671, 95.9538810375427, 98.46763576178682, 99.16937842600034, 99.77899626822119, 97.32229054835437, 93.39497381645376, 93.25240072586138, 90.73148380644747, 90.10482463813253, 89.98014314938014, 91.36976193661188, 92.09616699125783, 92.68802231604421, 93.75199880292034, 94.3326897017389, 90.89954653620667, 86.22220289738692, 84.32939815556858, 85.82486939312408, 84.98406826740512, 84.18839048711607, 84.18839048711607
96.73, 96.38512028028678, 91.66529833492967, 90.25342996996136, 87.62086849201839, 89.84580215875498, 86.30017110246872, 85.4829156262004, 85.13245911027153, 85.25911298499855, 85.67588852209451, 87.38278430374945, 87.08177292675366, 87.81664391547189, 87.45245974199585, 87.40736398401219, 85.88922846168357, 85.9548050666851, 85.59861993813205, 85.8926009680988, 86.43860746687845, 86.12127615238126, 85.51691987363735, 86.33468596482301, 88.20483655786643, 88.20483655786643
96.6, 94.74238843417193, 95.46268234919796, 92.57445098170682, 91.22182943763804, 92.93772192664406, 94.1373323179047, 94.71598852162842, 96.10392471099107, 93.87189029393274, 88.65868874826587, 90.35837601170621, 90.87772425579583, 89.84203316942599, 90.31549558527458, 89.36625991739052, 88.74595491969465, 89.02841514266795, 90.61795766529255, 90.37691967010547, 92.20080588599681, 89.24375899334397, 89.07112805555357, 84.98406826740512, 85.19163965499905, 85.19163965499905
97.16, 97.58048907063994, 96.68382681707375, 96.40113066223428, 95.97036910337243, 97.59539618155401, 96.78474852279254, 94.71140913933658, 91.68718431509251, 91.83359338859407, 91.46924845082665, 93.35423567480716, 92.71630002231038, 86.0931657543726, 87.1320551649891, 87.50900700021593, 85.88922846168357, 87.8493563878034, 89.16490819277838, 87.25545605343622, 87.68644078516586, 89.2080966957751, 88.88297439281308, 88.34412789989726, 88.62306046571348, 88.62306046571348
96.58, 97.5224197116797, 98.95927266416616, 99.24658550439376, 98.9441986091471, 100.92382138627113, 98.97416528202211, 96.70834648426813, 96.28281737977535, 96.71732675099113, 97.32146282970926, 99.10819432565435, 96.63813518486461, 97.34286655210006, 97.78774289370719, 98.42497395227943, 97.23371547280516, 96.91813259716064, 98.3831011397289, 98.01080309827447, 98.2144868062238, 97.60939928633016, 96.03781864758909, 96.31021211239131, 97.81298815599028, 97.81298815599028
95.82, 97.38588074609791, 98.19250109068172, 92.40993976563483, 92.5813641906555, 92.69739828064328, 91.72405480466337, 90.4183500705913, 90.28521382185228, 89.22866580900994, 88.16819326486157, 86.7230963446628, 85.00796617836136, 85.81502052580596, 84.31369739456835, 84.75618479052292, 85.88922846168357, 84.50371598688248, 84.52382558249198, 85.8926009680988, 85.96280018770223, 87.97179384880616, 85.82486939312408, 85.50116026113135, 85.91107707673666, 85.91107707673666
95.82, 95.07428059685378, 96.11688459507293, 93.86555482624118, 95.10722363724241, 95.65083990243232, 94.75581498023162, 94.39968040580673, 95.53702695610008, 91.5940887788309, 89.29475406729306, 91.65471901073417, 91.92054720024473, 92.05797148159614, 93.23577323031668, 94.38424041491805, 91.70188704257049, 84.50371598688248, 84.52382558249198, 85.03923977378638, 86.00123524513954, 87.85808585225271, 87.52460445502096, 88.68958407989341, 89.03999518825617, 89.03999518825617
96.71, 98.43606095905001, 98.14809107711109, 96.64344566126779, 97.5065267050512, 96.86696850806756, 93.68698391378423, 92.33597936356988, 88.81405118554457, 89.55095129670586, 87.89999140449724, 87.7054942579531, 88.45166054703837, 88.3731293978468, 89.82480885258194, 90.01835628002304, 89.89345922542738, 89.31513403803483, 90.80945309589664, 90.33992616089341, 88.584510426684, 89.10783269961036, 89.7426555347586, 90.91637207399388, 91.26458197176073, 91.26458197176073
96.34, 94.9789024103612, 93.35028745326599, 93.66635286828162, 91.9628663410796, 93.92040736647886, 92.2573055617732, 92.67089428603012, 91.64747286823045, 86.56847902167455, 86.63309181789579, 86.8755532815109, 85.00796617836136, 85.62060756184188, 86.85748810541052, 84.75618479052292, 85.88922846168357, 85.47636523512308, 85.24111634293953, 85.8926009680988, 85.46518122694275, 87.44472560931621, 85.82486939312408, 84.98406826740512, 84.18839048711607, 84.18839048711607
95.48, 95.88699609301614, 96.88074975071468, 97.06586881813631, 94.672934225919, 96.35796345102044, 95.03234114388368, 93.82036611146242, 94.82725817473677, 93.39972176705997, 92.84023293329047, 92.80190458747852, 91.43891885558472, 85.6842096523481, 86.57505390322908, 84.75618479052292, 85.88922846168357, 87.20473556386278, 87.07522756553688, 85.8926009680988, 86.18578091878581, 86.00731544704581, 85.82486939312408, 86.12177419831563, 84.18839048711607, 84.18839048711607
95.93, 97.56540408698184, 99.58027575757694, 99.49226418149841, 94.08457498021036, 95.55157357529114, 95.26316151594804, 95.71344537105652, 94.12184875608597, 94.58327705070496, 92.02350403089228, 94.25004628239678, 92.77535203174372, 92.88854097993483, 94.26617047692717, 94.44158462131544, 93.07179435042305, 94.08338211686873, 94.88469400868588, 95.30436266833198, 91.2999981790959, 93.15794388304207, 93.44905284348384, 93.39951750877378, 93.59962094604603, 93.59962094604603
95.66, 92.46900847966633, 88.37091205411397, 86.07179185065938, 85.2888816772599, 87.6269720579797, 87.87010808316865, 88.02237564782969, 89.52604181348518, 88.65589143729454, 88.83060889050165, 84.17834927434514, 85.00796617836136, 85.81502052580596, 86.19215915544292, 84.75618479052292, 85.88922846168357, 86.95965828240648, 87.38934403777473, 86.32954041242692, 86.0159682823266, 87.92129945747357, 87.94717760964427, 86.44259207985968, 85.21507820679633, 85.21507820679633
96.23, 95.89658014409318, 96.89948994173524, 95.27365460899189, 95.97676512674238, 97.38848799366845, 91.45044525955736, 92.14420540741021, 91.74489039591656, 86.69383165507769, 85.67588852209451, 88.27267180804259, 85.00796617836136, 85.81502052580596, 84.31369739456835, 86.13440462203617, 85.28733714378386, 85.308114995909, 84.52382558249198, 85.8926009680988, 84.73326827916155, 86.9209095250054, 85.82486939312408, 84.98406826740512, 86.27166420647731, 86.27166420647731
96.01, 93.24374344329256, 94.65438818265986, 93.70178837658197, 94.4685733494855, 96.51125654369625, 94.99688394854087, 92.43760527469902, 94.29892590682917, 94.06946601035871, 88.4251024893719, 90.71084718466687, 91.74143865938484, 88.55698729187856, 88.82769874378077, 87.42316647796837, 85.12628028565034, 86.79037785210713, 87.66420924932255, 87.95201544325666, 86.33613797658657, 87.58364769485657, 86.8246126928431, 85.2474567027703, 84.18839048711607, 84.18839048711607
95.69, 94.33619067220181, 93.89480521841281, 91.37478358287473, 92.5031254023583, 91.3902066752526, 88.56934007742528, 85.4829156262004, 86.85186848745941, 85.25911298499855, 85.31786752383616, 84.17834927434514, 85.76987673420392, 85.81502052580596, 84.31369739456835, 85.27495901877884, 85.88922846168357, 85.03227674380608, 84.52382558249198, 85.8926009680988, 86.41023759791157, 85.6982977044314, 85.82486939312408, 84.98406826740512, 85.7579145213685, 85.7579145213685
96.65, 93.91262451172081, 96.23209434246209, 91.93811203180277, 89.42750869770738, 90.28719368241289, 87.1248607002164, 85.73189123507159, 85.55721060909787, 85.25911298499855, 85.67588852209451, 86.84691862455831, 85.00796617836136, 85.81502052580596, 86.36279969702392, 85.529382988925, 85.88922846168357, 87.38113931086701, 89.03191334626347, 89.02007174672208, 88.66332400124283, 84.32939815556858, 85.82486939312408, 84.98406826740512, 85.56144239971294, 85.56144239971294
96.42, 96.75030820961108, 98.14412918863897, 97.25041716019041, 93.84993852390058, 94.25965986406553, 93.77319305636902, 93.10325006841632, 95.52415741502516, 92.63092742355391, 91.75228645096676, 91.5247995022441, 90.99409769724215, 87.83944573960682, 89.28147912908199, 90.4347363671977, 90.28617456123006, 89.87776492671709, 91.08387491282974, 89.19550352034071, 88.55559012083843, 89.9833302122858, 89.88299268418201, 89.28115078343511, 90.92267957410054, 90.92267957410054
96.23, 96.95241497764873, 99.48704625041519, 99.67864854775782, 97.36404153618903, 96.49397333214984, 97.18156643699943, 95.42072141613629, 97.43092995767402, 94.20559968304067, 93.52537421690226, 95.45247193043788, 96.23138075132093, 96.91170280448394, 98.84502958603794, 100.57988240280338, 99.68503079952141, 99.61203244299291, 100.30182410025115, 99.25249001888703, 99.92860436420983, 98.2456850503799, 96.90725070916905, 96.98647655183701, 98.45704413548486, 98.45704413548486
95.52, 93.47540431521938, 92.69375743259405, 92.43940139490216, 92.41235584168089, 91.02636912725153, 91.76545396828962, 90.47460554071444, 88.80583874797726, 87.81438176673848, 87.46722555557166, 84.17834927434514, 85.00796617836136, 85.81502052580596, 87.7144981814372, 89.40601545761425, 89.16029575710327, 87.69311751963856, 86.61253808671648, 85.81458847454518, 87.53576075864638, 88.05516918738029, 85.08225289757776, 85.34669098266838, 85.33007712592311, 85.33007712592311
95.7, 96.96277865765673, 97.6765728624424, 96.82234296232436, 94.17382196048244, 92.73637221076082, 85.33632771840944, 85.4829156262004, 86.65521822382058, 87.24568084594763, 85.9095222346339, 86.09827219346221, 85.00796617836136, 85.81502052580596, 86.30534779718182, 84.75618479052292, 85.88922846168357, 86.6788631923156, 88.53238245387583, 88.41456868831725, 88.74405722425844, 86.53228490469183, 85.0939556393027, 85.15173446379343, 84.18839048711607, 84.18839048711607
96.73, 96.84859357576804, 95.78873705428423, 96.03251578334174, 94.87065030112826, 95.04364641902774, 96.0181263265109, 96.67870867812697, 98.70058669837069, 99.68881669016797, 99.58950759723338, 100.27952582077492, 98.16072495217885, 96.14769180435889, 94.74451834851708, 94.09537825061341, 92.42426767412144, 94.2125153915817, 92.28636210125906, 92.18328659098383, 93.01783090001459, 94.73792105436203, 95.21972285400248, 95.07453359428482, 87.15411084883849, 87.15411084883849
96.11, 96.07166434541166, 97.35334366808415, 96.00796193760205, 95.90987918193807, 95.90356798436054, 90.91940260046135, 91.15707656113942, 91.07205539731974, 89.9861825772405, 88.68599430376828, 86.07237527392867, 85.68867033960599, 85.81502052580596, 86.01633801033157, 86.36968438036513, 85.88922846168357, 87.77131002695243, 87.09771559637893, 86.65354195527648, 85.63591279978237, 85.8794532654733, 86.22631060304134, 84.98406826740512, 86.46128481321956, 86.46128481321956
95.22, 96.0792820807094, 95.87628676765115, 93.59090996731017, 94.86393777906078, 95.41588692240401, 96.56213155046584, 91.31203239189576, 91.23422758771241, 89.0471370430824, 85.97015388013087, 84.17834927434514, 85.00796617836136, 85.34572924603538, 84.31369739456835, 85.97679089067907, 85.88922846168357, 87.19476695159001, 87.37392073834161, 85.8926009680988, 84.73326827916155, 87.18782074225935, 85.58024787798976, 84.98406826740512, 84.18839048711607, 84.18839048711607
95.67, 95.88758350459085, 93.10966290368404, 91.4618627713496, 90.92162943070879, 91.13038242972924, 91.61446571750683, 91.75331722535499, 90.6829745760298, 91.4037051118444, 87.92556763788492, 84.17834927434514, 85.38733149416367, 85.81502052580596, 84.31369739456835, 84.75618479052292, 85.88922846168357, 84.50371598688248, 85.53156520612792, 85.42189832244861, 85.94483289647943, 84.32939815556858, 85.82486939312408, 84.98406826740512, 85.75325586964148, 85.75325586964148
96.37, 95.4992015327387, 98.05229495374826, 98.71479659459727, 95.1257285942158, 97.24214617358548, 94.94883796159448, 96.10006051302705, 97.98107960421423, 99.0364254511287, 98.94807489403723, 97.89051991011019, 97.45839923766293, 98.03376678028123, 97.6913244657202, 98.36740443321744, 98.05485514404867, 99.37561951048217, 97.40513966500102, 94.971425405573, 96.63054458312648, 96.75119731380936, 95.09599691341265, 95.83326428991087, 93.48674256256729, 93.48674256256729
94.69, 93.22632961694462, 91.49683065666584, 91.03867873619599, 85.25147394837903, 87.17736769903198, 86.71835357837506, 85.54991690588201, 87.28320840054968, 88.19230746991417, 89.10644106388162, 91.48595663308176, 86.5470174891286, 85.00880576588531, 85.15202263229807, 85.25017052657606, 85.88922846168357, 84.50371598688248, 85.4048124286004, 85.8926009680988, 85.28729287106061, 86.93934309224201, 86.32152547883217, 84.98406826740512, 84.18839048711607, 84.18839048711607
97.1, 96.60718224988284, 95.14833849049057, 92.2197778870808, 89.77400466068664, 90.94667385542651, 86.74648085213735, 85.4829156262004, 85.06121284372777, 85.25911298499855, 85.67588852209451, 87.68616742486532, 88.6565860740258, 87.46587186463215, 88.69931846365628, 87.39944354026373, 86.06214767845803, 86.18783453610003, 87.15017051557518, 85.23425942937182, 86.96375985078576, 87.90277893335666, 88.18243092397259, 89.40312592480362, 88.08321252861407, 88.08321252861407
96.72, 96.87662199020733, 94.88610703455646, 89.52414831011595, 88.73331834266175, 90.66824513994288, 89.96816921057835, 90.05480941293423, 90.88547831354785, 91.66068924511498, 91.87100929330127, 91.13679584412897, 87.18392591302839, 87.2857080455681, 88.4988651846004, 89.4449225986348, 85.16121300002959, 84.50371598688248, 84.52382558249198, 85.8926009680988, 87.91044644334215, 88.6463093429707, 85.82451057094838, 86.49725028862663, 86.82981671763513, 86.82981671763513
95.97, 94.88677350265525, 94.52731562811356, 92.382333638697, 90.7836153240226, 90.62069067625178, 85.48961899980043, 85.4829156262004, 84.10845337987462, 85.25911298499855, 85.67588852209451, 85.0333196226383, 85.72326181228715, 85.54422245417385, 85.29096991099874, 86.42705656776982, 85.78164649501288, 85.24427383431284, 86.49533844718555, 85.54260281164827, 87.49484590989404, 89.23227988436507, 85.82486939312408, 84.98406826740512, 87.38881613198579, 87.38881613198579
96.1, 96.19258771216226, 97.05635546440126, 94.9087213057261, 90.64146851478722, 89.69281347293764, 89.11266181087184, 86.6931253384951, 88.0076203846432, 86.50853042761476, 85.67588852209451, 84.17834927434514, 85.00796617836136, 85.81502052580596, 86.69681493043275, 84.75618479052292, 85.88922846168357, 84.50371598688248, 85.59200087108542, 85.8926009680988, 85.14430089108365, 84.32939815556858, 85.82486939312408, 84.98406826740512, 84.18839048711607, 84.18839048711607
96.53, 91.3354190522215, 92.37862342107246, 92.61068668576841, 93.24534941959232, 94.29300238604498, 95.5920904195224, 94.15334677877154, 92.34759138570686, 92.66896830777388, 92.7300893403448, 91.00469682012317, 88.91026579255755, 86.55100812780591, 85.49538247854008, 85.65774254022922, 85.42685868816764, 86.9877251616878, 84.52382558249198, 85.8926009680988, 84.73326827916155, 86.26884371607204, 85.82486939312408, 86.31704349549958, 84.18839048711607, 84.18839048711607
95.2, 96.76164817170033, 96.70131869656116, 91.632842104173, 86.16925611862499, 88.18205004147167, 85.93358028162642, 85.4829156262004, 87.33158766099949, 85.25911298499855, 85.67588852209451, 86.36060709758286, 87.66645377947296, 85.81502052580596, 84.31369739456835, 85.10664409251973, 85.88922846168357, 86.56014258950597, 88.33605548543723, 85.8926009680988, 85.99010016487703, 87.08144855810455, 85.82486939312408, 85.47514433161476, 87.576556504172, 87.576556504172
95.99, 97.05474842563862, 97.63557837154714, 93.66701731474828, 92.62334505921662, 93.73988360481655, 91.15278421891949, 91.1137784476146, 91.46781435787504, 91.32941469914832, 92.09196889696483, 93.82657592856778, 92.798155915437, 85.81502052580596, 84.31369739456835, 85.7210446015983, 85.88922846168357, 85.75011973322505, 84.52382558249198, 85.8926009680988, 84.73326827916155, 85.79234169951616, 85.2870510418844, 85.61974122896942, 86.88296991537906, 86.88296991537906
95.34, 93.28624170569549, 94.60770447720407, 93.91836700531148, 91.56274778171262, 94.00440620464323, 94.86139717354055, 95.10507948501655, 96.56327583707107, 97.90821880189151, 95.80590855403133, 96.07717853204498, 91.58554838492945, 90.89059216169468, 92.01398975439702, 89.77378525061243, 89.39462662552185, 89.03759724094726, 90.58740624814185, 88.7672845900044, 87.27583232465071, 89.60100749253111, 89.3666487405638, 89.93746645994497, 90.8480127857462, 90.8480127857462
96.0, 92.3058116619245, 91.96057071820658, 86.87912851514893, 85.99976590494381, 84.10957757803895, 85.48961899980043, 85.4829156262004, 85.24855317339086, 85.727015219319, 85.58212795854962, 87.58556919695422, 85.78023740818257, 86.433309841895, 88.25441157216392, 85.21909580578186, 85.52256902238241, 86.51875565021051, 85.47633656655823, 85.8926009680988, 86.34595831738324, 85.97114637303994, 86.384982390075, 84.98406826740512, 84.18839048711607, 84.18839048711607
96.45, 96.91422388286124, 97.5632883663866, 94.07601033106124, 95.37792993385611, 97.35220337676535, 94.99035881680581, 93.90745917845102, 90.93066260860093, 90.96914381136091, 90.2047039991409, 85.74453216784995, 85.00796617836136, 85.08966678121105, 84.31369739456835, 85.88137631091423, 85.88922846168357, 87.40686032887623, 86.58624341512278, 85.88962044295921, 84.73326827916155, 84.32939815556858, 85.82486939312408, 84.98406826740512, 84.18839048711607, 84.18839048711607
95.29, 96.63303325360144, 98.81358923033027, 94.24308403601204, 94.68199265462692, 88.09701864239585, 85.48961899980043, 85.42383515233722, 84.10845337987462, 85.25911298499855, 85.67588852209451, 85.59129879042443, 85.93227993358538, 85.81502052580596, 85.11158000305858, 86.71742956045378, 85.88922846168357, 87.6835255199045, 87.50705088700069, 86.59031029130803, 86.71968500880308, 87.671877057276, 87.6548629225652, 87.31120706255986, 85.06165208803306, 85.06165208803306
95.25, 94.74813630193867, 95.85762238302152, 95.24434906327916, 90.77117977387344, 90.83432973807123, 91.60065027682336, 87.42332083929624, 85.16619256096149, 86.01285994574476, 85.67588852209451, 84.17834927434514, 85.00796617836136, 85.81502052580596, 86.95705512750759, 84.75618479052292, 85.88922846168357, 84.50371598688248, 84.52382558249198, 85.8926009680988, 87.38013508911466, 88.94233757446182, 87.32731106217851, 88.08745086960275, 89.12931574257797, 89.12931574257797
97.51, 95.55582263919442, 96.65444698847229, 95.14135151642097, 95.22397842713687, 91.59031234703521, 88.89649062157878, 86.06810712871338, 87.75436494757166, 86.48953974717641, 86.49261155461184, 87.06836724809632, 85.7276416567641, 85.81502052580596, 86.6353965208365, 87.99451217252859, 85.88922846168357, 84.50371598688248, 84.52382558249198, 85.8926009680988, 87.62800258631874, 88.7794074938477, 87.412655893247, 87.92890602311974, 90.10095617445931, 90.10095617445931
97.05, 96.05662616525328, 97.71393180654218, 97.94761149847517, 95.24239605247534, 92.87692252846504, 92.24791081239037, 90.18128849255795, 88.63581195339196, 85.86677015980592, 85.60923622243394, 86.29423369418339, 85.00796617836136, 85.81502052580596, 87.080330046225, 88.52940437302506, 87.56282600617888, 85.65952082048099, 86.89973659598886, 85.8926009680988, 86.5241464653266, 85.52666396721295, 85.82486939312408, 86.03452104048563, 88.04587058355008, 88.04587058355008
96.09, 93.48544889837477, 95.4401882941767, 96.04662683790247, 95.21501236584639, 95.97225588544951, 93.37755012745589, 89.80270154253662, 90.0082374304902, 90.89099313232535, 90.01888988371547, 92.12563763621564, 86.80540729017167, 85.95416825590024, 85.14898552091996, 85.48190541040904, 85.88922846168357, 84.50371598688248, 84.52382558249198, 85.8926009680988, 86.13790822819348, 87.9610430872288, 85.82486939312408, 84.98406826740512, 85.76179174202214, 85.76179174202214
96.69, 95.00878625719776, 96.82932743239628, 94.38138621332233, 94.97936179200686, 97.20104691050481, 97.1027689705998, 97.04232379300062, 98.89771064900364, 97.97691963248896, 98.46016960230274, 98.64638639656795, 98.16394702841622, 93.68515323620275, 94.29146813984315, 93.10640013110468, 90.48473427405153, 91.85935288262998, 89.88368922950936, 88.4684233773183, 86.64813573398048, 86.9048520070672, 85.82486939312408, 86.33238134627877, 88.67046597969075, 88.67046597969075
95.69, 94.33017368815014, 96.6724785231816, 95.86052563511262, 95.16279102933275, 96.82328073739666, 96.89346231406573, 94.04443416757353, 95.29059775136663, 96.79725208645736, 96.56018382264931, 93.53702131738969, 93.76780878579311, 92.72126316870464, 93.21333280077009, 87.14991150068612, 85.43193154254286, 87.1754925278695, 88.65985103180925, 87.89407990138088, 89.57516552933374, 89.98868030525877, 88.25396446492611, 87.55167255756088, 88.6777690141896, 88.6777690141896
96.52, 97.85493242748618, 99.71623098963951, 98.64498787659375, 99.18045711685618, 100.85721310540966, 98.27041526262352, 97.9066878034215, 100.27190224281583, 100.2590889763576, 96.13695526464821, 96.78325188033692, 96.34869578612886, 91.61790690521724, 92.05434429189887, 92.38000021872895, 91.51728680027158, 92.00260099938579, 91.49721826188211, 85.8926009680988, 85.27194905351845, 85.32572610936509, 85.58344752043773, 84.98406826740512, 84.18839048711607, 84.18839048711607
95.83, 93.05829550524633, 94.15523219105083, 94.87259153237083, 94.79078061622805, 95.9838690874046, 96.00092518568381, 92.75349922238975, 93.76401012158824, 91.72224767826145, 90.75322515602335, 92.1157987150165, 93.47741248394182, 93.66505373032476, 93.76175936304728, 94.78613676488189, 93.56298761322725, 93.69521586100308, 92.51130382950286, 92.86152139441425, 93.62830543227133, 92.73809494798019, 91.40317761326025, 86.84851367706166, 87.90142899899932, 87.90142899899932
96.94, 95.466043007243, 93.67144794693507, 91.17216904680028, 90.1606700074127, 89.85533326017112, 87.50304529437982, 87.62540144517091, 84.10845337987462, 85.25911298499855, 85.48255144205046, 87.43991882194928, 85.66276542961607, 85.81502052580596, 86.09353595997081, 87.60482103883558, 86.63465118975218, 88.44330712371122, 87.59506022597223, 85.8926009680988, 86.82590677114709, 88.06816111939696, 85.82486939312408, 85.25551868069999, 86.82748874661394, 86.82748874661394
95.62, 94.5509641752673, 95.3313232949491, 94.01524594928166, 94.00913254003015, 95.18583770362595, 94.6461450962174, 91.14886544841653, 92.85450945657747, 91.71839333624986, 88.73208550057123, 90.97916652073293, 92.17896751970893, 90.76089564349833, 92.59248576117362, 92.22167868307477, 91.73964490324526, 87.78744964934668, 85.75240520690657, 85.8926009680988, 86.86718206843275, 88.78831951100364, 88.34556728824963, 89.10652897814506, 84.18839048711607, 84.18839048711607
96.95, 92.72741980779557, 93.49279424997869, 94.46710871893144, 94.81009277146751, 95.16658945188189, 95.24006691444195, 93.18202082024827, 89.4954605773072, 88.36342028109075, 88.3985311310748, 88.69979798231842, 88.06792946047307, 86.28426488786283, 85.24941200146776, 84.75618479052292, 85.88922846168357, 85.05146017859173, 85.8824837720108, 86.61464576087249, 88.03869418851966, 86.16645933451319, 85.82486939312408, 86.85706479403437, 87.39605896553701, 87.39605896553701
95.32, 92.08696458398809, 92.86982916943232, 93.29213421344231, 93.64699878814625, 94.92065068794815, 95.0526588285163, 94.8256506196622, 95.18010820388982, 94.52590580583441, 92.90146553926276, 84.17834927434514, 85.00796617836136, 85.81502052580596, 87.39180188473028, 87.42294721365651, 85.24165404625914, 86.29837471374337, 87.8867604979745, 87.8192353267772, 87.46408730069959, 89.37114334238399, 85.82486939312408, 84.98406826740512, 86.23444881822103, 86.23444881822103
95.81, 97.10978658299274, 97.17087800948545, 93.99062999968234, 91.13166021501469, 91.96731845792078, 90.35596442931259, 87.01736190826297, 87.08974661710899, 87.3710367288065, 85.67588852209451, 84.17834927434514, 85.00796617836136, 85.81502052580596, 84.31369739456835, 84.75618479052292, 85.88922846168357, 86.10873252556819, 85.55802739847404, 85.8926009680988, 84.73326827916155, 85.22230275001981, 85.7906976011189, 86.58942830606067, 86.66385537817636, 86.66385537817636
96.12, 93.91621287069125, 96.3273226302669, 94.36068342776457, 92.95025839630989, 91.95695870478126, 90.72048696519678, 88.29791531072098, 85.8389732246927, 85.25911298499855, 85.67588852209451, 86.59344484776952, 86.89977697987649, 85.19820977817834, 84.31369739456835, 85.92625324072422, 85.88922846168357, 85.3289168581902, 85.63485496890964, 85.8926009680988, 86.05179318521103, 85.27545091922393, 85.82486939312408, 85.056435507637, 86.96728074489356, 86.96728074489356
96.41, 92.90236705647725, 90.86467965793831, 86.99593376043406, 86.18255101949785, 84.10957757803895, 85.48961899980043, 85.4829156262004, 86.85586253861887, 88.00766209140149, 87.76979415325302, 85.50791406223972, 85.00796617836136, 85.81502052580596, 86.53887782053148, 84.75618479052292, 85.37321219381967, 84.50371598688248, 86.65247533172226, 86.33967348927533, 87.02156782214541, 87.11607468602705, 86.69711479046649, 87.81720259066917, 84.18839048711607, 84.18839048711607
94.54, 93.85577262212291, 93.61014956699776, 93.90965774915895, 91.77505177709145, 92.19698859575276, 91.81865152643894, 85.4829156262004, 85.1509069078206, 85.25911298499855, 85.67588852209451, 85.34140930555625, 85.56464087241686, 85.5309622556099, 84.31369739456835, 84.75618479052292, 85.28107682968356, 86.71550235040165, 88.12047183794859, 85.8926009680988, 86.88077340128865, 87.77232818532308, 88.18047347349653, 86.56273733845424, 84.18839048711607, 84.18839048711607
96.68, 93.88765011758544, 95.77476585306215, 96.18575402769315, 96.97346764190125, 92.75561686489942, 93.21302582580671, 89.85125261694947, 92.12027589411224, 90.96983157709852, 89.58430898054789, 91.37168733642096, 92.37636313289579, 92.80396211424049, 89.56416176321348, 89.2181095893302, 86.28952255672051, 87.40148485392403, 89.20570127526643, 86.44206376366606, 87.46669311889121, 88.33821051304713, 87.93520402630254, 87.94844943519199, 85.11510963167939, 85.11510963167939
96.09, 97.6649782209701, 96.93275892728468, 95.84734906388508, 95.49565514485504, 94.951090526718, 93.69569740828459, 94.18796304488846, 95.83746578272063, 96.80415775307434, 97.79694865988273, 97.0595597864478, 96.38479433623047, 91.06110665156052, 92.65401384473789, 93.77110135684721, 92.23760943932781, 92.13225636030134, 93.31720400745697, 93.79766390602275, 89.97405031124734, 90.82872583656452, 89.32359480186355, 90.44908562733102, 91.53718788971068, 91.53718788971068
95.14, 95.16710941611659, 96.67299232620577, 95.4679716825812, 92.0582923928609, 93.50084683108156, 87.1819847503384, 86.37088525657254, 86.13887350881298, 85.79987293633046, 86.14987545787369, 88.17636226072766, 85.00796617836136, 85.81502052580596, 86.75469796188365, 84.75618479052292, 85.88922846168357, 84.50371598688248, 85.35302927847552, 85.8926009680988, 86.72431268961572, 86.59940361594843, 85.67560153487427, 87.0160404447036, 87.98568847793908, 87.98568847793908
96.05, 93.82418053152004, 94.66670544953585, 88.91607173421313, 88.35176928287775, 86.99948474559407, 87.59353818671856, 85.11016942620311, 86.824844814733, 85.72454694510161, 86.75199521700647, 88.65398842662819, 88.6872542935013, 85.45231237473361, 87.16374239691912, 86.71280606324805, 87.40112151209351, 89.04777527832991, 87.0053830562423, 86.1122970118942, 85.07097236991241, 86.75107510710485, 85.82486939312408, 84.98406826740512, 85.18277692330568, 85.18277692330568
96.12, 92.64814733272797, 86.14278647906836, 85.07524217101152, 85.25147394837903, 85.02290258173977, 85.25950711762877, 85.4829156262004, 85.2288700052559, 86.02505351832734, 86.09466443919467, 87.66768547175512, 86.58021893032397, 86.1776351840003, 87.17981889236339, 86.70659367382335, 87.21240044646031, 85.20975192893802, 85.17107383121832, 85.8926009680988, 86.74312765733772, 84.32939815556858, 85.82486939312408, 84.98406826740512, 87.3931897926218, 87.3931897926218
96.19, 97.63820892727131, 91.93508169518172, 90.75329314747465, 91.47210520414579, 93.06400710496308, 91.13866178523013, 90.9915968433877, 93.45830416900434, 91.87997627609575, 88.10916689685054, 90.04767639504216, 90.82801864295766, 89.92874569072596, 90.795808113324, 92.66050289378646, 91.91323072055425, 92.38086418748993, 93.07056383476133, 93.02258518846497, 94.25057137128483, 95.97500661334051, 94.2937905153149, 90.90248527296377, 91.51473714961317, 91.51473714961317
96.48, 94.22013143103709, 84.18163231585689, 85.68112224577713, 85.25147394837903, 85.64629062420398, 85.94527101325816, 86.51566433696404, 88.20279031866784, 87.24299756114526, 85.67588852209451, 87.57221505554445, 86.89456796472813, 85.11801980625579, 84.31369739456835, 84.75618479052292, 85.88922846168357, 84.50371598688248, 85.0927016704496, 85.8926009680988, 87.21410920365547, 86.31743654566431, 85.20474547687054, 84.98406826740512, 84.18839048711607, 84.18839048711607
96.38, 91.98335645700008, 91.15812307909155, 86.04463966419618, 85.25147394837903, 85.09872617477777, 85.48961899980043, 85.4829156262004, 87.61387553911784, 86.71991964182209, 85.84774955696324, 86.84607158467276, 87.81682409342797, 87.98739184139197, 88.58139771920715, 88.43209936563706, 85.62804040780965, 84.50371598688248, 86.44081582445965, 85.8926009680988, 86.2141427080804, 85.320422751465, 85.82486939312408, 84.98406826740512, 85.49702269477298, 85.49702269477298
96.64, 98.29220229866338, 99.8576675809617, 98.99489986457554, 96.85855551421777, 97.31704385917524, 97.81400670061853, 98.87160515865402, 100.79973465368559, 101.84873454987603, 101.95880280880887, 103.3546418732551, 103.4016388853751, 102.2932913745043, 101.71609237732565, 103.28995579394577, 103.07680665252416, 103.93884113636928, 104.43434150761483, 103.44275945118478, 104.19714080542505, 106.65393292726382, 105.9188197797972, 103.8716164297019, 101.63408658875566, 101.63408658875566
95.89, 95.0515223737413, 94.8523955976782, 94.19490451042098, 94.28066071348707, 92.2779254304575, 90.86563363331743, 91.24514631957287, 90.84811433822492, 90.90338096032028, 91.4352758625846, 89.39452448931652, 86.31524000070917, 87.16992852586574, 86.181000626855, 85.74341951766131, 85.88922846168357, 85.92231321526127, 86.1240846775325, 85.8926009680988, 84.73326827916155, 84.32939815556858, 85.82486939312408, 86.01600868830505, 84.18839048711607, 84.18839048711607
96.08, 96.71227973545697, 93.85426565872282, 89.7071839000445, 87.67362724904692, 89.8031846198067, 91.00273594322324, 89.74722563518296, 91.6785232501917, 91.82291903978154, 86.5050097822087, 88.32350793871933, 86.1127359148518, 85.81502052580596, 85.79613603011117, 84.75618479052292, 85.88922846168357, 87.10691535608443, 87.19234717981806, 87.03734766458136, 87.22854067847678, 87.88644830866966, 87.52130132922025, 85.53447931071656, 87.24285643224653, 87.24285643224653
96.22, 97.57408382696319, 97.44570196607964, 97.75817667739794, 94.2242285034682, 91.73794192947176, 88.9394244980515, 88.94482052478725, 88.41196528386745, 85.25911298499855, 85.67588852209451, 87.38186797864509, 86.35862814172746, 85.81502052580596, 87.43697536312317, 88.41684343665001, 86.14299179963012, 87.64334294959657, 88.7931649108424, 85.8926009680988, 86.01000118335286, 84.32939815556858, 85.82486939312408, 87.37590677706444, 87.14622541511086, 87.14622541511086
96.04, 96.86056814312239, 94.24326718658516, 93.29375974114978, 89.97705907898023, 90.97533079974231, 90.14604019005766, 90.17244310148331, 88.9243565885869, 89.0500150768283, 85.09202123366111, 86.54428335781807, 87.05595152180832, 86.29316956868088, 87.05646068534686, 87.91648909749857, 85.88922846168357, 84.50371598688248, 85.2095633090486, 85.8926009680988, 85.65946863090899, 84.32939815556858, 85.82486939312408, 86.44763587970675, 84.18839048711607, 84.18839048711607
95.47, 92.50458582639604, 92.85783576064222, 91.60383703559374, 92.40595866570669, 94.41330995063389, 94.71035682624233, 94.0877074899824, 93.06315738169734, 90.45968193382407, 88.79706460623795, 90.96959107803235, 88.61966716927806, 88.64173916551854, 87.42829327645191, 87.00207901978818, 85.5923895290994, 87.56892335433021, 88.14290912678173, 86.21022406001642, 85.13187795354987, 87.34087890567807, 85.82486939312408, 84.98406826740512, 86.20968705056733, 86.20968705056733
95.18, 95.24162723849527, 96.76944092538236, 93.46004793683373, 92.90822572695403, 91.48528460163, 92.10625162532766, 91.71318621115068, 93.81381636167184, 87.21742408775937, 85.34309341746425, 85.38225320771036, 85.92971308611301, 85.21336782833511, 85.29778756840409, 85.51850845914633, 86.10185113386417, 85.8740751665661, 86.3046034380993, 86.10678284099293, 86.49351873599942, 84.32939815556858, 85.82486939312408, 85.40621613327994, 84.18839048711607, 84.18839048711607
96.95, 98.02312273250239, 98.5462533193289, 96.01282665425724, 92.61742984316683, 94.5838337403647, 93.14137293310807, 89.96262160541481, 89.57175812376374, 86.88502425489932, 85.67588852209451, 87.60861729746068, 88.27615590957609, 88.59777845717784, 90.56899874173854, 90.570173868312, 87.3052304538491, 86.51468058204009, 87.88144123992092, 85.03965228392825, 84.73326827916155, 86.32941213926814, 85.82486939312408, 84.98406826740512, 84.18839048711607, 84.18839048711607
96.3, 95.38153992534747, 96.27617779064732, 96.21393072295983, 92.50319290116708, 92.90162664548664, 93.87520084709347, 93.49387825269493, 90.20809924380936, 88.02213481496675, 88.24076448973055, 89.6067006372719, 90.56101431327137, 88.52571018650818, 90.20446320229283, 91.75839717727668, 90.56329793539686, 92.10243216521692, 93.63365303525178, 92.91242770856591, 88.6301111291011, 89.6182252459515, 87.13299530701975, 86.2461603604151, 87.15371192403073, 87.15371192403073
96.09, 96.18998783954841, 97.26493518471298, 96.41454622399952, 96.05822138028273, 97.59687865978152, 95.94418882071191, 96.65161314129695, 90.3624031218428, 89.34471864572792, 90.25288125887329, 88.40478040114189, 89.98161363001032, 90.53743581308842, 86.35467677533822, 84.75618479052292, 85.18021264580872, 85.76574440882534, 86.41413189888682, 86.69491330002798, 84.73326827916155, 84.32939815556858, 85.82486939312408, 87.09945269581802, 88.7111425384323, 88.7111425384323
95.7, 96.0826311276711, 92.60935526732975, 90.8223295823482, 90.58807765680355, 87.64539320981667, 88.37816675860572, 85.4829156262004, 86.80826852946133, 87.4929950045608, 86.33703217456616, 87.2021283750152, 87.219707154511, 87.1712153693914, 88.8911020156908, 89.22330070723396, 85.49946963537367, 84.50371598688248, 86.10173848621005, 86.36575890022742, 86.14679803999165, 84.32939815556858, 85.82486939312408, 84.98406826740512, 86.07782160416532, 86.07782160416532
97.37, 92.68023303933808, 94.60755243954368, 94.14600820609611, 94.40871500919343, 94.87769746624726, 90.52062635498596, 90.93776667659138, 92.43662139147074, 91.06187810794019, 89.45977595349432, 90.33549955719016, 91.10500732417482, 91.57077196211725, 90.9575881537326, 85.75717221407784, 85.72364069141932, 86.88970568370982, 87.84850011201404, 85.8926009680988, 85.64796306605521, 86.70777379749543, 86.50126685050795, 87.27134436320547, 87.82210814107334, 87.82210814107334
95.39, 95.74108497260956, 97.27137205313285, 97.46666299240991, 97.76977459425525, 99.2377231248058, 98.24071680867341, 96.16028203892031, 97.98909387510827, 97.66714308316173, 96.19606868111096, 91.27099369041262, 90.27384719652633, 87.38792826883059, 87.7334928149308, 87.61322229013224, 87.46860451137684, 85.33503338204649, 84.52382558249198, 85.8926009680988, 87.85397596646852, 88.74064024348989, 87.65351743322081, 84.98406826740512, 84.18839048711607, 84.18839048711607
95.54, 92.27530334088998, 92.16320175058974, 90.26545095815747, 89.74135701113012, 91.02991884074434, 90.39606055770707, 88.42765252810638, 87.63715501941049, 85.94252608571654, 86.31876618582648, 84.17834927434514, 85.00796617836136, 85.81502052580596, 86.71297830910774, 87.45762781751992, 87.03453589735435, 85.88741639899416, 84.52382558249198, 85.8926009680988, 86.45961235598465, 86.5429337299181, 85.82486939312408, 86.53633515039975, 87.87597938686636, 87.87597938686636
96.3, 97.65364710658173, 98.54256200641181, 94.29239792166855, 91.67622886381056, 93.36764716988041, 92.65733975724112, 87.80019057767944, 90.06714433325433, 89.11049665644084, 88.2144505037216, 89.98761856935175, 88.4024269232611, 85.54944588368608, 84.31369739456835, 86.17941178030142, 85.88922846168357, 84.50371598688248, 85.26138551513942, 85.39931684001712, 84.73326827916155, 86.23499062347511, 85.82486939312408, 85.51441215128506, 85.94706780621796, 85.94706780621796
96.25, 93.62225938756013, 93.40678116214752, 89.94118863010608, 89.28639667587325, 88.91230031029784, 86.63126908996499, 86.11726221412768, 85.1484484416378, 85.25911298499855, 85.20509299663416, 86.3093782519976, 86.92509002430258, 85.37970643681767, 86.90379622675772, 85.95145158867757, 85.88057521920702, 86.70193769098206, 86.87704679103408, 87.02046316452915, 86.66795518720457, 84.32939815556858, 85.82486939312408, 86.22214344193186, 87.28121084739118, 87.28121084739118
95.77, 92.49573130112748, 91.96551230091963, 89.2162535038517, 89.1563643460812, 84.10957757803895, 85.48961899980043, 85.4829156262004, 86.1958268116353, 85.96608734547345, 86.75709782726233, 84.17834927434514, 85.00796617836136, 85.28104534354323, 86.07713289488402, 85.29120593002295, 85.88922846168357, 84.50371598688248, 84.52382558249198, 85.8926009680988, 86.64946566859659, 87.34279032751165, 85.82486939312408, 84.98406826740512, 84.18839048711607, 84.18839048711607
95.09, 95.37282891760205, 96.93058813517747, 97.78249854591868, 95.26981004904893, 96.06564085195271, 95.18029513830349, 94.18689518611221, 93.87775400631907, 94.49193891838118, 94.4733967451815, 94.19755052145278, 94.46113871067419, 93.39102463200403, 94.45129475504856, 94.73804217548098, 94.97658603379296, 95.77789281587314, 93.56215818695962, 93.43646452366958, 92.31581946039819, 92.41251932023052, 86.01576248486799, 87.0360369561045, 89.4171667725797, 89.4171667725797
96.1, 97.52271211667377, 95.9223903755391, 95.36029864997451, 93.45178663751771, 95.30728048903451, 95.24031154389192, 95.06933102989215, 92.05726063943675, 89.45571971246187, 85.67588852209451, 87.3551491040932, 86.73587969425516, 85.81502052580596, 84.31369739456835, 84.75618479052292, 85.88922846168357, 86.43600767179979, 86.38324414253, 85.8926009680988, 84.73326827916155, 85.6178531978385, 85.82486939312408, 87.29338920566441, 87.69537963419373, 87.69537963419373
96.32, 95.9200456353681, 96.48092461772563, 97.17550036642992, 96.78154661584492, 98.66674706335016, 97.93892234159036, 98.2483898542, 97.49478383538764, 94.16120324700209, 88.84113527043513, 90.53970795965103, 92.11099555017023, 85.81502052580596, 84.31369739456835, 84.75618479052292, 85.88922846168357, 87.66205390610564, 86.41727847367602, 86.55501972891872, 86.37484823943855, 88.66330817430632, 88.9823112039721, 88.63385425366796, 87.60472141454048, 87.60472141454048
96.14, 96.83167439298977, 97.05173718073792, 96.93798619225471, 96.94663036088073, 97.79086955350814, 97.05594586435011, 97.00256880819067, 98.19784903796695, 97.39026834450551, 96.20581290251516, 93.29561824990928, 91.15141680246828, 87.53395638096539, 87.71359090500115, 84.75618479052292, 85.88922846168357, 86.30132497470322, 87.92849972380088, 88.50173578806348, 88.89216631980051, 86.71146949216802, 85.87520479250547, 86.26486817586533, 85.44791282738254, 85.44791282738254
94.86, 93.12454332417823, 95.29745821337991, 95.34741884661724, 96.68921610944403, 98.86085818669446, 97.8950992142295, 97.16422146661644, 95.49126465366803, 95.52724577240754, 96.09351273008416, 96.55066723908271, 97.15339858325042, 95.07550039369042, 97.0082170579758, 92.32852241548217, 91.24140747716993, 87.44908573561362, 89.11075430089204, 88.71369923294097, 88.46909819491403, 86.17660077354668, 86.29627805057942, 86.54710092526625, 84.18839048711607, 84.18839048711607
97.21, 98.68511409774786, 100.24115325198754, 101.10733554209307, 99.26844591744539, 100.96494259146051, 99.99469111730686, 97.38139983343802, 99.05296842137736, 98.03405138779199, 97.86114048277732, 99.95777132391949, 100.23699493962116, 96.39401880557486, 91.45671750356973, 87.4408900563403, 87.22541515108935, 84.50371598688248, 84.52382558249198, 85.8926009680988, 85.94681572821506, 86.87079176832728, 86.87112336431325, 84.98406826740512, 86.17484276423698, 86.17484276423698
95.87, 93.98445065873939, 94.874192569367, 93.60128620136274, 93.29077734005033, 94.75315379107641, 91.75899325475362, 91.4592998282147, 89.66982787878688, 90.74662485697087, 89.5620459755311, 90.55803400221582, 90.21778030503724, 90.07440839296109, 90.57266372769054, 90.79777280846565, 89.022304826638, 87.5043091784219, 88.02478367046889, 86.38112744450152, 86.51836488256679, 85.97519840545691, 85.82486939312408, 85.89664175109858, 87.52255186556302, 87.52255186556302
95.76, 95.91014445568675, 91.17499072721894, 87.31552742032716, 86.01416343902982, 87.03316959715515, 86.88568693075374, 85.83094931375777, 86.2479413754466, 85.25911298499855, 85.67588852209451, 84.17834927434514, 85.03980631308599, 85.42586477456959, 84.31369739456835, 85.02532713943309, 85.88922846168357, 84.50371598688248, 84.52382558249198, 85.8926009680988, 84.73326827916155, 86.03274945639272, 85.82486939312408, 84.98406826740512, 87.17728474507187, 87.17728474507187
95.51, 96.27504044235201, 94.76823138361763, 91.40493244597255, 89.28459077690728, 90.82674338147567, 88.91653177716638, 86.58009351935833, 84.10845337987462, 85.03767536908023, 85.67588852209451, 86.5065223293745, 86.38762111660978, 85.81502052580596, 86.25013621773003, 87.23348332807336, 87.22573574774121, 88.49988574062354, 88.51133757976089, 86.49103560837999, 84.73326827916155, 84.32939815556858, 85.82486939312408, 85.63021594763818, 85.75057145437205, 85.75057145437205
95.91, 94.13054333603587, 93.70235376075357, 90.56424921700395, 90.60194428280515, 91.2257262999523, 88.69530457241092, 88.62570179576946, 88.34660322946151, 85.25911298499855, 85.67588852209451, 84.17834927434514, 85.00796617836136, 85.30254589728942, 85.8886509168595, 87.17643363166646, 87.1035329964215, 87.49599011161379, 87.31385081161845, 85.8926009680988, 84.73326827916155, 84.32939815556858, 85.82486939312408, 84.98406826740512, 84.18839048711607, 84.18839048711607
95.79, 96.78382137141995, 98.13913097488873, 96.74623957283558, 97.27643066495317, 95.88795251079421, 95.96092016309511, 96.27860311373456, 96.77969411992481, 90.74240130795165, 88.62311183066191, 91.03689164075001, 88.83161024677754, 85.4506378179866, 84.31369739456835, 84.75618479052292, 85.88922846168357, 87.09742038208974, 88.75466020478278, 85.8926009680988, 84.73326827916155, 85.65216011524976, 85.15881361722245, 85.99643005179834, 84.18839048711607, 84.18839048711607
96.91, 97.65182088893752, 99.14381963232559, 99.17183885069615, 100.24680476076286, 101.32631083815465, 100.83556409443526, 101.44825697535141, 99.77955364013278, 98.68447594362394, 95.0273197705108, 95.23593667523814, 92.20754633061885, 92.25595972098903, 92.32745845970528, 90.27271817281488, 90.75735275942144, 92.10574762991563, 91.91061287691322, 89.1537611199795, 85.78436005746612, 87.08397462896166, 85.43344252685095, 84.98406826740512, 86.35566836354724, 86.35566836354724
96.52, 96.08115098628447, 98.223849314172, 96.88039592958951, 94.81550329801954, 97.03684101855387, 88.39385008639279, 87.34162286949613, 88.12457993552131, 89.14006967814882, 86.68364370134026, 87.79157384979682, 86.68036506649993, 85.65541092092232, 86.62922625931152, 84.75618479052292, 85.88922846168357, 85.62640499148462, 84.52382558249198, 85.8926009680988, 85.0747555213687, 84.32939815556858, 85.82486939312408, 86.12285378082241, 88.0934044769741, 88.0934044769741
95.85, 95.28289827168311, 95.36527533491378, 94.50376196041793, 93.52914194892956, 95.08860549362845, 94.55140854189608, 94.60732307244949, 96.16308980582644, 94.4828522716169, 93.35351947011198, 93.7654879354019, 92.2588359882366, 91.64882555960556, 91.52491574193456, 89.25099036752002, 87.97848060469973, 87.42725153961506, 86.93583743130058, 86.46767540103676, 87.45871121569385, 88.70588007088162, 87.81721455232548, 87.7126535802108, 87.53540515227208, 87.53540515227208
96.73, 95.66523024073102, 91.24798311581816, 91.14877220187584, 85.56721368715199, 88.06242646884223, 88.19363920799412, 85.4829156262004, 86.71527173588473, 85.25911298499855, 85.67588852209451, 84.17834927434514, 85.00796617836136, 85.81502052580596, 84.31369739456835, 85.23177816326175, 85.0663418960848, 85.22420620101425, 86.33980687372214, 85.87107411045794, 86.48636567148033, 86.12493423867102, 85.82486939312408, 86.21672547068415, 85.14996511859917, 85.14996511859917
96.82, 98.42392718444044, 94.5344536929725, 94.38253580658893, 94.51063732077834, 95.88982602269826, 94.5593031375971, 89.53451301360055, 90.92837197866619, 90.71736566801502, 88.29710021718911, 85.37974354462285, 85.1964861548914, 85.81502052580596, 86.06690820091653, 84.75618479052292, 85.88922846168357, 84.50371598688248, 84.52382558249198, 85.8926009680988, 86.99416109526658, 86.86258236934786, 86.83911736056389, 88.39759891512551, 88.87822797942579, 88.87822797942579
95.5, 93.81319552040607, 94.05690231401339, 92.4406542051012, 91.06400007877856, 92.5312442934566, 90.68283201913812, 87.2253407954271, 89.5972399565253, 90.40543333011645, 89.52585379976259, 91.00013172982658, 86.93043032672794, 85.81502052580596, 85.5372217943117, 86.26466779296115, 87.02893312347717, 88.12646776626275, 88.74344199922983, 88.55626082001172, 89.80722534359319, 89.23852915586262, 86.83285123063753, 84.98406826740512, 86.43539748901928, 86.43539748901928
95.5, 92.63612102301737, 93.71210576773605, 91.88836849239465, 92.3127814001511, 94.03805948573053, 94.80924045122725, 91.22696252924082, 91.33995967842202, 90.21034772388418, 88.84721495634778, 90.54996934170791, 89.13167714605017, 89.55370075881764, 88.74058023824976, 86.287304888657, 85.88922846168357, 87.45514363813489, 85.15899003106195, 85.70014714084579, 86.13644125772493, 85.32835763574788, 85.82486939312408, 85.50452370560835, 87.03348230594152, 87.03348230594152
95.52, 96.80888338366785, 96.74687889884437, 97.10121223184711, 96.12176768644073, 95.33476833871254, 94.46287964131673, 95.25219009419277, 95.28488011712211, 90.82141182972265, 87.80822395267866, 90.03318445258533, 91.32817234603051, 88.74521559777195, 89.47324111153651, 89.42954765258044, 86.5026016918405, 86.99406577994043, 84.52382558249198, 85.8926009680988, 84.73326827916155, 85.62288526077597, 85.89973185487995, 85.89949549019556, 86.50920184872642, 86.50920184872642
96.74, 98.25136318866137, 96.32280066764591, 96.65001481026187, 96.30803971783212, 98.0740112991237, 98.01817635833872, 97.00494644430742, 96.24675424800517, 96.99037264603301, 90.2393009408032, 91.42298231110364, 92.2618343694468, 92.57576398620004, 93.15591681162363, 92.89029492955952, 93.26348684318603, 92.59020640513548, 93.13793622915891, 93.87239426564526, 94.30972650766986, 94.7591608631529, 90.86392078218952, 90.95774585141494, 85.34966990788145, 85.34966990788145
95.66, 95.50464090259986, 96.7750189550624, 91.94673781408001, 89.95504619611634, 91.53043048295265, 91.37780387430304, 89.74992586223567, 91.4660052968587, 92.76417939580963, 91.29055288770424, 91.67793189113755, 88.51879883079528, 87.16459086200794, 86.86165197550831, 85.71710621328927, 85.88922846168357, 86.66313095560723, 84.52382558249198, 85.11621560553446, 86.83623352286263, 86.9396081870365, 86.28473586612844, 84.98406826740512, 85.53515859777394, 85.53515859777394
95.2, 95.48898982501976, 95.96680271594585, 94.82102059350042, 92.01954191783781, 93.41788711015059, 89.48296083238279, 89.09804900899324, 90.31396837548799, 90.9435965212516, 89.72464257333645, 89.31824173442931, 86.76397243964766, 85.81502052580596, 88.11231469798891, 88.60741068588717, 87.555981507649, 86.18380356919288, 86.73256632094082, 85.8926009680988, 86.84938501844292, 87.48370779189253, 85.82486939312408, 86.8446866170029, 84.18839048711607, 84.18839048711607
96.46, 95.53225251213739, 97.748666082045, 91.19346622060439, 91.91760526674204, 94.48479458731191, 91.44934830643518, 90.97954193061507, 92.52688288340589, 92.65205631320185, 92.57140697492332, 93.63434082757693, 93.54516405500215, 92.99305959994885, 95.12407008617024, 90.6187068151532, 90.78415075868836, 91.9110179469431, 89.59731738514732, 89.89324623343305, 88.22308627531363, 88.77870635417561, 88.35331415263133, 88.6904164753867, 86.45899048553564, 86.45899048553564
96.54, 97.94725420131118, 99.07723516599918, 99.60503203488504, 97.79279933399407, 99.65489862684458, 99.399836807504, 99.3033016135401, 101.375307061932, 101.44085742374727, 101.79838878617682, 102.76928452865121, 103.48484742170112, 102.87572509455448, 103.30206496709567, 103.9292464454908, 102.81661167667244, 103.53349175928878, 105.06517964097701, 102.52123809466065, 102.79535149232578, 101.76736472373535, 101.22874653550424, 98.83995815800385, 96.78284757788016, 96.78284757788016
96.58, 97.45265572773535, 97.99111304192843, 97.07884680302969, 97.02450939181075, 97.20059443140754, 94.10590223726658, 90.57432484514942, 92.23564739128807, 92.79195173659758, 91.68429991506537, 89.7880991735359, 87.9264642588105, 86.46626137724911, 88.07756751447464, 84.75618479052292, 85.88922846168357, 85.16239399808138, 84.52382558249198, 85.8926009680988, 84.73326827916155, 84.32939815556858, 85.82486939312408, 84.98406826740512, 87.15820296224415, 87.15820296224415
95.29, 95.8643354740583, 96.68433445230659, 95.677792522575, 96.32118947861646, 96.18870519248806, 94.96423326810829, 93.14919263924264, 90.82069592279456, 89.62150549670744, 89.8880053253349, 91.30563650878318, 91.63046227724743, 91.77302852636436, 94.0343478786814, 93.52579573137447, 92.81452056992066, 94.16616384693863, 95.67031721165625, 92.48093105311074, 93.35233629350078, 94.99114054650559, 93.44917615416007, 92.32441615244569, 94.38215553486539, 94.38215553486539
95.49, 92.09080571541156, 91.29159264316597, 87.57203094260458, 85.25147394837903, 86.88586384187886, 87.37871842723875, 86.06603093174238, 85.51501163227339, 85.25911298499855, 85.67588852209451, 87.0436476603919, 85.84709063661836, 85.81502052580596, 85.05715513218011, 84.75618479052292, 85.16933483786832, 84.50371598688248, 84.52382558249198, 85.8926009680988, 85.25859696229196, 86.46273830917367, 85.22909511908085, 86.0232336126036, 86.98068290540553, 86.98068290540553
95.72, 85.0, 84.18163231585689, 85.68112224577713, 86.22885880464129, 84.10957757803895, 85.48961899980043, 85.28021648233299, 87.06148562405295, 87.70212492909488, 86.94438294232866, 85.74193665926018, 86.83290585562234, 87.45435870848524, 88.47442353047768, 87.3089967349922, 85.88922846168357, 85.29522364384746, 87.35778677304761, 86.13120424951327, 87.13926869494223, 87.82185189313809, 86.44981444727513, 87.61905119605647, 84.18839048711607, 84.18839048711607
95.5, 96.35281741478019, 96.35498586696602, 96.781942996857, 96.29870581626236, 96.89175828850728, 96.11351980761478, 92.49556104369006, 92.95369110063639, 92.81616893092388, 91.89055460285846, 93.98218942274792, 88.57715242230128, 89.35136655749527, 84.31369739456835, 85.87295274583528, 85.88922846168357, 87.40609473735886, 88.60389511110783, 87.67126306572428, 85.09172023315558, 86.72622573412552, 85.60077467502826, 84.98406826740512, 84.18839048711607, 84.18839048711607
96.32, 87.64582944662521, 88.26359503589599, 86.94979037052924, 86.07939253961716, 85.23315251245282, 85.48961899980043, 85.4829156262004, 87.7891943197659, 87.16174035459905, 87.47386084077836, 87.58517384043479, 87.06804023319093, 86.69024184366604, 84.31369739456835, 84.75618479052292, 85.88922846168357, 85.39461392362192, 87.36789471030248, 87.40513292837963, 86.2566524872988, 87.12478833352334, 87.06937554303848, 84.98406826740512, 86.21779682868959, 86.21779682868959
96.15, 94.06871512227974, 93.8534266300075, 91.67036923461248, 91.36509518014155, 92.57499991213159, 90.8604716253098, 88.83287850195353, 85.57152647744093, 85.25911298499855, 85.67588852209451, 86.45492566233695, 87.15275247838888, 85.81502052580596, 87.89644793203804, 85.83427323138966, 85.01843628269259, 86.71603914697553, 85.90570917324715, 85.8926009680988, 86.39371647684153, 87.84655410512359, 85.82486939312408, 86.65915174056566, 86.46298111298006, 86.46298111298006
96.8, 97.55783301490715, 97.40422302870661, 96.00067698138126, 95.50508743879995, 97.20519200754981, 97.09808863993717, 92.08336862357136, 93.45465777481279, 89.15645956793531, 86.68211809280527, 87.61399237457941, 85.00796617836136, 85.81502052580596, 86.28074289260441, 84.75618479052292, 85.88922846168357, 87.61675620146451, 88.11061504781108, 88.3300319110007, 84.73326827916155, 84.32939815556858, 85.82486939312408, 86.60318945212094, 88.44446954833913, 88.44446954833913
95.01, 95.0179630746765, 94.97068847762105, 89.54340962544407, 88.80191134545639, 88.04029623351538, 85.48961899980043, 85.4829156262004, 84.10845337987462, 85.25911298499855, 85.67588852209451, 86.43687398598222, 86.10203388588361, 85.81502052580596, 87.73572093878431, 88.56286264681282, 87.82771069978573, 87.80101905775476, 88.67941782347705, 89.33577515993402, 89.85139796669229, 92.06830290953991, 91.31863049374947, 90.59137037691768, 91.82216935132101, 91.82216935132101
96.03, 95.38955452554826, 94.68672273288648, 93.19694586908267, 93.77832113916084, 95.14006760180173, 93.09502288050852, 88.41318146438515, 89.18222116541088, 86.71489098672404, 85.67588852209451, 84.17834927434514, 85.00796617836136, 85.81502052580596, 86.8421128133947, 87.21537113210177, 85.88922846168357, 87.35199982865814, 86.00929027619192, 85.59166918496793, 85.58705072485606, 87.730177132892, 87.8246177812396, 86.5727595045356, 86.91310481547477, 86.91310481547477
95.38, 95.3017020806789, 94.67377299964559, 95.41481416779241, 94.2584533204832, 90.19749950718271, 86.57981433598604, 85.4829156262004, 85.67907749643567, 85.25911298499855, 85.67588852209451, 86.04872115203055, 85.00796617836136, 85.81502052580596, 84.31369739456835, 84.75618479052292, 85.88922846168357, 87.00303434331195, 84.52382558249198, 85.8926009680988, 87.8198382525164, 86.55670270147738, 86.3040922200115, 84.98406826740512, 84.18839048711607, 84.18839048711607
95.8, 96.27851137343588, 97.57230781653674, 97.17025054079946, 98.32309195346187, 97.84998927915473, 97.30389405002039, 95.6481632828512, 97.95817242375189, 92.76865763248566, 92.74868873679321, 94.21726038616909, 92.41924999359662, 90.52867845295023, 92.46613768363197, 91.08149501057967, 91.18275988014098, 87.57661469784168, 88.47031480533104, 87.55708901069106, 89.23772812134787, 87.9369304918944, 85.25460885854456, 84.98406826740512, 84.18839048711607, 84.18839048711607
97.16, 95.03376778180257, 92.495139831269, 92.85803577444665, 92.80157554859342, 95.17751029011548, 94.516581932394, 95.79501078188828, 96.61728646222058, 97.3681483968073, 95.06833964735118, 93.70964615389256, 95.26495518652608, 95.30637373559229, 95.8241189958, 96.88003542842308, 96.56832886967003, 97.91971091725433, 97.18254132976229, 94.31458207212245, 95.2707323034528, 97.36242324862864, 97.325867604218, 96.70810922844419, 94.6417991413514, 94.6417991413514
96.19, 97.93309989892222, 99.57375990278064, 98.64476125267097, 98.38540339996054, 95.59492049016114, 94.53271799057039, 95.08798676995913, 95.05532847406725, 95.92026921353401, 92.46833353539397, 89.64308815472903, 88.67171837523263, 85.81502052580596, 87.69657540783038, 88.24539921135472, 86.79472557006002, 85.42084264748571, 86.45565531799272, 85.8926009680988, 86.65921861085407, 87.09297249328468, 85.78093883466066, 86.38310257155818, 87.77972005075294, 87.77972005075294
95.82, 91.92285480683677, 92.93602222952946, 93.8613000148112, 93.80937135304224, 94.87418542164103, 94.53680528339636, 94.38566240721141, 95.6373102244988, 93.65315130859909, 91.48527495527364, 88.43337815658892, 89.77469299575262, 90.33937892533504, 89.53067177802035, 88.10407669828675, 86.73756471782924, 88.72284920493387, 90.45293114617962, 90.268583587102, 89.57052938853603, 86.47526274009269, 85.93104431836598, 84.98406826740512, 84.18839048711607, 84.18839048711607
96.75, 95.90854891785592, 97.6847424836869, 97.02589898294855, 95.82432847612961, 97.16649540128913, 97.0838474370092, 94.3602688561122, 96.09023273962421, 94.78569824908716, 94.21588295502661, 91.89516253477937, 86.30823959222978, 86.9423354570243, 88.79260379063736, 89.55374679002179, 89.7054134765729, 85.52890793470803, 85.5455432748736, 85.8926009680988, 84.73326827916155, 86.48972293261822, 85.82486939312408, 84.98406826740512, 84.18839048711607, 84.18839048711607
95.97, 97.40325378745939, 98.00822832929659, 98.6683202437992, 97.24559674905731, 98.20719748999063, 98.57000499726318, 98.98791034872797, 100.25638870021287, 96.62930219833332, 94.08998748590597, 92.51342020999569, 92.39124383304261, 90.93994983261445, 93.03065216373274, 91.29217358266868, 85.88922846168357, 86.55688007068909, 88.16068292599199, 86.5296507552414, 87.79546471786797, 89.37789911632105, 87.69322936599089, 89.11291406629734, 89.66300633451769, 89.66300633451769
95.76, 94.49087773518998, 94.34633587444102, 91.35004894810267, 86.2404951740651, 88.3515272797399, 89.57405237469821, 89.89777014060374, 89.52508634070539, 90.4977639333455, 91.18526232898228, 89.88593874088303, 90.28893934240638, 88.41519908354947, 88.18302498078896, 85.17605395240324, 85.88922846168357, 85.62958815096052, 86.05267288411206, 85.8926009680988, 85.7380777760376, 86.69769680692129, 85.33900059849519, 86.45224243651678, 87.31346957003073, 87.31346957003073
95.52, 96.26971188571707, 97.45622197076513, 95.33369944931394, 96.11789763016702, 98.35530656093812, 97.33962734773074, 97.78560599507757, 98.83331949109994, 99.66866069359386, 93.5144958595734, 92.49058094583732, 88.10274448401071, 88.7344201513274, 84.31369739456835, 85.05511406383935, 85.88922846168357, 86.19225358197674, 84.52382558249198, 85.8926009680988, 85.12736390224926, 84.32939815556858, 85.82486939312408, 87.08571090354226, 87.28976048139033, 87.28976048139033
96.07, 92.86470713432153, 93.36543441025266, 92.79599116573583, 90.9098099441411, 88.09165420410778, 85.48961899980043, 85.4829156262004, 84.10845337987462, 85.25911298499855, 85.67588852209451, 85.68372231171178, 85.33608455572251, 85.81502052580596, 84.31369739456835, 84.75618479052292, 85.07758685428101, 84.50371598688248, 84.52382558249198, 85.8926009680988, 86.09769581065476, 84.32939815556858, 85.82486939312408, 85.6398624717581, 86.94402917886357, 86.94402917886357
96.43, 97.44881264188135, 99.04264184036715, 94.27343126637119, 91.87760198233086, 94.25448338011986, 90.51113883259673, 89.94738281470688, 87.3906151705398, 85.89055367508695, 86.27678657740226, 87.0795061512852, 86.9137533087682, 86.19516548856012, 87.39757486201532, 87.17128416090378, 85.88922846168357, 84.50371598688248, 84.52382558249198, 85.8926009680988, 84.73326827916155, 84.32939815556858, 85.82486939312408, 86.28469146311254, 88.0648949033906, 88.0648949033906
97.31, 93.24798205739836, 90.53446945463853, 88.208802747843, 85.25147394837903, 85.15230962766486, 85.48961899980043, 85.2781174432288, 86.24463330418676, 85.25911298499855, 85.67588852209451, 86.74904380473829, 86.6690237690478, 86.74255274017244, 87.78323038140805, 86.80690491358862, 85.532879314354, 86.05126858899602, 86.34316428481246, 85.8926009680988, 86.01487367097806, 84.32939815556858, 85.82486939312408, 87.08489486566339, 85.09396487238351, 85.09396487238351
96.57, 95.15183782619793, 96.57069121300815, 96.62514893155873, 96.81100549040626, 97.71429229968753, 97.08685690753157, 95.98223449487877, 95.13140174229677, 92.23058198534568, 89.70421790846068, 90.09240179440368, 89.90356395377084, 88.05969860797977, 88.16619540163141, 88.66335744858236, 86.3436795269623, 84.50371598688248, 85.85923656135589, 85.8926009680988, 85.34734587130204, 86.37453842636764, 85.82486939312408, 84.98406826740512, 84.18839048711607, 84.18839048711607
96.56, 97.50329907880966, 99.36408486771717, 96.95845692405123, 98.05608350896915, 97.97643901629017, 98.03035215760735, 97.33692687154692, 98.20485134996825, 97.9036479865765, 94.41071964647846, 95.80235147986082, 96.73985195853079, 96.7732314679087, 98.75110360834894, 97.00379328464095, 95.45772182494454, 96.40935745254026, 92.65484068961162, 92.32316379534501, 94.03145592381524, 95.81082006175599, 95.74826721021711, 94.9472386184395, 97.06991403790937, 97.06991403790937
96.05, 94.89812125756282, 95.74117925625616, 96.19524872664041, 94.68080227414524, 96.84991007148056, 93.51997825286371, 87.59352873848056, 85.76014822289203, 85.41651232851463, 85.67588852209451, 86.63542628936588, 85.76722834563876, 85.16935538663714, 86.97263354594389, 86.49443206889063, 86.82502451377539, 88.66622970979917, 90.23625388847151, 89.05091959054957, 88.0839768124592, 89.02772308401684, 88.94991643912334, 89.39542788633892, 89.77374304591169, 89.77374304591169
95.12, 90.84160268010568, 92.61483333715498, 91.65337103099252, 90.88445031978235, 90.64456688393089, 88.69840778017539, 89.58742524542892, 91.53569595531141, 87.26378703338928, 85.56941886038831, 87.84784486127637, 87.46075547858558, 87.16967555739053, 85.73417654696453, 84.75618479052292, 85.88922846168357, 86.67492440322248, 84.52382558249198, 85.8926009680988, 84.73326827916155, 86.34768200324238, 85.82486939312408, 84.98406826740512, 85.50731361153667, 85.50731361153667
96.09, 96.16436042625162, 97.74330601204306, 96.254322889472, 97.14439862563476, 92.98235315409862, 91.39452770304246, 91.51473503599844, 93.50316395924008, 91.92719608684381, 90.50826503233021, 89.17907244323226, 86.86574897594143, 85.54324804885988, 87.59797502881507, 86.26831284942628, 85.88922846168357, 85.48846703021661, 85.87517869594019, 86.0975273567124, 85.84123323529323, 87.09369551977444, 85.16285478139649, 85.74811075074128, 84.18839048711607, 84.18839048711607
97.03, 97.88995315026924, 97.54225907693494, 92.5836835798154, 92.25903366510852, 87.43110704439424, 85.48961899980043, 85.4829156262004, 85.17859941479689, 85.69670850255268, 86.32000635238096, 88.72379728025835, 89.4536892539746, 86.58475570677719, 86.9526543411414, 88.89058467254023, 87.36560104561374, 88.79256713596551, 90.98403077286093, 87.49518026547447, 88.41145787739455, 87.95255173576714, 85.82486939312408, 84.98406826740512, 85.8024823510149, 85.8024823510149
96.18, 97.25637751070968, 98.8739092024344, 92.18668175191455, 92.61226480627526, 91.53729617137469, 91.18162773047209, 89.86648677312886, 88.20342749020165, 87.306710367834, 88.21665344636844, 89.81794792056041, 87.45588227823275, 85.89906872064043, 87.8269010114431, 84.75618479052292, 85.03698951992021, 85.29190676533956, 85.85421789776785, 85.8926009680988, 86.44865236506789, 86.63442794465483, 85.82486939312408, 87.39794086672673, 86.46696849698017, 86.46696849698017
96.83, 92.18543322752522, 92.60922827279299, 91.180593547691, 91.87790396808602, 89.93684921465325, 89.83708505785776, 90.45763274494368, 91.95818261549158, 93.18956585796055, 89.80708490786397, 91.66993920297543, 91.8145096992699, 92.48869737055107, 92.83018224046978, 93.62441590383295, 91.61891110736396, 88.47059546430934, 88.75838488791963, 85.8926009680988, 87.79170819295511, 89.56596695828858, 85.8931454425947, 85.02224609437015, 86.95598371550214, 86.95598371550214
96.58, 98.01893786683013, 96.01983339137833, 96.16576090339541, 90.22089801524253, 91.35411846323686, 89.62580018090004, 88.42659104098594, 88.23771389391536, 86.9436870027012, 86.47964512500054, 85.10807851540042, 85.00796617836136, 85.81502052580596, 86.46294796892359, 85.94939066519217, 85.88922846168357, 86.78522105817012, 86.60179466831306, 85.9974765376577, 84.73326827916155, 86.25651177002511, 85.82486939312408, 85.49573473406647, 84.18839048711607, 84.18839048711607
95.51, 92.86969578676779, 94.53635478528643, 93.37699413758742, 94.07633674041725, 93.67548049947506, 89.31868709584553, 90.44714834386684, 92.57813547108681, 93.42939377162207, 90.61823720517262, 89.32935418338765, 89.45305933771294, 90.15889784917653, 91.77511710553279, 92.47868057567504, 90.03108354141617, 91.48503655224711, 91.37389804206558, 90.14704577307731, 88.81977765045671, 89.48766067274732, 90.02301370354009, 86.7724499530324, 85.90197456538718, 85.90197456538718
95.55, 94.5702494127806, 93.90467030007606, 92.14542818339874, 89.41483211891696, 91.65903761007853, 91.32579999723168, 90.44921885970237, 92.55202217381942, 93.27999315886653, 92.87420104681834, 91.86017093427978, 85.6085484759776, 85.81502052580596, 84.31369739456835, 84.75618479052292, 85.88922846168357, 85.76371956875346, 86.4107001869736, 85.17574037898709, 86.0377586849628, 84.32939815556858, 85.82486939312408, 84.98406826740512, 85.64043311573677, 85.64043311573677
95.52, 97.19969089624547, 97.35219778627543, 93.6974787741861, 92.90473978263293, 94.21473284183747, 94.34139959625051, 91.66291251171097, 87.96172464174253, 87.34269553602296, 85.1920900858691, 86.74469413630099, 85.00796617836136, 85.81502052580596, 87.37000084529552, 87.32589369187596, 86.65804269101406, 84.50371598688248, 84.52382558249198, 85.8926009680988, 85.55541267946164, 86.47158647779008, 85.82486939312408, 86.33468319017285, 84.18839048711607, 84.18839048711607
96.4, 96.32638263533252, 96.61684298901535, 95.7538525258037, 93.38768504362783, 94.5935771178413, 94.00717213078099, 93.41781386067207, 94.44127768034029, 92.898324441642, 90.88965953062369, 92.76685189224494, 93.1580604277348, 92.77632100469917, 93.79010024180009, 94.32144217586328, 91.98915136969772, 91.70125302263014, 92.51605061292908, 90.01580870481351, 91.3792235935186, 91.95784691462791, 92.05982444800802, 90.36013256413611, 89.60753442832431, 89.60753442832431
96.34, 92.24480206834767, 92.8322339072575, 92.90978118847131, 92.74026377506532, 94.0931897861908, 94.36487057189213, 90.79751814892218, 91.12702669735614, 91.24963277071079, 89.85750305695302, 88.30479598053338, 88.41475804921093, 87.81073680726386, 89.83890939083983, 90.60855540686917, 88.16868821440335, 85.41931900881927, 85.90968773253978, 85.8926009680988, 86.10883921396604, 87.73360554228749, 88.37213428730149, 88.85518350409495, 88.54793436348167, 88.54793436348167
96.83, 95.98324527586881, 97.36979445687372, 94.0121631070643, 92.56950777838081, 94.66957856795422, 94.76608519222188, 93.93538236342037, 95.92080079886675, 95.97641687250493, 92.66518973909886, 93.39596346673835, 94.27849699282, 93.3652909467204, 88.02589103511632, 88.33147101994123, 87.27063821564074, 88.48910390883022, 86.27575376287501, 86.23238053255908, 84.73326827916155, 84.32939815556858, 85.82486939312408, 85.57533475191381, 86.46384431337634, 86.46384431337634
96.41, 94.45301141125684, 95.093624943613, 95.02579716706589, 96.46205965533785, 89.67330539632427, 85.48961899980043, 85.4829156262004, 87.30927869536008, 85.11333802781576, 86.17692630251273, 87.34325439859612, 87.68131655234443, 87.8522172325135, 88.67964340733218, 88.01048666469707, 87.83972791514027, 89.31762500270658, 89.32169042317372, 86.40244031094701, 87.47600250485468, 84.32939815556858, 85.82486939312408, 84.98406826740512, 85.49918125471737, 85.49918125471737
97.13, 96.00275081184716, 97.80743990200978, 97.88116714210331, 95.31363810456585, 97.28916896453595, 96.49357464593484, 94.78867348009604, 95.21572700995297, 93.31171741349347, 92.2281619023333, 90.18679288095308, 89.58336076482244, 87.049396435119, 85.9060920408719, 87.25338527837047, 85.47258521006353, 84.50371598688248, 84.52382558249198, 85.8926009680988, 86.85894201329424, 88.91256578657477, 85.39785039957361, 85.30307103017685, 84.18839048711607, 84.18839048711607
95.46, 96.9862811151355, 98.05861378316094, 95.22089778231295, 94.3802603914242, 96.21667540464551, 96.36336147472738, 96.40999641979025, 98.12173730467951, 97.84672093955886, 94.6286493172865, 95.1460377043075, 95.57830959172814, 93.90832043100245, 95.6641708075382, 95.83864812241032, 87.43796064024458, 87.11929523449832, 84.52382558249198, 85.8926009680988, 84.73326827916155, 86.22210441143508, 85.08832324886673, 84.98406826740512, 85.4080528150454, 85.4080528150454
97.07, 97.10877227907105, 99.19119272131294, 96.45473034278456, 96.88881861139677, 97.9847582272309, 97.37965492150838, 98.03771513031165, 98.71515708924613, 99.34727497520402, 98.97584453432883, 100.86221943799227, 98.17345504745421, 96.83146123130282, 98.09617624027938, 99.06620356030577, 94.17212585126887, 95.61421322435349, 94.75218503535078, 94.12863872376533, 95.85386497096648, 97.22841561514915, 95.47250985481138, 88.0984832054412, 88.50590286509444, 88.50590286509444
95.16, 95.15522445894347, 96.715437075759, 94.3542569691881, 94.61980975143614, 93.38280048260737, 90.79210274155986, 88.78306715480997, 89.50390409791467, 89.9189132116861, 87.33405757252986, 86.47330196704756, 85.1053625958667, 85.81502052580596, 84.31369739456835, 84.75618479052292, 85.88922846168357, 86.70873665708552, 88.1791776945413, 86.44086647337171, 87.75893619014049, 86.71716859877097, 85.07332715384588, 84.98406826740512, 86.30024125421056, 86.30024125421056
96.41, 97.20930179638613, 98.4159379431852, 90.4566453241774, 88.70597941331388, 89.93518306982023, 85.46486311210823, 85.4829156262004, 85.55352525052135, 85.25911298499855, 85.67588852209451, 85.08209660079854, 85.00796617836136, 85.81502052580596, 84.31369739456835, 85.40644280714318, 85.88922846168357, 86.27324014248455, 88.13678403409035, 88.4667122610845, 88.99858106156192, 89.83035680433333, 88.58995888390504, 86.98216079370862, 87.9424622655954, 87.9424622655954
95.64, 96.72408607805832, 97.20325475749294, 98.13976975836403, 97.04730280083011, 99.05058166974034, 97.6180760962059, 96.68793089303878, 97.85179322564687, 95.8408588520234, 96.02191403721788, 97.06318464411864, 96.56770122173884, 95.25855211555252, 96.76790428686698, 96.56785843417171, 94.90553936943326, 94.13374710669915, 95.15551700785414, 94.04270048272852, 94.7634866979453, 92.48340238106326, 88.1577866098092, 88.4707482897199, 88.37444618901638, 88.37444618901638
97.92, 91.86830170166898, 91.81987027135676, 92.73374389971502, 93.25068273236604, 95.5721256622069, 93.01070358914939, 92.9226291045985, 93.95738867996668, 94.02263270988267, 91.91962752382815, 91.00881026299749, 91.06656678795423, 90.91684078139822, 85.86929738021776, 86.84404942026218, 85.88922846168357, 87.54095840737625, 87.13330400209898, 85.8926009680988, 86.78392264669701, 84.32939815556858, 85.82486939312408, 84.98406826740512, 86.06659081165975, 86.06659081165975
96.36, 89.73274330408138, 89.09856828666084, 88.58602623567478, 88.81609268969285, 90.80108915053353, 89.99283844069191, 90.05302241129127, 90.7522514009895, 90.89298915218234, 86.3824752879255, 86.6051050108698, 86.13951685031762, 85.81502052580596, 85.26029869516177, 86.77346065345758, 85.88922846168357, 84.50371598688248, 84.52382558249198, 85.8926009680988, 87.19441556870176, 87.31033737974818, 85.68880894246206, 85.51414758686754, 85.94524619436221, 85.94524619436221
94.88, 95.529112627178, 94.2644240593064, 90.99461468442576, 91.98308348159128, 91.93532595137822, 91.16327523114798, 91.13841964524387, 91.04645574430491, 91.28520849106704, 86.30361464047215, 86.92059043815496, 88.59607055687111, 89.29294996363996, 91.2884056426588, 88.37436176513171, 88.70445996055882, 89.27275076645608, 90.59791743063616, 91.18620545406242, 88.31928570365658, 87.3825075945607, 86.6476049142976, 87.43831899700753, 87.96091055776743, 87.96091055776743
96.1, 97.12100524090339, 98.55133021230671, 96.34498895422497, 94.30253112804817, 95.24051380985738, 94.68399297825557, 95.75716347193847, 97.11822386412418, 96.90103408161171, 96.01597927340113, 97.2294788696902, 97.70561521051334, 98.10453378902437, 100.01605729955314, 101.87925403263009, 99.89531587794589, 99.66346267409676, 97.47824346721481, 96.98211159069075, 97.99454314976913, 99.00010096103095, 98.45336552519724, 97.08076070329757, 96.73629596193484, 96.73629596193484
95.49, 93.79252560334545, 93.81480960406286, 93.86227709137621, 91.79835227448775, 93.56332152312751, 92.68010167941547, 92.7109750541652, 92.3058770550276, 92.58582340114828, 92.65885066629376, 89.92440665071194, 86.50849287786612, 87.34706903732445, 89.42296928373653, 89.6154379693952, 89.5914621991735, 90.12947958720707, 87.1546753936653, 86.46077582052791, 87.75183327684987, 87.09243233997834, 85.6569061006121, 85.6530530251774, 84.18839048711607, 84.18839048711607
95.96, 95.25521265554906, 94.7689581878842, 93.0492314189043, 88.74404953643214, 90.54319971661486, 87.98619376133622, 87.04517840062849, 88.30109929497326, 88.76756653661774, 86.99802269566271, 89.13801950608843, 86.68948405512974, 85.81502052580596, 87.4733701998061, 86.89715749524045, 85.88922846168357, 85.48085928583994, 85.00462804109212, 85.8926009680988, 87.42384263888532, 87.10277563277958, 85.79090753883303, 85.26626503665983, 84.18839048711607, 84.18839048711607
96.51, 97.02758713357157, 97.99463314158434, 97.46805567839708, 96.0991594718059, 93.07044598455927, 91.21031689665936, 90.3841693860692, 91.58954455735305, 92.91380042337192, 91.39181390665118, 92.78328777836317, 91.3491533402824, 88.01462762516138, 89.29813384482567, 86.48512369574348, 85.88922846168357, 84.50371598688248, 85.12375098755133, 85.04705539595929, 85.99017606076457, 87.3549042230652, 85.82486939312408, 87.09087681326841, 88.11745511158345, 88.11745511158345
95.8, 93.81946337330415, 92.27029246520493, 91.52113441621547, 92.82663827604094, 90.21090554814955, 88.76501759700955, 85.4829156262004, 87.62317335105188, 88.49196761894015, 85.56054519198908, 84.17834927434514, 85.00796617836136, 85.12623977329794, 85.16416401705203, 84.75618479052292, 85.88922846168357, 85.93904503004504, 84.52382558249198, 85.8926009680988, 84.73326827916155, 84.32939815556858, 85.82486939312408, 86.67470572718796, 88.87141648391594, 88.87141648391594
96.82, 94.22103812105868, 91.10960548957557, 89.03816822024787, 85.25147394837903, 86.5616344724904, 87.46470752178004, 85.86604659015764, 86.93549186190171, 85.44080009604268, 85.67588852209451, 87.73452180188077, 85.99355115870385, 85.81502052580596, 84.31369739456835, 84.75618479052292, 85.09050388043335, 85.86132892556091, 85.82950301822824, 85.0420959724766, 84.73326827916155, 84.32939815556858, 85.2052000586878, 86.79145843064511, 88.19049174846333, 88.19049174846333
96.3, 92.2228744771419, 94.31599432006837, 95.19393193171061, 95.90570486037531, 96.78593499120954, 97.83814411159747, 97.62500476763897, 96.0661035440662, 93.53808102171647, 94.0314409313101, 95.51875944162423, 94.50687489941308, 87.30062438610312, 88.33880811311417, 87.35996500782102, 88.05204062500758, 88.78830545421395, 85.17053450929319, 85.8926009680988, 84.73326827916155, 84.32939815556858, 85.82486939312408, 87.16596801698427, 85.67940725009726, 85.67940725009726
95.9, 96.71541164256736, 96.08306223855814, 95.96071176694579, 91.96874670683398, 93.53724821739772, 93.53122404308044, 92.00022885403772, 93.84028017065134, 94.49331585484701, 94.5399186074856, 95.9957819017249, 96.95498146549875, 93.0971743312581, 86.31254612965434, 84.75618479052292, 85.88922846168357, 84.50371598688248, 84.52382558249198, 85.8926009680988, 85.70589608960847, 85.24648585167064, 85.82486939312408, 84.98406826740512, 84.18839048711607, 84.18839048711607
96.11, 93.61268551933321, 93.20302446567449, 93.00044456862918, 92.88912862183498, 94.06890746576774, 87.63336619170626, 87.62445401171722, 87.5183997667146, 85.25911298499855, 85.67588852209451, 86.8504458412285, 86.8475519864872, 85.81502052580596, 87.34733373342047, 86.68859407635074, 85.897472968628, 84.50371598688248, 84.52382558249198, 85.8926009680988, 87.70553383332532, 86.28252263555488, 86.62097195630086, 87.00107947539595, 84.18839048711607, 84.18839048711607
95.42, 96.52236970121555, 98.02539104410778, 97.7466405855533, 98.95294811455653, 96.4523665584571, 94.36362997176903, 92.16925737671194, 88.31633368652899, 85.6971150880341, 85.67588852209451, 85.67849686106932, 85.75444529204903, 86.32669140534273, 87.03247513791669, 86.16345674518654, 85.81951740504677, 87.78878842400842, 86.10004970785128, 86.20918221523692, 86.91856761645622, 88.81597716693354, 85.35483985847299, 84.98406826740512, 86.26482281587614, 86.26482281587614
94.86, 93.36714211045167, 92.10942516908335, 91.37923817835261, 90.42778565283211, 89.81275743243829, 87.34329036482804, 85.4829156262004, 84.10845337987462, 85.24735193143205, 85.8127150577373, 86.35205208199133, 85.00796617836136, 85.81502052580596, 88.11911528986947, 88.93923743075457, 87.21985953285494, 84.50371598688248, 85.36466885805508, 85.7987738296745, 84.73326827916155, 85.01725152619254, 85.82486939312408, 84.98406826740512, 84.18839048711607, 84.18839048711607
96.19, 97.7151760075645, 96.36882128994405, 93.89448910701189, 93.81722808652165, 94.53674044019516, 92.70444425413288, 91.20699612410033, 87.78926709595478, 88.21727888405537, 87.6103940162257, 89.47957890878963, 87.96681008277601, 87.1495156761887, 88.7745927209926, 84.75618479052292, 85.88922846168357, 84.50371598688248, 85.81927759923407, 85.8926009680988, 84.73326827916155, 85.53820383113101, 85.82486939312408, 86.67661706591204, 87.53231864828122, 87.53231864828122
95.25, 91.86409353409692, 89.57145697438514, 89.10329816373569, 89.69646266097867, 90.44747544975522, 90.41848552266302, 91.00300618654056, 90.45744302440576, 91.08288219493816, 89.18961594631087, 89.77300959666141, 90.62971650719788, 90.15573596552325, 90.2358488854173, 88.64788801618498, 88.94803064056069, 91.07744458741494, 92.42167792988346, 89.52143105131515, 88.10395643339596, 89.56551384962312, 87.1668738320249, 87.82617307374132, 89.90600825933859, 89.90600825933859
96.22, 97.84413152899073, 97.35678957926169, 97.55265622246257, 98.18788449089055, 99.44921043487098, 100.4449911678142, 98.56655010314688, 93.66416488652453, 93.46817647123466, 94.23655404058023, 94.69855745944406, 94.54465238416498, 91.81916188415293, 89.7023344675938, 90.15523023923168, 89.54214442224071, 90.65473667821921, 90.83035639525407, 90.81817901723744, 90.97655298514947, 89.78188112752706, 90.39084831986247, 89.01034748824914, 84.18839048711607, 84.18839048711607
97.06, 93.17205449317176, 91.14814566613828, 91.15362618306473, 90.40645731889022, 92.73063547642127, 89.59932054217796, 88.14344936728048, 89.2794540374645, 89.42638003200571, 85.67588852209451, 86.19810653365174, 85.00796617836136, 85.81502052580596, 85.99631391301605, 84.75618479052292, 85.88922846168357, 86.48504049239125, 86.66554322346538, 85.8926009680988, 84.73326827916155, 87.0333476881398, 87.72743712332384, 88.70106855869058, 87.76011768664245, 87.76011768664245
95.18, 96.77362226196533, 94.8708801556857, 86.7422728337246, 87.40042948013007, 86.62081920067608, 85.47793033957238, 85.4829156262004, 86.67415544980341, 86.89930949219551, 87.01312789567122, 89.19867998052516, 88.60192797451712, 87.47382028949646, 88.4520058699294, 88.3236520054593, 88.80353420750234, 87.36908527034946, 88.81189066314326, 88.59368009750739, 88.42856797227738, 86.8186914206565, 86.72701647866316, 84.98406826740512, 84.18839048711607, 84.18839048711607
96.04, 97.03817544170306, 96.84197644316669, 94.02922512302153, 94.4041770681145, 96.2826369826982, 95.67549015346007, 93.84300338855094, 95.30569905839629, 90.33668923823399, 85.67588852209451, 85.6356411380105, 85.00796617836136, 85.81502052580596, 86.0579955501427, 84.75618479052292, 85.88922846168357, 84.50371598688248, 85.85667242613737, 85.8926009680988, 85.41144270149844, 86.11524918374712, 85.82486939312408, 86.48549709490989, 87.3009600831469, 87.3009600831469
95.42, 96.60015317409984, 92.70977801521244, 87.61539543811337, 88.5942697361473, 90.65266457246524, 88.31164842798536, 87.81900408657516, 85.75838294764976, 85.25911298499855, 85.67588852209451, 84.17834927434514, 85.00796617836136, 85.45785696359225, 86.71808855391974, 87.51362342039911, 85.84276859933144, 86.98217005547826, 88.936803069458, 88.47225783883414, 86.09260648473303, 84.32939815556858, 85.82486939312408, 86.71977477084384, 88.30444768025669, 88.30444768025669
96.68, 95.26655736754128, 92.4626284443866, 90.06742798934162, 88.54066824514395, 89.3363699825599, 85.48961899980043, 86.29144685180566, 87.2485641580112, 86.88680259070036, 85.67588852209451, 84.17834927434514, 85.00796617836136, 85.81502052580596, 87.22280749085573, 88.37774113257608, 85.48765061692409, 84.50371598688248, 86.20006443702866, 85.61860140646186, 87.3672868757772, 84.32939815556858, 85.82486939312408, 84.98406826740512, 86.58333118044182, 86.58333118044182
94.9, 94.16516032287133, 91.00923521825042, 88.82273542778313, 85.25147394837903, 87.77389257554805, 85.78230255440134, 85.4829156262004, 87.85567365640854, 88.92261905586204, 86.7231043786363, 85.40312838861298, 86.03167170526854, 85.60729991339866, 84.31369739456835, 84.75618479052292, 85.88922846168357, 86.20638180464833, 86.12500796998125, 85.35203686236093, 87.20980174407191, 88.5746764321889, 88.74541020970902, 88.8545381480536, 90.42680659800622, 90.42680659800622
95.78, 97.44781161679404, 99.33069091395988, 98.83660405149037, 97.08253530608876, 97.50805686330858, 94.09314975661577, 91.37750981040477, 93.47309060546245, 92.70683147890978, 91.69455919838252, 94.03520520348023, 91.14220275232687, 91.66505360923306, 91.79176619885654, 92.30852073000261, 92.91964898724854, 94.37831407842845, 93.9616657926239, 94.06674514717561, 95.60075438909335, 94.49226047525988, 94.0229734825929, 94.54129566817548, 94.62570123419587, 94.62570123419587
94.49, 92.49765449530334, 90.0193357141162, 88.90419980362137, 87.54951023425076, 87.11509314205529, 86.81190118271276, 85.32535922657183, 84.10845337987462, 85.25911298499855, 85.04421847569023, 86.20344119594938, 85.00796617836136, 85.71151010341542, 85.32335796792407, 85.75893397981577, 86.43683329590216, 84.50371598688248, 85.72354493398052, 86.36718545129838, 87.27750253956529, 88.14671020516661, 86.37466435164255, 84.98406826740512, 86.0174745104198, 86.0174745104198
96.71, 94.77860937877499, 96.00458268015666, 95.23882872218199, 96.45548608204629, 93.27188721433943, 91.80889541387867, 89.51401986770877, 90.66455909970925, 86.16312944892842, 86.11894706233178, 86.28767195190042, 85.00796617836136, 85.05631597025597, 84.31369739456835, 84.75618479052292, 85.0271296916372, 85.24644797970102, 84.52382558249198, 85.8926009680988, 84.73326827916155, 86.37165524152603, 87.03976180824547, 86.74322669797455, 86.42521156861922, 86.42521156861922
96.74, 97.48928010725531, 98.21847204693506, 97.70598156959907, 98.1052277559229, 96.09443509270358, 92.52506878221588, 92.52884465921694, 94.23818919592945, 94.48605744459778, 94.48729011787023, 95.16316693382905, 94.98761831239753, 92.66997330637378, 89.05941334624477, 87.59688513215589, 85.01543542519325, 87.00262597136471, 87.88725821689444, 85.88879805052271, 86.28491685209421, 86.3166266165633, 85.82486939312408, 84.98406826740512, 84.18839048711607, 84.18839048711607
95.05, 93.55906739250156, 94.0549446451315, 90.67427623364986, 91.64919538389319, 93.15996291327474, 92.72176194300698, 91.27302965972736, 92.37164057620663, 91.22583824719976, 91.19078038690608, 91.16418031620299, 91.11809312617487, 90.72737919180827, 84.31369739456835, 84.75618479052292, 85.88922846168357, 86.33341265461853, 88.3958482000865, 88.06674930772182, 85.70081900146096, 84.32939815556858, 85.82486939312408, 84.98406826740512, 85.79031553013847, 85.79031553013847
95.78, 95.52301999315021, 90.95565201320262, 89.80567058405778, 91.12808141219185, 92.0916786148779, 92.05125299063286, 88.79743951269018, 91.15692859909828, 88.42737921399102, 88.11110395304495, 90.2831175456171, 89.72447597786343, 86.92090380916262, 86.28997311991624, 85.7510994948163, 85.88922846168357, 84.50371598688248, 84.52382558249198, 85.8926009680988, 87.05956515612523, 86.99549615033044, 85.82486939312408, 84.98406826740512, 84.18839048711607, 84.18839048711607
95.88, 94.70082334654083, 92.41442607183853, 92.00101571221832, 86.7450576346344, 85.5565690362945, 86.63886367698771, 87.03838679538303, 86.0323466858605, 85.25911298499855, 85.07483921501168, 84.17834927434514, 85.00796617836136, 85.81502052580596, 86.88058484908473, 84.75618479052292, 85.88922846168357, 84.50371598688248, 84.52382558249198, 85.8926009680988, 84.73326827916155, 84.32939815556858, 85.82486939312408, 86.48689713993377, 84.18839048711607, 84.18839048711607
96.39, 97.06393007981212, 93.87875196385711, 93.59866352783563, 91.2985999022312, 90.71980586517108, 90.12067004512811, 89.20023369141342, 90.35716134909713, 89.66209820307674, 88.07908442048051, 90.29958619152269, 91.58545914191535, 85.81502052580596, 85.0267499088084, 86.14632040565579, 86.01877411449469, 85.10785699255726, 85.4557456099689, 85.85167861568216, 87.12664789429947, 89.06699874433126, 89.55722747709714, 88.09051744158572, 89.33788432460507, 89.33788432460507
95.15, 89.67008095534894, 90.00882072097488, 90.59443506841137, 87.13167193433465, 89.37627595308196, 88.41238432672657, 85.4829156262004, 85.79050734901212, 85.16319145279786, 85.6877208731539, 84.17834927434514, 85.00796617836136, 85.81502052580596, 84.31369739456835, 84.75618479052292, 85.88922846168357, 86.20425524536104, 84.52382558249198, 85.8926009680988, 84.73326827916155, 84.32939815556858, 85.82486939312408, 85.88096865580502, 87.0446632348312, 87.0446632348312
96.36, 92.83731933728416, 91.0407367189977, 90.5624573460998, 90.97642288783943, 91.47372612652265, 92.66334322656257, 90.47618301814514, 90.53857350181507, 85.25911298499855, 85.982350146017, 84.17834927434514, 85.00796617836136, 85.81502052580596, 86.71498121669782, 86.88191987733585, 87.17220486608504, 88.40452271552039, 90.13393332246837, 89.49980768983154, 87.02641755616409, 87.93033081212852, 88.20251934130324, 88.10250679007521, 86.61255677483425, 86.61255677483425
95.44, 96.60424509909306, 95.29980885407683, 91.83010742963346, 87.4786286024169, 89.55224049137247, 85.6595091300121, 85.4829156262004, 86.08767315016478, 86.40339677898292, 86.7626149253409, 88.4371666508391, 89.45103570022273, 89.56242221057565, 89.18881814659366, 88.62445946587653, 88.97241394616434, 89.12930896757014, 88.97940840745358, 85.89356062457182, 86.99743037397815, 86.72577400566513, 87.43088181397486, 87.81474248118279, 84.18839048711607, 84.18839048711607
95.26, 96.38804382729927, 98.23999208693608, 96.87601633215216, 94.17981391055561, 94.63695860997957, 93.41728627323944, 93.17270268097003, 93.2775794763009, 90.6836612185884, 87.67788831333273, 87.6739086834574, 88.26921992832837, 85.43271074075847, 85.47512803297721, 84.75618479052292, 85.88922846168357, 86.53860383597244, 88.64276459129182, 86.48211002821893, 87.04468502125737, 86.64317481007133, 85.82486939312408, 84.98406826740512, 84.18839048711607, 84.18839048711607
96.35, 96.82458928880749, 94.40662760076475, 89.38900905143319, 85.67064862864427, 86.43183864805799, 85.53539689229063, 85.0893086437065, 86.50636280930702, 85.74609977385097, 85.5625904680385, 84.17834927434514, 85.00796617836136, 85.81502052580596, 86.99029288948799, 87.84679133040198, 85.88922846168357, 86.78966293943039, 84.52382558249198, 85.8926009680988, 85.03428787107606, 86.4694636480894, 85.44842673106994, 84.98406826740512, 86.4539120894495, 86.4539120894495
96.47, 96.58422503945263, 98.03771812908853, 95.15849996763343, 93.23682448851315, 94.56143629778322, 94.77822160576358, 93.16584352186769, 89.6860383678532, 87.80484569547495, 85.67588852209451, 86.98157609325422, 85.00796617836136, 85.81502052580596, 86.56821992658466, 86.71631566777296, 86.41641983747759, 84.50371598688248, 86.52531979030898, 85.35200045926103, 85.78773946417478, 87.01106694850083, 85.3990994657113, 84.98406826740512, 87.07106133164265, 87.07106133164265
95.49, 91.68586114504771, 93.56606113041349, 92.89830101428514, 93.57361281107838, 95.42545321152397, 95.59387992845107, 96.04365808463088, 98.37971540878956, 98.04021632742999, 98.2618403957985, 96.62629290011691, 97.5959266961762, 95.67881151092222, 94.027521739095, 95.63839361403213, 94.8331866245644, 95.26458510769552, 94.13679919607765, 93.81842112431, 94.51405257460729, 94.91921011655319, 91.73698272691378, 88.77037669176285, 88.71461694432115, 88.71461694432115
96.78, 96.32682875465572, 96.4337435652865, 92.64056275361814, 91.81717450014716, 93.22292997885499, 91.82536994446772, 91.09209435987461, 87.85259310531441, 88.37367715511134, 87.81256181263629, 89.00781171504336, 89.43259465540156, 88.68594465463572, 90.07153938849056, 89.76487038876432, 86.44305294744392, 88.20199071779852, 89.1278980254967, 89.05680739651092, 90.46678219342738, 90.94622099778574, 90.25964241819307, 87.0112912428028, 88.46935185616117, 88.46935185616117
95.52, 95.17701334671828, 95.4843813405528, 95.29223786400945, 91.13788696825353, 92.20572690201169, 92.69378860565187, 89.75833815325069, 91.54832221654961, 90.99190756716075, 91.46947269671074, 91.73877225882468, 92.5012161472718, 91.76517130650453, 86.23938355075414, 84.75618479052292, 85.88922846168357, 86.04472663303882, 85.73415378514976, 85.8926009680988, 86.77768071387135, 87.60188284365286, 87.08781735361097, 87.54251850376318, 89.32484539779777, 89.32484539779777
97.64, 98.5774653592126, 99.53781180583907, 99.57373085730232, 98.49345410538066, 98.45271877751033, 96.78693825892196, 95.20660106833624, 92.65876223431584, 92.56148068756823, 88.5941228980041, 90.74645976415475, 86.61854006736061, 86.98065760777051, 85.02030329336124, 84.75618479052292, 85.88922846168357, 84.50371598688248, 85.26057452538068, 85.01363979110586, 84.73326827916155, 86.84390813776301, 85.79506148774908, 84.98406826740512, 84.18839048711607, 84.18839048711607
95.69, 95.56915399441755, 95.18708468719532, 93.31789115403912, 93.76448562641548, 95.21593211955722, 92.6203995779132, 89.96185303780271, 88.51029592852983, 86.33414815597109, 85.67588852209451, 84.17834927434514, 85.00796617836136, 85.81502052580596, 85.4599856111839, 85.37790833606628, 85.88922846168357, 85.01226954246044, 84.52382558249198, 85.8926009680988, 84.73326827916155, 84.32939815556858, 85.82486939312408, 86.76385961265947, 87.75924704597033, 87.75924704597033
95.36, 94.88639177490546, 95.20549297186574, 92.75273496234645, 86.69792928219127, 89.05888786377811, 86.0347703145063, 86.02287627183526, 84.10845337987462, 85.17480324734335, 85.67588852209451, 86.95723085507537, 86.1021525916163, 86.74970976287261, 87.67888121614102, 86.27022149081569, 85.88922846168357, 85.97381484037355, 84.52382558249198, 85.8926009680988, 85.79536985700587, 87.2021911233556, 85.82486939312408, 86.39285195702111, 88.13590747439076, 88.13590747439076
96.84, 95.28332098662817, 95.03680554399433, 95.32722235731592, 95.76669775186309, 96.75166160216531, 96.91825447216557, 96.8198123488143, 98.65897438332493, 96.74922326251733, 96.86854560428156, 97.94861825448031, 98.03164451562375, 87.54459759568795, 87.65943802859161, 88.10191169514147, 88.1698506455481, 87.90970768261937, 89.56899151771397, 88.21062555873456, 87.79148775848587, 85.82772124808852, 85.82486939312408, 84.98406826740512, 84.18839048711607, 84.18839048711607
97.13, 98.00765826222747, 98.9583616109131, 97.28598588192527, 98.38755538907904, 100.79769321156604, 100.538070165698, 101.73975184863393, 101.79924533146323, 102.95738002149122, 102.99233396405741, 101.92364293495673, 103.14181253021755, 102.66762523148243, 102.72018285428294, 103.79739740753975, 103.22906937150287, 102.97999176101189, 101.12720367565935, 101.36455075241344, 102.01871029602655, 104.04656673828038, 103.53337307879917, 98.49850624964519, 98.19485651371586, 98.19485651371586
95.95, 95.06404423604144, 93.7011174525255, 94.69344427606522, 94.90591142255302, 95.02066143651209, 95.88298644996513, 94.3852533121957, 93.28543477679119, 93.40935246284411, 91.58660467225423, 93.36373082308123, 91.59337586548645, 90.40975066215671, 90.69799217490689, 90.78684874262164, 90.14925488915297, 89.88998056083952, 89.57746457744598, 90.38127790464887, 89.13581879441726, 91.18546714105715, 88.4653580109777, 88.00793937944294, 90.10539902180454, 90.10539902180454
95.65, 95.29506232719149, 92.33180881444002, 86.79201069250395, 85.25147394837903, 85.93013855008978, 85.48961899980043, 85.4829156262004, 85.37384059226743, 85.42712147238578, 85.67588852209451, 85.67990500598926, 85.00796617836136, 85.81502052580596, 87.49647191819564, 88.31953005417253, 88.16076536108328, 89.00529020017615, 86.79720929842946, 85.8926009680988, 84.73326827916155, 84.32939815556858, 85.82486939312408, 86.65555402695455, 86.09084623284129, 86.09084623284129
95.35, 94.57699593336109, 91.80136655086004, 89.85040574629174, 88.37595738562439, 89.4438130504248, 87.18354340287424, 87.23404489750442, 85.5337360738867, 85.25911298499855, 85.24068145135247, 87.11462452605328, 87.43850177284996, 85.81502052580596, 86.9737677035978, 87.33396070179239, 87.74708820353848, 89.62759271944515, 91.50838912377716, 89.89218058175855, 90.83931643250499, 91.22955654558396, 91.28471034083833, 91.03581195653396, 92.55833762430771, 92.55833762430771
97.17, 98.57186484191516, 99.36846921464152, 96.35810922560319, 94.86981604204456, 95.52498952033393, 96.03299433970656, 92.74559111076003, 94.49675300003155, 93.0229014179196, 93.24320848657304, 93.25352793508551, 93.63275090126592, 94.25467730420247, 96.07837289297365, 94.79143877489919, 91.60814051609715, 90.02167919155113, 91.96419240230857, 89.48609490578303, 89.03274395817515, 90.95563513696914, 90.70819404734559, 90.83432479130435, 86.71400856257122, 86.71400856257122
95.29, 94.27235717684928, 93.55773696035045, 89.87884081818666, 88.50584468426247, 85.42311490078056, 86.40749759483506, 85.90257296218743, 87.33209183574313, 88.52039483806456, 87.1336480015239, 88.7396029674887, 89.74663169751207, 89.47391869760555, 89.5514711474869, 89.97777887510671, 88.14057908549354, 89.71168207339352, 91.18952446036624, 88.05666595384504, 85.5685067961043, 84.32939815556858, 85.82486939312408, 86.09424066141499, 86.30260603516712, 86.30260603516712
95.59, 93.50124244922593, 93.16491679792121, 90.02302657502223, 88.5094792742542, 85.22394518091163, 85.48961899980043, 85.02392432095598, 85.63849563693607, 87.05874638367312, 86.8271774545285, 88.34522271474707, 88.61425669140371, 88.94813012820156, 90.58700391728608, 89.61321126407738, 88.56819166458666, 87.3414346766734, 88.84988686855615, 85.8926009680988, 87.54448102470128, 89.1730326284573, 89.70717660062105, 89.42967422630414, 90.59698992708893, 90.59698992708893
96.86, 96.68196432793145, 96.86857368717135, 92.53050528667913, 91.65321496332807, 93.42944845958098, 93.66290089052576, 92.90573163922791, 94.98132934636246, 95.92560345069599, 95.0308589476831, 92.19960839007051, 92.66365487042653, 92.50046858342533, 91.42897779702862, 89.25247910725354, 85.92978681984177, 87.67742694104305, 89.6949425479466, 89.49455421236023, 90.9030617217725, 92.75452850391272, 90.98761602355714, 89.71782943751803, 88.73917709569044, 88.73917709569044
96.69, 96.82125215683571, 95.66894720886715, 94.77563478411302, 93.22373142225251, 93.84909652364246, 93.91655956020256, 90.04812131687396, 91.0353178075307, 87.8503984067614, 86.93228848690913, 86.61869647840328, 85.00796617836136, 85.97788010147606, 87.95778647334613, 84.75618479052292, 85.88922846168357, 86.62047214632393, 84.52382558249198, 85.8926009680988, 84.73326827916155, 86.98465843618048, 86.34785545390966, 86.38311084424183, 85.30913173500272, 85.30913173500272
95.18, 88.18011521945415, 87.06741520435115, 87.71854382967351, 85.6738529622406, 84.10957757803895, 85.48961899980043, 86.097493378948, 86.98677451831104, 87.36217229527864, 85.67588852209451, 86.36897495716103, 86.88616333899994, 85.12584335519193, 86.18132536254582, 87.47629644625955, 87.49242329787839, 88.16194418116142, 86.86130900048882, 85.64291743508089, 85.22617035395724, 85.18903079162678, 85.82486939312408, 86.17455929444085, 86.60823026942343, 86.60823026942343
96.2, 96.29682290244007, 96.66554338345475, 91.98214197989599, 92.89718477731965, 95.19528902768342, 92.70651087818474, 93.68449734919878, 91.19190739268205, 85.90812949452042, 85.50811111431524, 84.17834927434514, 85.80882986991458, 85.81502052580596, 84.31369739456835, 85.66384501623395, 85.88922846168357, 87.97035989657589, 87.56825345508035, 85.8926009680988, 86.16230415185274, 86.13546313527526, 86.78491767962761, 87.1863649740589, 87.78396538881994, 87.78396538881994
95.71, 96.42629610566503, 98.62385458839898, 98.0836437208362, 96.25838973110629, 94.25531405218621, 92.42658196552316, 91.68185860230156, 89.24792599899365, 88.95499249692067, 87.42251393673891, 89.02301381390589, 88.96571385294753, 85.81502052580596, 87.5807953532501, 84.75618479052292, 85.11747977511936, 86.57813305829671, 86.46644826735003, 85.8926009680988, 87.46861856687883, 88.96949750659697, 88.01759018714826, 86.57638524274925, 87.43668507167884, 87.43668507167884
96.11, 97.31406124616932, 99.37928951777288, 99.17807242330794, 99.29673377865463, 99.13509025573498, 98.23977684020365, 93.18160553509298, 91.59301008811885, 92.16260717345294, 90.24077951506098, 90.85739686263418, 91.7970249289914, 91.98984903166173, 94.2972841415982, 94.26307055527501, 90.74524677437846, 90.52967064411622, 92.50037357342323, 92.90535288699806, 90.88914223612905, 90.6675237981023, 87.97767466013633, 88.27206027615938, 89.67540720859725, 89.67540720859725
95.73, 90.3193623734382, 91.47213677578114, 90.47167851180107, 91.19266566734093, 89.59200045549723, 89.87327149249508, 88.5756639471344, 89.31949575137463, 85.20772545440987, 85.67588852209451, 84.17834927434514, 85.00796617836136, 85.81502052580596, 85.59608369637236, 86.12968671309697, 85.88922846168357, 86.34946677396925, 87.68319307485599, 87.95368705142062, 88.25542107866329, 88.85527034717938, 85.61869768529675, 87.07308985557827, 84.18839048711607, 84.18839048711607
95.77, 95.39906651256548, 97.81918150009649, 95.5775495231553, 94.97430781718568, 94.94271453999033, 91.5610056692448, 87.51561053968729, 87.34101143179129, 86.01322182686629, 85.67588852209451, 87.74591076140557, 88.53851708728055, 88.393025249614, 87.96704670585396, 86.20224260241334, 85.88922846168357, 86.29888747287127, 85.7070073298839, 85.8926009680988, 86.1821255646062, 84.32939815556858, 85.82486939312408, 85.55416818928262, 86.25424877779506, 86.25424877779506
96.81, 97.10812342860686, 93.84469629091289, 93.49501201056076, 91.04200645207085, 92.67138640350859, 90.96070831293545, 85.58288392668001, 84.10845337987462, 85.25911298499855, 85.67588852209451, 84.17834927434514, 85.19362140352092, 85.81502052580596, 86.25668164240919, 87.72191001002471, 87.7372410035064, 88.33457979392227, 87.83184420438208, 85.8926009680988, 87.56668197815445, 84.32939815556858, 85.82486939312408, 84.98406826740512, 86.5849811029803, 86.5849811029803
97.49, 91.60609189494352, 91.67890778886905, 92.52203792944427, 91.94931425134412, 92.39441921945647, 92.76530831448136, 93.30429073755593, 95.57513409903022, 92.0221970051452, 92.75837491416057, 94.32188264019393, 94.04578021325608, 92.87258248348884, 94.20716045757192, 87.75926773086493, 88.5290091779236, 88.3329410676864, 89.7813182381516, 87.75288590998622, 87.94318548693415, 87.841076760914, 88.31833109581736, 87.57414626793769, 89.09030279555682, 89.09030279555682
95.31, 95.90950742458121, 97.5884965580942, 95.5132089392157, 95.76003856997696, 90.3243706776112, 91.11635796303408, 90.52714592640983, 89.53840162584524, 87.59397260970555, 85.67588852209451, 86.9599456910144, 86.09947298628533, 85.81502052580596, 85.75493170625289, 84.75618479052292, 85.88922846168357, 86.71447629602557, 85.4763269945695, 85.8926009680988, 84.73326827916155, 84.32939815556858, 85.82486939312408, 86.11065156988586, 86.80841460828357, 86.80841460828357
96.61, 96.98387952586884, 98.10450470317038, 96.5645733817035, 94.89835781937549, 96.73856423115917, 95.61230529149344, 95.75360851104978, 97.4768280564543, 97.4288929369243, 97.32766798885417, 98.87485741841984, 94.34832523701512, 93.6379807997457, 95.44279053830228, 91.25904391035995, 85.09417141704502, 84.50371598688248, 84.52382558249198, 85.8926009680988, 85.72586711099078, 84.32939815556858, 85.82486939312408, 85.76886733764589, 87.23770322535461, 87.23770322535461
96.15, 95.43829900102077, 95.74926228366131, 93.64111484402729, 95.13134121039424, 88.55593994520483, 88.63552983668015, 87.93859617900122, 89.89170638266889, 85.25911298499855, 85.67588852209451, 85.58684294168418, 86.28742924914553, 86.27908823930188, 86.75471503273093, 88.52172033771096, 87.73363791734596, 87.07558481141741, 84.52382558249198, 85.17349345185926, 84.73326827916155, 84.32939815556858, 85.82486939312408, 85.62793297268449, 85.4773618953256, 85.4773618953256
97.22, 98.81731107307665, 97.33384324868146, 95.7662203260447, 96.64856732818559, 97.96133895654953, 97.70187823615505, 98.60983082235474, 98.39729825973879, 99.13116574564064, 97.28365619981331, 98.82843654827715, 92.9445547131175, 89.64742426208136, 88.65464868937316, 87.57020848526538, 86.87377002607202, 86.24473847555078, 85.80426852293346, 85.8926009680988, 86.04248482933816, 84.32939815556858, 85.82486939312408, 86.12634415062274, 87.47256688544023, 87.47256688544023
96.72, 94.46404437552133, 96.43463268763033, 94.1829849623135, 94.26239846775962, 95.6310367323278, 94.40659549281466, 93.676230906079, 92.64319850472812, 87.95470549893919, 88.25405253632537, 88.15014601829832, 87.07530357675171, 86.38652288232491, 88.53787197627416, 84.75618479052292, 85.88922846168357, 86.19220767211884, 85.71799595448998, 85.88901830614127, 85.50698583432107, 84.32939815556858, 85.82486939312408, 87.17640006795487, 86.61995665829129, 86.61995665829129
96.64, 92.02791284339088, 92.26193491442412, 85.17291140671703, 85.25147394837903, 86.73805181781701, 85.48961899980043, 85.4829156262004, 84.10845337987462, 85.39212666285371, 85.67588852209451, 85.10627026464101, 86.36559892665372, 86.23273674940441, 84.31369739456835, 84.75618479052292, 85.88922846168357, 85.64301701564996, 84.52382558249198, 85.8926009680988, 87.29299503252004, 87.37955000603343, 85.82486939312408, 86.46101701275184, 86.95891770536518, 86.95891770536518
95.09, 93.47621933431847, 95.84676610840017, 92.4322481588323, 91.56974738274822, 85.49639981941445, 85.48961899980043, 85.4829156262004, 84.10845337987462, 85.25911298499855, 85.67588852209451, 86.77586465757143, 85.00796617836136, 85.81502052580596, 85.53693366430902, 86.33523220705693, 85.88922846168357, 88.08429448866646, 86.92740335272971, 85.8926009680988, 84.73326827916155, 84.32939815556858, 85.82486939312408, 84.98406826740512, 85.74163190479996, 85.74163190479996
95.77, 94.85951097470267, 96.2407872824417, 95.24148547432698, 94.56274606231817, 94.93566527196143, 90.74022712678692, 85.40370782140054, 85.78892891811766, 86.40344507303686, 85.81263547075395, 86.52257121093494, 85.00796617836136, 85.81502052580596, 86.99796350222184, 86.25189934143319, 85.88922846168357, 85.98311921373428, 85.12502623845815, 85.8926009680988, 84.73326827916155, 85.21187790267821, 85.82486939312408, 84.98406826740512, 84.18839048711607, 84.18839048711607
96.77, 93.88177639664005, 95.49370848762766, 94.86306269586093, 94.49359622937945, 94.04191123164772, 92.48093088792619, 92.48447044477619, 94.89664846560692, 95.10650082740774, 89.51373771535842, 87.55050634050825, 87.35337598300806, 85.82956280596879, 85.3837094283211, 84.75618479052292, 85.88922846168357, 86.91800542608662, 89.07796778038613, 89.311797166926, 88.70761522307698, 90.04742503144126, 89.45456753370233, 90.20619902001894, 90.98671523254353, 90.98671523254353
96.36, 96.65306953668585, 95.16630463015066, 95.25040921327184, 93.17330862156896, 94.21137849934617, 93.25721976078852, 90.81135670082634, 90.082547249599, 89.18704419590506, 87.73680168665496, 88.61904425580724, 88.74214990674872, 85.18924377376182, 86.61867640541297, 86.32308272132424, 87.09792856603686, 85.97243156685506, 84.52382558249198, 85.8926009680988, 86.8158275227748, 88.23139955202504, 87.12070360704297, 86.89395029800161, 87.92783039960122, 87.92783039960122
95.92, 90.46504850237422, 90.36130783074763, 86.19879377283425, 85.0299419703528, 84.10957757803895, 85.48961899980043, 85.4829156262004, 86.65653395236343, 87.39281288666382, 88.25681911697055, 87.39525960740913, 87.10957348799495, 86.71446815218215, 87.9213647833559, 87.99863968922271, 85.88922846168357, 86.5890428795595, 84.52382558249198, 85.8926009680988, 84.73326827916155, 84.32939815556858, 85.82486939312408, 87.40326209152147, 86.97331468089457, 86.97331468089457
95.06, 96.254564474781, 96.46950818337059, 96.97611777577606, 94.78677294005693, 91.96179901137673, 90.87619243550016, 90.01101081787434, 90.60647945601895, 87.11347215328286, 85.53233616895903, 86.70542259148343, 87.85248603707208, 85.81502052580596, 85.23349708214562, 84.75618479052292, 85.88922846168357, 87.36282036084216, 86.4554289740687, 85.0889400750447, 86.03619743541852, 84.32939815556858, 85.82486939312408, 85.49528272622845, 84.18839048711607, 84.18839048711607
95.94, 95.47674624574854, 96.81552251287658, 97.9207938070965, 93.19350683674348, 95.50243015766831, 94.97374439578385, 94.73418693019016, 94.91318007558928, 93.10123756542887, 93.779802694878, 91.35806448798132, 86.09922909939179, 86.43420242491965, 85.2272393010306, 84.75618479052292, 85.88922846168357, 85.51007410451055, 85.70884120302709, 85.8926009680988, 84.73326827916155, 84.32939815556858, 85.82486939312408, 86.03938171813164, 86.11706659465176, 86.11706659465176
96.62, 93.18870274025025, 93.50936285923454, 92.34141317883356, 91.59458927522644, 92.16019837645116, 90.67027155121836, 91.1101506590858, 91.71072596473665, 89.86632027924695, 87.91809237596739, 88.4139325586517, 88.05809067565127, 86.8485307983102, 87.8293007306845, 88.67471536860933, 85.88922846168357, 84.50371598688248, 85.03462743347168, 85.8926009680988, 84.73326827916155, 84.32939815556858, 85.82486939312408, 85.49263099073163, 84.18839048711607, 84.18839048711607
96.08, 96.70822364107384, 98.70516999875917, 96.69412860032709, 92.85909017382852, 94.10172198075793, 94.3978105315377, 94.11348712558619, 92.52254380211878, 93.05751638850779, 91.89319284550048, 91.25273007105234, 91.92512512039087, 90.27741865736792, 92.52847750358605, 89.38492882510747, 88.15637017684729, 84.50371598688248, 84.52382558249198, 85.8926009680988, 84.73326827916155, 85.23986639120355, 85.82486939312408, 86.94080469670931, 87.84827587990112, 87.84827587990112
95.86, 97.09764613939495, 97.14451940110283, 95.8241193966203, 97.14416176044897, 96.63385291858157, 90.35836100588853, 91.53685307935649, 93.01681705299089, 93.68361560470123, 93.05123394740286, 93.13461221005655, 94.76425567122098, 89.60976148246324, 91.15771491522973, 86.22895546846539, 86.48857461423228, 87.97655874133035, 89.84897723687203, 87.55158529038056, 87.3982054380938, 89.26743622378837, 87.58303449080933, 87.60668417688855, 84.18839048711607, 84.18839048711607
95.71, 94.74577415234994, 91.74613972327765, 90.94168043079044, 87.44753769969601, 89.82093076769948, 89.97427811008, 86.7380551652011, 85.30350337991342, 86.42265848659821, 85.67588852209451, 87.53210099536317, 85.79290498642688, 86.37977177493617, 84.31369739456835, 84.75618479052292, 85.49994817786846, 86.8282465649802, 86.67337145409165, 87.01392841157363, 88.7233868153975, 90.39282149626364, 87.7102013639184, 88.81137501346359, 89.09343045883037, 89.09343045883037
97.12, 97.82180282321045, 100.16183857483058, 95.0922536425763, 93.73289803680434, 95.45956462770258, 88.93192636572198, 90.06587899134776, 91.32122125368484, 86.17384281335089, 85.67588852209451, 85.86764162941455, 86.89693102655268, 85.22244173111983, 86.9764256413363, 87.58324106724706, 87.52351302235485, 88.05251905471091, 86.84433829153225, 85.8926009680988, 86.563557374418, 87.19550200574545, 86.88318219152144, 84.98406826740512, 84.18839048711607, 84.18839048711607
96.24, 92.12817950450224, 90.00957652629434, 88.48386652384374, 88.0121013703603, 86.51283546302305, 85.48961899980043, 85.4829156262004, 86.59838536445133, 85.25911298499855, 85.67588852209451, 87.14027071488691, 87.57860281180348, 88.15087851414665, 87.17239036997239, 88.00419644406892, 88.58112771145547, 86.98398067851595, 86.9601109889752, 87.36535059660987, 85.3048983052989, 85.10642804824487, 85.82486939312408, 84.98406826740512, 85.08203721015235, 85.08203721015235
96.26, 97.46226714998159, 96.9127075081813, 96.45893312844049, 92.44781003928993, 92.8944978789048, 90.32616447122291, 88.45394897238936, 84.10845337987462, 85.25911298499855, 85.67588852209451, 86.84584623850665, 85.00796617836136, 85.04358469026054, 86.86822576687277, 86.25681693251754, 85.74058267156524, 85.36698016396416, 84.52382558249198, 85.15507491261432, 84.73326827916155, 85.64141055661112, 85.82486939312408, 84.98406826740512, 84.18839048711607, 84.18839048711607
95.45, 93.3941168715187, 94.95637936651272, 88.80332684157527, 85.78365545057976, 84.10957757803895, 85.48961899980043, 85.4829156262004, 85.82079790805737, 85.25911298499855, 85.16645990017452, 84.17834927434514, 85.00796617836136, 85.81502052580596, 85.938300375243, 84.75618479052292, 85.88922846168357, 85.17796111574064, 85.63624378605685, 85.8926009680988, 86.74347567898857, 86.18867171137012, 85.82486939312408, 84.98406826740512, 84.18839048711607, 84.18839048711607
96.35, 95.53443284224761, 97.4578983956164, 95.92906845368584, 93.15360995479571, 88.19774066481938, 88.26858270294613, 87.93394809904268, 86.94091645514675, 85.25911298499855, 85.67588852209451, 84.17834927434514, 85.00796617836136, 85.81502052580596, 88.29085947645054, 88.86847295065762, 85.33926970984263, 85.67884605733902, 86.55323375688766, 85.39674976863714, 84.73326827916155, 84.32939815556858, 85.82486939312408, 85.1739157686306, 84.18839048711607, 84.18839048711607
96.29, 94.2497606073521, 94.18151913934057, 94.38450634167867, 95.09840789698578, 96.07084811089457, 94.98103773789741, 96.27250020260041, 95.94117972925893, 96.82808932183227, 93.2369895531989, 87.33199184451546, 85.12951085430895, 85.02110460911454, 86.08461864992842, 87.06321587096082, 86.9195186106208, 87.97281057277532, 88.13523687323742, 87.55755653606185, 88.61307782560897, 90.10502530000421, 90.24025622361854, 88.54256750606358, 90.7883603245159, 90.7883603245159
95.89, 93.54012896707458, 95.28043334677588, 90.90777490691741, 89.34995491943606, 91.939206472918, 91.67421129458188, 92.26840148363426, 92.91379433378474, 93.56414121656223, 91.30607355626738, 92.35849984327925, 87.24940172378817, 85.81502052580596, 86.61905656877863, 85.73803124628665, 85.7410633985216, 87.69179922514093, 88.36167297877067, 85.88982210978261, 85.4587502485145, 84.32939815556858, 85.82486939312408, 84.98406826740512, 85.90747962686612, 85.90747962686612
96.02, 91.43647482122199, 88.92051995653947, 88.63091817545978, 87.35767330036407, 89.87817694137952, 87.57062279419017, 87.86978581053394, 87.54247721362864, 86.41827790774184, 86.6654391061322, 85.82609071721775, 85.36441064683208, 85.21169330327317, 86.20474059948396, 85.04276943183132, 85.88922846168357, 86.20828059264281, 85.20785778061617, 85.56028229439954, 84.73326827916155, 85.41956759495471, 85.82486939312408, 87.27964467615253, 88.10948801228045, 88.10948801228045
96.36, 97.58690059614455, 98.99234674663674, 96.4094440283813, 94.3601909462221, 95.40079500628332, 92.6271616631628, 92.1577397900968, 92.83599570037961, 90.92268825295649, 92.01105021287258, 91.51466357097553, 88.18475235387965, 86.78643379553304, 86.22321237174737, 84.75618479052292, 85.88922846168357, 86.7993261219377, 88.53678373699009, 88.68683717617185, 90.30275056973052, 91.69992717826896, 89.08308288981165, 84.98406826740512, 86.44525521824903, 86.44525521824903
95.49, 95.68577733284637, 93.59660116314859, 93.35106681666214, 91.58377129453952, 92.6328612116949, 88.72656595126631, 89.67203395230153, 90.8508723565303, 89.01049046745146, 85.67588852209451, 86.36953003971433, 86.03653274292522, 85.81502052580596, 85.68742098625017, 86.8135096347877, 85.82612420592532, 84.50371598688248, 84.52382558249198, 85.8926009680988, 87.12111436863017, 85.22580468016108, 85.82486939312408, 85.43246645080777, 84.18839048711607, 84.18839048711607
94.8, 94.18912046485332, 94.14001722532285, 93.19840265733497, 94.62814212042981, 97.03008252817, 95.8321363522825, 96.6711545290147, 98.90505553278385, 98.92532525109809, 97.20118880311277, 98.61828265240982, 99.2457036148564, 99.45702814654784, 100.2815352680731, 101.84699278455221, 101.37468106809956, 98.90743921476046, 100.98237711853612, 98.69065271139178, 97.06439670889856, 98.75536085275591, 98.81340510665423, 95.077477245162, 92.58283580173833, 92.58283580173833
95.75, 97.05580069862786, 98.48862611800512, 98.19258514630302, 95.73352195551428, 92.47014326467401, 90.54121072250712, 90.28276569832951, 90.94653351846452, 91.35479315073282, 91.70395443148931, 92.32634829308081, 93.38346189146245, 89.74122979460981, 89.30616963124771, 89.76311396706305, 88.90118354463583, 89.89075488234877, 91.03136200020516, 88.32327980706418, 84.73326827916155, 84.32939815556858, 85.82486939312408, 85.07820473634273, 84.18839048711607, 84.18839048711607
96.04, 97.21487618167669, 98.51389564886537, 96.80680443079389, 97.60675969536284, 99.09737698803929, 96.2453256830125, 95.46550283122329, 94.31855993539368, 91.01979030546437, 90.77749996722945, 88.89810329233957, 88.98369674075448, 87.34887838000975, 87.64313502836666, 89.323565414064, 85.8406086332006, 84.50371598688248, 84.52382558249198, 85.8926009680988, 84.73326827916155, 86.73328407136695, 86.10152466228249, 87.7585328603156, 86.93468635175199, 86.93468635175199
95.97, 93.00850359185087, 95.0897513504463, 90.43504988853228, 89.66075650081301, 89.86184702882692, 89.56840310563692, 89.93824918734195, 86.54927509566001, 87.05482339015184, 86.56964121805376, 88.89177580252314, 87.29530083312609, 87.98137051116755, 87.15789311575296, 86.1236909796467, 85.89357284921729, 85.7070852978171, 86.33945309852055, 87.12584886362806, 87.46827552583404, 89.75200739060546, 89.6438485616074, 88.35856358301893, 88.29703333056462, 88.29703333056462
96.6, 91.4100220983421, 92.28625655902377, 93.24631982468725, 91.59668846266422, 92.83159866651121, 92.29745506273588, 89.26234032983358, 89.4283369799835, 86.20142305663694, 85.67588852209451, 85.50695913713932, 86.43802010532275, 86.40460369094312, 86.35315898392098, 84.75618479052292, 85.88922846168357, 84.50371598688248, 84.52382558249198, 85.19696512146128, 84.73326827916155, 84.32939815556858, 85.82486939312408, 84.98406826740512, 84.18839048711607, 84.18839048711607
96.77, 94.92796145119432, 92.15108613157321, 90.98814106886616, 90.83124568000216, 92.46970216676515, 93.13569472851053, 93.00140378401741, 93.40610344952563, 90.65645434299971, 89.7884463572052, 86.6367163008994, 85.00796617836136, 85.47288545709989, 86.8358304617167, 88.06631950804595, 85.88922846168357, 85.02272627614977, 84.52382558249198, 85.8926009680988, 85.3926103682547, 85.81428644173064, 85.82486939312408, 86.03701915799682, 85.42867148577169, 85.42867148577169
95.47, 96.94987190270666, 96.2031910206042, 96.44882326799657, 94.61763106379846, 94.78884487508104, 95.5924874621164, 94.34382476708635, 96.34714884698613, 96.95281382939217, 92.62731357192644, 94.31433533798472, 94.59521908980443, 85.81502052580596, 86.81513145921488, 84.75618479052292, 85.88922846168357, 88.12916043941603, 89.42761787937616, 85.22149227773653, 85.96721852771392, 87.19996934008307, 86.18271101068308, 86.372875241465, 86.26315161693162, 86.26315161693162
96.28, 95.31993663344458, 92.30796666369501, 91.13123787466004, 91.72467234756303, 92.49870643880101, 91.65353208885557, 86.56053032443819, 85.13480807830089, 85.25911298499855, 85.16171134216718, 85.99073178851287, 85.71847933417332, 86.02978271661438, 84.31369739456835, 85.71749638791813, 85.88922846168357, 84.50371598688248, 84.52382558249198, 85.8926009680988, 87.61358024353027, 88.91504377784656, 88.43848885783113, 88.4220236629584, 89.498798149212, 89.498798149212
96.28, 96.89595964399598, 96.9025295009082, 96.96511486595703, 95.7910994723576, 97.09224214732562, 93.92632167975648, 90.2205847538697, 92.22112154191196, 92.35489431544762, 92.52590791237309, 91.20746802105856, 91.48411106751041, 90.71453302015026, 89.91077180098115, 89.80277378610904, 85.88922846168357, 87.9552681015548, 88.77663053662211, 87.01840524438441, 87.400887901887, 84.32939815556858, 85.82486939312408, 85.08417272528145, 86.22320222860154, 86.22320222860154
95.94, 97.05240570005367, 97.43717507332912, 91.78942694070537, 90.86207971158204, 89.76770699656221, 89.23465551749025, 87.89956263784082, 89.32828590535362, 89.66406837027937, 89.21276733897733, 86.14561085038069, 87.07210755603049, 85.81502052580596, 86.21599528012484, 86.08586203279683, 85.88922846168357, 86.64603504139909, 85.24584810316605, 85.99733559901706, 84.73326827916155, 84.32939815556858, 85.82486939312408, 86.28336251402446, 84.18839048711607, 84.18839048711607
95.68, 93.17298484037092, 90.80074459656981, 85.00040921429323, 86.24041469426665, 88.6678398430097, 86.58891754191204, 85.82482499860414, 87.74174922578241, 85.01253411413492, 85.78345317705791, 86.18708537557045, 86.50636662542612, 86.60593330633375, 85.71883818553628, 87.41834321965578, 86.94084127298626, 85.45703900845672, 87.33038545336561, 87.09060864654754, 86.20234798557972, 84.32939815556858, 85.82486939312408, 86.29706665325396, 88.53964714597296, 88.53964714597296
95.16, 94.50748386832355, 96.40310530364908, 94.77572536423266, 94.79551228099031, 94.5126936403817, 94.68268912626453, 89.32118624644484, 91.63347714012585, 89.66067158037808, 85.67588852209451, 86.61576862086264, 87.90687785881812, 85.81502052580596, 87.42973477271536, 84.75618479052292, 85.88922846168357, 87.19859878260138, 87.72353730318575, 87.90135636279142, 89.09837484471264, 90.7450143535286, 89.68017559530666, 90.45126917750198, 90.85627374876901, 90.85627374876901
97.03, 98.33765138653949, 99.02560034122615, 99.09648080335005, 98.80529589745355, 100.47155358048818, 100.7667455946029, 100.66256697589903, 101.14493923295744, 97.2216962260832, 92.776995939139, 93.25083781419265, 90.81148456770882, 87.35259724255111, 84.31369739456835, 84.75618479052292, 85.88922846168357, 86.10054446898549, 84.52382558249198, 85.8926009680988, 87.46041415241565, 86.16247770413996, 85.82486939312408, 86.92777542506843, 84.18839048711607, 84.18839048711607
96.97, 98.34228575919272, 98.98942055817939, 93.64303594507268, 94.90548714196457, 97.15683190957778, 97.41558059622007, 98.13588648701372, 100.07146057497299, 93.77338848912659, 94.30128639294425, 96.43150604218346, 96.7136814954917, 90.127408621913, 90.36068304064072, 87.60683977717072, 87.05361137116013, 87.60820101447854, 88.7815972520516, 88.24181506605366, 89.07131338414862, 88.41097462178246, 85.70866913231569, 86.10599938321441, 84.18839048711607, 84.18839048711607
95.1, 94.3767053583744, 95.75485487658604, 93.19052753797898, 93.33410870849688, 92.65546775210576, 93.26919389450075, 90.57169271454535, 91.14736861888413, 89.9230737877174, 88.5524065341384, 88.80790334216768, 87.46587153467782, 87.30006349658468, 87.35033894037895, 85.7614432340686, 85.88922846168357, 86.79874172719764, 85.46109095612167, 85.8926009680988, 87.04590226090366, 88.38654430358396, 85.82486939312408, 86.31506961441619, 85.90233330931822, 85.90233330931822
96.39, 93.2056371997837, 93.91050293973149, 93.60345180486333, 93.0503866737528, 90.53740870797115, 89.76062354613634, 87.07679646848987, 89.66050978736405, 89.20905762293361, 87.78744037467922, 89.61824273081827, 85.00796617836136, 85.81502052580596, 84.31369739456835, 85.2745106972887, 85.82977668730032, 85.35065431774603, 85.28932605525625, 85.8926009680988, 86.60493383979214, 87.22769240795027, 87.52481471232964, 84.98406826740512, 84.18839048711607, 84.18839048711607
96.67, 95.44777715822862, 94.31220200718168, 85.72377763902945, 85.33895276167465, 84.10957757803895, 85.48961899980043, 86.50282763952401, 85.6121270592524, 85.39541942119513, 86.15307258989395, 84.17834927434514, 85.00796617836136, 85.81502052580596, 87.94474099239744, 88.81170078646501, 87.28217954461226, 89.26439713360782, 89.0286367375651, 87.14118182030846, 88.43083150935679, 86.96316323315459, 85.30671802923713, 84.98406826740512, 87.02640057805387, 87.02640057805387
95.98, 93.74481484108, 88.75872023940366, 86.48765267202525, 87.41797292359308, 89.4235836874833, 87.93587112197777, 85.99837733756789, 87.24100038974393, 87.51323586414723, 85.67588852209451, 87.0898047516141, 86.69412329750081, 86.76926951309875, 88.45704742173166, 86.86058672865136, 85.88922846168357, 87.22275814411498, 87.96198999602042, 87.81719136707818, 89.11103280468842, 89.58350673746597, 88.74945750820736, 88.7997608823606, 86.88802455120586, 86.88802455120586
95.75, 89.81337995171224, 87.39805232452632, 85.68112224577713, 85.25147394837903, 85.80387476797043, 85.48961899980043, 85.51138701244821, 84.10845337987462, 85.25911298499855, 85.14897775514895, 85.6846653059776, 85.37998689603964, 85.93057052953344, 87.93109494791877, 87.13304675813454, 85.86354748167535, 86.4801712643785, 87.6851717131508, 86.12233148261954, 87.25162672623186, 87.74687862623247, 85.54960855670016, 85.60974207549765, 84.18839048711607, 84.18839048711607
97.15, 97.61783128099131, 97.6872429187249, 96.62715918760168, 93.40614899388356, 95.70448055209268, 94.97883878849444, 95.82274042431548, 97.50599514209762, 97.41678403661409, 98.09485801911227, 99.02134623633607, 100.04939617213331, 97.1321405726652, 95.9900517415046, 95.88334805875627, 93.20838415336188, 94.84556643803533, 96.61894378488347, 96.16967527119733, 95.48064260735734, 97.04241304886384, 97.10610086513562, 98.22835382600361, 95.64287760253544, 95.64287760253544
96.33, 95.38864857200952, 97.15317780602285, 96.25768826084628, 94.79565619083178, 95.4730770902282, 93.67047611668255, 92.04141149568778, 92.32754060307747, 92.38360433715845, 87.45020599178888, 87.36265071134514, 87.48034873855153, 87.67848901317652, 89.66684809955173, 84.75618479052292, 85.88922846168357, 84.50371598688248, 84.52382558249198, 85.8926009680988, 86.12892948421423, 84.32939815556858, 85.82486939312408, 84.98406826740512, 86.8522772477607, 86.8522772477607
96.29, 97.15264564395451, 98.98705144132879, 96.74545083531052, 96.08722257974905, 97.8605198785146, 97.60679502409833, 95.70807044903086, 96.68301144587882, 90.27200783960889, 89.45325661724135, 89.44455681374453, 90.42076742633374, 89.97924775365591, 88.59700299641027, 86.01097357496677, 85.88922846168357, 84.50371598688248, 84.52382558249198, 85.8926009680988, 85.71381602479714, 84.32939815556858, 85.82486939312408, 84.98406826740512, 86.33037614977187, 86.33037614977187
96.48, 96.92616334856854, 98.2751831751541, 96.00948156775493, 96.83812197863256, 95.41320002005078, 95.62515558108913, 94.45265446833712, 95.36870630805656, 93.63992792391726, 92.06510564335142, 89.64541699093228, 91.01477014968953, 88.6371231141671, 89.11295822527312, 89.50023846625272, 89.20259721176515, 88.86509975244805, 88.19617796935555, 85.71322607993605, 84.73326827916155, 84.32939815556858, 85.82486939312408, 85.48003432525357, 86.69995374212023, 86.69995374212023
96.52, 95.48910780675368, 93.34133785947404, 90.09881565513523, 91.32876257741586, 93.81889678346886, 92.04867970748327, 87.33419500449764, 88.14757601503719, 85.25911298499855, 85.76817483781727, 84.17834927434514, 85.00796617836136, 85.71216940568394, 86.89928419569947, 85.84246402063414, 85.88922846168357, 86.54568938061428, 85.70595672201057, 85.8926009680988, 85.75416815550824, 84.32939815556858, 85.82486939312408, 84.98406826740512, 84.18839048711607, 84.18839048711607
97.03, 92.93387758900712, 94.56734576498302, 93.10450832361026, 90.52679679484562, 89.87977979709326, 89.60811033407877, 88.2781836545245, 88.88417065682502, 89.736510400808, 87.54519441488875, 87.23804155277922, 85.053603556778, 85.81502052580596, 84.31369739456835, 84.75618479052292, 85.88922846168357, 85.36496702595345, 85.7985593564894, 85.8926009680988, 85.1414732334045, 86.10459450713795, 85.82486939312408, 84.98406826740512, 84.18839048711607, 84.18839048711607
95.35, 94.14506730561055, 90.56434585222935, 85.68112224577713, 85.02052441758927, 85.56819977936587, 85.48961899980043, 85.4829156262004, 87.09366122701562, 87.1976449852474, 87.74276432919739, 87.33872166200968, 88.31678150976092, 86.87791361291609, 88.26730487885034, 89.49284784921409, 89.04795684167134, 90.81691516868402, 91.76674235321585, 92.44131369610294, 92.59180631759018, 92.12505251107355, 92.70585292864799, 91.92206523657826, 91.87150087344318, 91.87150087344318
95.72, 90.84272983811601, 88.06883312796953, 85.68112224577713, 85.09117151837052, 85.04273662832223, 85.48961899980043, 85.4829156262004, 86.37247473599425, 86.00561011950008, 85.67588852209451, 86.98017355147918, 88.21180078242855, 88.25637687229322, 90.29267816224733, 91.66722733171903, 89.1141856878146, 87.64019980938608, 87.66095965512083, 86.2454444102924, 84.73326827916155, 85.14790387005424, 85.82486939312408, 84.98406826740512, 84.18839048711607, 84.18839048711607
96.34, 95.7339402460193, 97.4821358125986, 96.02354639912062, 96.31628658044558, 98.29130021495361, 99.02663510576315, 100.14638615667657, 101.0774649060855, 101.59380261190083, 99.03544717694265, 100.60946423139254, 96.27788445053591, 95.61325961711886, 94.52709325656146, 95.55031915094897, 90.95862848822833, 92.91501701693574, 88.91546488322352, 85.68492289654802, 84.73326827916155, 86.59410519493854, 85.82486939312408, 84.98406826740512, 86.01383344366323, 86.01383344366323
96.2, 96.60454982507815, 96.97151822717733, 91.0996710347489, 90.7450019721209, 89.80786295420066, 89.77198209660214, 88.33420333339392, 90.56571656309941, 89.61149815476593, 86.27273829856054, 88.36726826970222, 88.90685081190121, 89.47885467715072, 87.62301829171302, 89.46756996380913, 86.1268538949191, 86.59797499589749, 85.99538465063358, 85.78463682479331, 85.76430661395169, 87.31160342349509, 85.16231311832419, 84.98406826740512, 84.18839048711607, 84.18839048711607
96.4, 97.61948306398976, 97.75714294748137, 96.30519460978792, 93.76386574496638, 94.09492529640066, 94.45330794523869, 88.02223761858313, 90.56377340779568, 89.18862718122968, 89.37117178340611, 90.64193423986806, 90.9663966289336, 91.41980815598006, 88.05927018848766, 89.69374418709106, 85.88922846168357, 87.779487445114, 87.31425791179453, 85.8926009680988, 84.73326827916155, 84.32939815556858, 85.82486939312408, 85.9844764676655, 87.10688253296732, 87.10688253296732
96.03, 96.77264145057605, 97.00755778234767, 96.16710543416406, 96.42604754032112, 96.06875878010757, 95.39555620999968, 94.7572503804892, 94.80610535642809, 92.04371228264739, 90.94256957831796, 93.12733325002674, 92.58421414166423, 89.32185935632509, 90.07794972766546, 91.41666760477057, 89.48229265802136, 86.13680196994629, 85.44176385604818, 85.8926009680988, 85.19260737208751, 86.81253066899224, 85.82486939312408, 84.98406826740512, 84.18839048711607, 84.18839048711607
96.74, 94.23429009723549, 95.51269877814282, 94.36822703343533, 95.29760424198352, 96.98866064000306, 94.98401877967201, 94.75715941159876, 91.77846016396653, 88.16970739310419, 85.67588852209451, 84.17834927434514, 85.00796617836136, 85.81502052580596, 85.97271190115322, 84.75618479052292, 85.88922846168357, 84.50371598688248, 84.52382558249198, 85.8926009680988, 84.73326827916155, 86.42021806715616, 86.26884223700708, 87.23075755764712, 88.01643645004356, 88.01643645004356
95.94, 95.87373962575283, 98.11030477416743, 95.2954576698144, 96.31817385415792, 95.37008985612434, 95.21184034052585, 94.27522083773374, 93.9777320880381, 93.65564540052124, 89.17337935517476, 87.79384000270578, 88.4747560374265, 85.85506602482383, 84.31369739456835, 84.75618479052292, 85.88922846168357, 86.61285448535482, 86.36687636058578, 85.8926009680988, 87.1335184855959, 86.06476124946775, 85.82486939312408, 84.98406826740512, 85.52345826869013, 85.52345826869013
96.52, 95.9776412439893, 95.7318559732561, 94.84460261020793, 87.56930155762574, 85.623422442065, 85.48961899980043, 85.4829156262004, 84.10845337987462, 85.25911298499855, 85.67588852209451, 87.94678033694348, 88.34471401746687, 88.38756549845415, 90.27796915717283, 91.01169168526576, 91.36544351546695, 88.02373249896321, 86.69290118626087, 85.8926009680988, 86.90627939737487, 86.45134170575382, 85.82486939312408, 84.98406826740512, 84.18839048711607, 84.18839048711607
95.12, 92.11533241039614, 93.78671171266926, 92.94493443375758, 94.20781055383263, 94.39786658140066, 90.6932049008019, 90.9729490577696, 88.82396124017599, 88.56090324925452, 87.33440876739107, 86.42736815568192, 86.04328675007383, 85.81502052580596, 84.31369739456835, 85.63006731805902, 85.88922846168357, 85.12247505289112, 87.1516852337384, 85.8926009680988, 85.40094040242802, 85.82707816133019, 85.82486939312408, 86.10069427344378, 86.99731979525174, 86.99731979525174
96.05, 96.23876190166791, 94.27521619266719, 91.90033253694193, 92.76411318919067, 95.03925243109077, 94.07963387331127, 85.97020974086446, 84.10845337987462, 85.25911298499855, 85.97471090097469, 85.33931504068816, 86.38352091933928, 85.81502052580596, 86.95755251184333, 87.05934547901501, 85.88922846168357, 84.50371598688248, 86.27427828757425, 86.00725901815113, 84.73326827916155, 85.14514569381468, 85.82486939312408, 85.36325386634948, 85.58723731502778, 85.58723731502778
94.59, 94.69240368873278, 93.90276896186127, 94.92616782918553, 93.90826829115792, 93.67274877842458, 94.2881163923932, 95.25344293341172, 95.5837222584074, 96.24405486981038, 95.01915916372458, 92.79228566530816, 91.25577992663393, 89.08113336879451, 87.00436301382281, 84.75618479052292, 85.88922846168357, 86.11290166475143, 84.52382558249198, 85.15219144082545, 86.30936380427016, 84.32939815556858, 85.82486939312408, 87.29164098567958, 87.2204678286427, 87.2204678286427
96.76, 95.80246448262143, 95.93588403960801, 96.2808199971275, 93.7836670635517, 91.0686732764973, 91.52970827111085, 88.85490090248118, 86.31401109710383, 85.25911298499855, 85.67588852209451, 87.04062881309407, 86.52869175442346, 86.02842599820701, 84.31369739456835, 85.4020733926812, 85.88922846168357, 85.97909379611922, 86.26023378205409, 85.8926009680988, 87.04120559671068, 86.13697634026673, 85.75957209683077, 84.98406826740512, 85.19425991025227, 85.19425991025227
95.66, 94.50597807159892, 95.52632510620681, 92.44583958673853, 91.52432102374574, 92.06915595602516, 90.53476806155261, 90.83382351386804, 90.39890531042603, 86.47778347958965, 86.34881353621618, 84.17834927434514, 85.00796617836136, 85.81502052580596, 84.31369739456835, 84.75618479052292, 85.88922846168357, 86.99189773746971, 87.14927467787449, 85.26883785320128, 84.73326827916155, 85.22085443091652, 85.82486939312408, 86.26678475288652, 85.3388607074015, 85.3388607074015
96.4, 95.77728121637027, 96.92449916666845, 96.18762714545713, 97.33184234822448, 98.79546104041887, 98.84859472660541, 97.8651432017841, 99.7506280333586, 97.60757345334835, 95.59432626731667, 96.5210685960114, 90.85444180038859, 85.73591481018092, 87.09978281985278, 88.71715801284358, 88.87021295674711, 86.55834159407488, 86.33084958995842, 86.07356223608774, 87.14827221777267, 86.86606198820947, 87.64884965276728, 85.37561298335527, 84.18839048711607, 84.18839048711607
95.94, 94.03788448165456, 93.1490332874974, 93.82077464180271, 93.96264293416296, 96.38223030973279, 88.36496522406183, 85.4829156262004, 86.15686001089509, 85.25911298499855, 85.67588852209451, 84.17834927434514, 85.49036997002283, 85.31315070106994, 86.43809071067088, 84.75618479052292, 85.88922846168357, 86.85970215863759, 87.78661814794192, 87.35604911274339, 86.94471176294951, 89.23098050413496, 88.02942382846194, 88.30710757081367, 88.92673244319737, 88.92673244319737
96.91, 96.57156505047983, 94.68255456480794, 94.48504182980962, 94.83136055583059, 95.56830453471056, 95.36250599013722, 96.03385620855106, 95.48848856510844, 95.85975979015183, 96.18530695071313, 97.4894867938124, 98.78181971023895, 96.3095997151314, 95.42062053717326, 96.8661574859889, 97.34402674025665, 98.02903908349481, 96.39038704543097, 96.68999421004561, 97.22354086925712, 98.06003386912354, 96.54445473757664, 96.35374362435219, 98.51758208874121, 98.51758208874121
95.5, 92.17860978007667, 92.15822685897797, 89.55833640272222, 90.41201759220532, 91.55216468330188, 89.36753906595351, 89.93470387492862, 84.10845337987462, 85.25911298499855, 85.0419253529928, 85.84429615203398, 85.9360440633163, 85.81502052580596, 87.46871041623154, 84.75618479052292, 85.88922846168357, 86.61163095100066, 85.47069643489804, 85.9549811868457, 85.91304055348587, 84.32939815556858, 85.82486939312408, 84.98406826740512, 84.18839048711607, 84.18839048711607
96.71, 97.41766013163573, 95.61441642634378, 94.00978208242235, 91.21254279481035, 91.68926429748052, 90.87422650533368, 90.87217214301369, 89.56807100694996, 90.16767042256285, 89.6351377929297, 88.18175153105838, 88.66622847154726, 85.81502052580596, 87.51720968575061, 87.02942574729522, 85.88922846168357, 85.52998546689871, 84.52382558249198, 85.8926009680988, 84.73326827916155, 85.99576398502326, 85.82486939312408, 87.31625331758705, 84.18839048711607, 84.18839048711607
96.83, 97.2240620389423, 96.54629148223415, 94.87746309341668, 93.53069965014949, 94.96882718166684, 93.33019166856609, 94.35604666415782, 96.0702714743483, 94.8087558171949, 95.61607998573108, 95.76946750219427, 95.39118758620444, 95.84104564375345, 90.34982685738811, 87.05724535867029, 87.76251586778899, 86.5323942135857, 86.43001730410705, 86.13887080983325, 85.54880713049609, 86.90189302810248, 85.36945380966054, 87.04236828646546, 87.46984714581396, 87.46984714581396
96.74, 97.78511824365324, 96.0010582196355, 93.71559523227623, 93.18754116066903, 93.88505808078911, 93.95941577818684, 94.17135640371556, 90.0624306112202, 90.46784860287678, 88.69993472166767, 88.98888960569921, 87.19680055653339, 87.17946249281415, 87.53929070325903, 87.19201714016273, 85.17823251638245, 85.10249615872758, 85.76336799713516, 86.54968229284329, 87.19066143097928, 86.33157642833962, 85.76793493469577, 84.98406826740512, 84.18839048711607, 84.18839048711607
95.74, 95.45600351377193, 96.34936952001348, 95.21553571041076, 95.04591510982992, 94.95068971259994, 94.98011280411684, 95.35188750196473, 97.4854011960761, 96.51400561646312, 94.75089612003988, 94.87512910412632, 96.20368090578341, 96.15213378908884, 96.79964185900785, 97.08433511012329, 94.18745920262131, 95.90713200919923, 93.5513601573953, 91.40524686932882, 88.65093425118064, 85.94902406005332, 85.24754657000348, 84.98406826740512, 85.84743043394447, 85.84743043394447
95.66, 97.1039601600235, 98.11317237343398, 95.82166986013216, 95.65615425743347, 96.01256420551346, 97.12296328434978, 97.0341462804326, 96.20909434322206, 92.42417982646225, 91.28775023363906, 91.96744799227773, 92.48941739291237, 90.42248742600141, 92.47843444329555, 93.58818833043568, 91.75630392947927, 89.53024339121191, 90.55753505351163, 90.7245712032548, 89.14693739785524, 87.2830423496733, 86.77214202812719, 84.98406826740512, 84.18839048711607, 84.18839048711607
95.68, 96.99153141699992, 99.31408097286408, 99.52365339419865, 97.07209850171067, 95.11161936751667, 95.73193726624942, 94.82341602072198, 93.68017268007608, 93.11947891601174, 89.45711992695006, 90.18699975355433, 90.26555497643555, 90.22919815678566, 91.80800997683741, 91.14275747380192, 88.16249074747499, 89.20370354480247, 90.37621374939924, 88.37086975309458, 86.71257816996788, 89.05638525048138, 87.57456562929062, 86.49595938233006, 87.93128460458215, 87.93128460458215
95.68, 92.72060481563372, 94.22781771811535, 94.38652073811534, 88.79179481922715, 85.23225021250737, 85.48961899980043, 85.87956750890234, 84.10845337987462, 85.25911298499855, 85.29725265911587, 85.9465000496738, 85.12430477054083, 85.81502052580596, 87.56480015782589, 86.96714628891075, 85.88922846168357, 85.85213215920062, 86.35993810944055, 85.8926009680988, 84.73326827916155, 85.47164035137955, 85.82486939312408, 85.16566353223014, 87.0604352159681, 87.0604352159681
96.82, 97.48003582764865, 99.90888149805069, 99.97243673398658, 97.85652382297111, 98.35908798384726, 96.98710050651665, 95.8870002489628, 96.31052850561917, 93.64684403348852, 93.98644799000364, 95.8389747622973, 96.39841343829785, 95.73785167057892, 95.58809171887606, 94.57847072455381, 87.57155091432844, 87.06910545740277, 88.56599654846435, 86.67388785163786, 84.73326827916155, 84.32939815556858, 85.82486939312408, 86.71298004252414, 89.04230882419776, 89.04230882419776
96.13, 96.91938258980535, 99.05300982196975, 98.72156498083149, 98.43951294962673, 97.1358194120091, 96.1409795228452, 95.06018827538088, 93.74088720315123, 94.22267330549833, 94.24099382223542, 91.49042934119471, 86.25441623916362, 86.53160866575355, 84.31369739456835, 84.75618479052292, 85.08009634282604, 84.50371598688248, 84.52382558249198, 85.8926009680988, 86.86376509412824, 86.09459576275722, 85.82486939312408, 86.72144456569863, 86.53195124172895, 86.53195124172895
96.36, 96.71627663809939, 95.91789147389872, 93.8793955329184, 92.23169648388081, 93.41275128947397, 93.74655134865321, 92.70028062128588, 93.08354649831129, 89.17838099549523, 86.54730822672148, 84.17834927434514, 85.00796617836136, 85.81502052580596, 85.26289449106612, 84.75618479052292, 85.88922846168357, 85.32578176241395, 85.99763396392832, 85.397654507687, 84.73326827916155, 84.32939815556858, 85.82486939312408, 84.98406826740512, 84.18839048711607, 84.18839048711607
94.96, 90.22026531615008, 85.92928117344934, 85.68112224577713, 86.44265391833672, 87.18147410238372, 86.77476911399478, 86.27979106894128, 86.81942805038781, 87.16483537059901, 88.0876683196757, 86.99450069702966, 88.57924478654459, 85.63671708215013, 85.10163047405447, 85.70907442416872, 85.88922846168357, 87.54524773076143, 88.64945916792601, 85.8926009680988, 84.73326827916155, 84.32939815556858, 85.82486939312408, 84.98406826740512, 86.22722685826315, 86.22722685826315
96.65, 97.93609875450473, 98.56619959561748, 96.5737722564707, 96.99319399761916, 97.61928916126564, 96.29414228150084, 96.91504395655787, 97.40268758902343, 92.5750712107838, 92.25803026951922, 91.30938759900232, 87.66910489256809, 88.27821158250751, 84.31369739456835, 85.08520373970127, 85.88922846168357, 87.07257283652696, 84.52382558249198, 85.8926009680988, 86.35032161246613, 86.75203797632025, 85.82486939312408, 85.65274820379716, 85.44519359557516, 85.44519359557516
96.34, 96.99026649543394, 93.27528914227291, 93.85107954877931, 93.77275472558432, 94.09123627413916, 94.41496200313948, 94.8974901147098, 96.73541141603073, 95.4252273888081, 95.01189880404398, 93.99611486174312, 90.06636879810114, 89.97149111881154, 91.61960007518843, 92.21285639860469, 91.84112842295487, 90.75930591833328, 87.36061920444878, 85.23253602036178, 84.73326827916155, 84.32939815556858, 85.82486939312408, 86.47258107999366, 88.80349543590539, 88.80349543590539
94.98, 92.03316691445302, 93.33144529753545, 88.75650143804056, 85.25147394837903, 84.10957757803895, 85.48961899980043, 85.4829156262004, 84.10845337987462, 85.25911298499855, 85.60655110312067, 85.7579987524864, 85.94629874844948, 85.81502052580596, 84.31369739456835, 84.75618479052292, 85.88922846168357, 84.50371598688248, 84.52382558249198, 85.21715143204898, 86.65545457637045, 84.32939815556858, 85.82486939312408, 85.66354474891801, 88.26966267243606, 88.26966267243606
96.23, 95.45462142145516, 95.07623228443585, 92.673369779294, 92.60697051031832, 95.16483123907224, 94.17901460991463, 90.78096233096707, 92.27492151479855, 91.93081447099972, 91.97792012708977, 92.89415506902309, 91.20690520016477, 91.14197404796816, 92.65602038996894, 93.46796471028621, 93.4653427113881, 92.50300815898352, 91.47794037663677, 90.47788308413294, 89.59431224374376, 86.07217206800068, 85.82486939312408, 85.93621733144107, 86.14656553083918, 86.14656553083918
96.54, 97.66624113204038, 97.58843431341303, 95.96548460107499, 97.45437289209978, 96.95111742699609, 97.40441714867801, 97.00481431614203, 98.61937654648008, 98.69479808222283, 95.79157777077783, 95.79440733061404, 91.4885686074604, 86.69406058527859, 86.55406255299042, 84.75618479052292, 85.88922846168357, 86.61806290335394, 84.52382558249198, 85.8926009680988, 86.81636652735062, 87.21594182880719, 85.82486939312408, 84.98406826740512, 86.44630268233719, 86.44630268233719
95.94, 96.8414974236364, 98.82559601614278, 96.97953771107903, 96.71220880132296, 99.25631793769303, 100.10566596693664, 99.30227708691244, 98.48454717635494, 97.52184494758419, 96.1724797845387, 96.73719574850352, 98.40257959369306, 97.56138010658093, 96.15923541645367, 93.05075589137033, 87.94160374109566, 86.06934132698717, 84.52382558249198, 85.8926009680988, 87.65078646081737, 87.3552291181787, 85.82486939312408, 86.70201097427321, 88.73835643970003, 88.73835643970003
96.0, 96.27023106031449, 95.66598408214202, 93.66402812721911, 92.6503668990136, 94.33507644923665, 93.36264007343591, 92.67662766495609, 93.77112934110613, 93.43342929756923, 92.02159276725305, 90.85870201897383, 87.56339271448532, 87.40545931570323, 88.76379219853678, 88.59691985381365, 85.62418710458896, 87.37752146295246, 88.18529019549938, 85.32286075367884, 87.24158300435163, 84.32939815556858, 85.82486939312408, 87.27880010836499, 86.04044927047502, 86.04044927047502
96.86, 95.82182282376372, 97.87080229716666, 98.23443747475113, 86.30136214121393, 86.80379020939432, 87.7945879526955, 88.73539650627022, 88.03988902434844, 88.92695145313857, 88.91546609928446, 90.95638731689242, 92.25663088672833, 92.29710736354447, 91.34348426396826, 86.58490726103813, 85.449184905688, 85.47846577424578, 87.57748019634668, 87.56220427456165, 86.82425099651674, 86.40823181468762, 85.82486939312408, 85.93945201799981, 85.13640128481305, 85.13640128481305
96.12, 94.84727522842869, 95.61155041904075, 90.6925021286948, 87.45781063226127, 89.23570638858573, 88.46472439485086, 86.50277420767644, 88.91282515669144, 89.3295849495435, 88.65046897779736, 90.30251069322661, 89.35272157332638, 86.1825643070591, 88.55374684247376, 89.58101713313356, 87.39124065754238, 87.55758506398875, 87.77134760817523, 86.85951571029938, 88.02260175304379, 86.76580190868336, 85.82486939312408, 87.49588104515132, 87.19254847051478, 87.19254847051478
94.91, 92.18828500716991, 93.2699366171273, 92.24265826873783, 91.68758593011461, 88.7193439924712, 85.48961899980043, 85.4829156262004, 84.10845337987462, 85.25911298499855, 85.74198336309763, 84.17834927434514, 85.54660481655215, 85.81502052580596, 84.31369739456835, 84.75618479052292, 85.88922846168357, 86.03414093922262, 85.63390788787805, 85.69729234379108, 86.03485813501551, 87.51102200218969, 87.872743775449, 87.78220457071549, 87.79679840702681, 87.79679840702681
96.63, 94.17536027092997, 96.07116829927183, 94.52373637716894, 95.9465250314708, 97.71456956667761, 98.08952012860861, 98.26587682147898, 99.36693145471429, 97.60792672835044, 92.66610389933719, 91.03910965206829, 88.98030999789414, 85.65908431697176, 86.92411170296648, 86.21153550644586, 86.22889911270664, 86.03134968964919, 86.44936638834858, 85.8926009680988, 85.8862652679552, 84.32939815556858, 85.82486939312408, 85.10945984017434, 86.6125057603546, 86.6125057603546
96.72, 96.46319489628556, 97.51894584910727, 94.33745094724223, 93.89593016475492, 94.96915118329332, 95.13837914332565, 94.8048428028797, 94.45565445717706, 90.036546835869, 90.41733279377615, 89.96427633817396, 90.9882606465377, 85.81502052580596, 85.92929023802412, 86.98791765305107, 85.88922846168357, 87.34698600327282, 84.52382558249198, 85.8926009680988, 86.70897866831692, 84.32939815556858, 85.82486939312408, 85.80667184528592, 87.55763787000062, 87.55763787000062
96.1, 96.0167149909809, 94.45775779416967, 94.99286919643625, 91.10363527062975, 89.68680239830375, 85.48961899980043, 85.4829156262004, 87.00807997874489, 86.51364005158942, 86.24285144974208, 85.97637026488886, 87.49807355474266, 86.69288629949567, 88.31649211761629, 85.92312833144186, 85.88922846168357, 84.50371598688248, 84.52382558249198, 85.8926009680988, 86.30795274883583, 86.86910202271046, 85.24280141044235, 84.98406826740512, 86.56649416037328, 86.56649416037328
96.14, 93.8554055028074, 93.59355017970002, 92.07585491588584, 91.89892456738895, 92.9373031094717, 91.3220899394113, 87.47595377488855, 88.28924536774362, 88.63479316646121, 87.21746679209956, 85.56998771767952, 85.00796617836136, 85.81502052580596, 86.08077584558292, 87.39999328186086, 86.97926957423643, 84.50371598688248, 84.52382558249198, 85.24782728598241, 85.02048636035217, 87.04088066446684, 86.7401729226258, 87.54309103694663, 87.30448589399491, 87.30448589399491
96.57, 95.34770970501413, 96.95827265089339, 97.21599053302634, 91.90454183869718, 92.9052883992554, 93.73516059640113, 94.39060263956716, 91.22268044997708, 85.61018503456995, 85.23110944523603, 87.67159439233514, 88.19540779681839, 88.17470442206248, 90.03122154021565, 90.62710758719994, 87.92167910471372, 86.2289884801425, 86.3732858266986, 85.8926009680988, 85.6468486963037, 86.2443058033981, 85.82486939312408, 86.4360185887762, 84.18839048711607, 84.18839048711607
97.24, 98.87016210919913, 98.08577759433298, 93.435823645648, 92.90587023010278, 91.14404686022188, 90.02937358804232, 85.9828150679841, 86.76882249732508, 85.14954449672456, 85.67588852209451, 85.10285775548057, 85.00796617836136, 85.81502052580596, 85.86244654087643, 87.44784075170611, 86.17002985006847, 86.91205766082001, 84.52382558249198, 85.8926009680988, 85.28411105928544, 84.32939815556858, 85.82486939312408, 84.98406826740512, 84.18839048711607, 84.18839048711607
96.67, 90.01064398678241, 90.90533335324767, 91.1796038372697, 92.52214538565289, 93.28864625897248, 91.3603541248039, 92.0987800815882, 94.5932265146531, 92.25276169371993, 90.65862608667742, 86.76636175161143, 87.31400572126533, 87.3365588422798, 85.74749312423745, 84.75618479052292, 85.88922846168357, 84.50371598688248, 85.0634598710526, 85.8926009680988, 84.73326827916155, 85.68748929974585, 85.61670005705626, 84.98406826740512, 85.71629542128179, 85.71629542128179
96.4, 96.5048309545143, 96.40540843593632, 96.24945133754822, 93.89243471601408, 91.72884820057706, 88.12846213216503, 86.3063996464664, 87.39183823136864, 87.69701689638588, 87.47822165564136, 88.07574409698104, 85.00796617836136, 85.81502052580596, 86.73248980353344, 84.75618479052292, 85.88922846168357, 84.50371598688248, 84.52382558249198, 85.8926009680988, 84.73326827916155, 86.49136135335067, 85.82486939312408, 85.73667960709285, 87.86957281558529, 87.86957281558529
96.11, 97.42110348244962, 94.75530756171061, 93.04342327410544, 93.2650014617931, 95.20944572915057, 89.95457274643945, 88.73506882387161, 86.54067369169691, 85.78528804786865, 86.88419316206245, 84.17834927434514, 85.18069277110078, 85.93561713244077, 86.725201416794, 87.94161733511784, 87.04520489292197, 85.96836486739096, 85.91610750283358, 85.8926009680988, 84.73326827916155, 84.32939815556858, 85.82486939312408, 85.4323070986009, 87.24275792103143, 87.24275792103143
96.24, 96.89889721357146, 96.02743592647927, 92.624964002543, 92.39597676751771, 92.5325178154951, 90.66786188917875, 89.42061599580643, 90.43579195913797, 90.63686509559328, 89.52550815395394, 91.21461059777167, 87.73545998773432, 86.8069522107382, 88.01984610001554, 87.81449345640098, 85.88922846168357, 86.73691205890785, 85.42892245438013, 85.8926009680988, 84.73326827916155, 85.70071987630446, 85.82486939312408, 85.27503572598306, 84.18839048711607, 84.18839048711607
96.47, 96.33914590805747, 97.81855714225061, 92.79790129090516, 93.87901299899838, 92.55520615008489, 92.11221187535266, 92.83436929894691, 92.3046745064601, 91.85255825109451, 89.34565986037023, 86.77281366808704, 86.1965314419904, 85.40813166719245, 86.40899423085132, 84.75618479052292, 85.88922846168357, 87.34387735023397, 88.69985339108094, 85.56146345881807, 84.73326827916155, 85.15797595071646, 85.82486939312408, 85.00938803622756, 84.18839048711607, 84.18839048711607
95.77, 95.26815534643143, 97.58160084025815, 97.8923180032638, 88.9101256581537, 89.59353937952307, 85.48961899980043, 85.4829156262004, 84.10845337987462, 85.25911298499855, 85.67588852209451, 84.17834927434514, 85.00796617836136, 85.56540047828022, 84.31369739456835, 85.83804670597215, 85.10426272204907, 85.4981512144038, 87.16945893878881, 86.31180704901342, 86.4633488010659, 87.86771728950463, 87.7387553351691, 88.56889482397564, 89.95857033097033, 89.95857033097033
95.8, 97.40220326781595, 99.04288774576564, 97.87229284714498, 94.52390394884699, 96.14141979983076, 94.19542416075997, 93.43691871739858, 92.43321106420439, 89.76565649360734, 88.45511577461168, 87.08809005458787, 86.66380543426285, 85.81502052580596, 86.84907701271007, 87.89697543502304, 87.10937920341334, 88.86318705011935, 88.8670770335863, 85.3736741565468, 86.23891737514568, 87.097481495949, 85.82486939312408, 87.46401765265603, 88.26183229733603, 88.26183229733603
95.81, 94.22573449726063, 94.17068660126519, 92.52194418973436, 92.43304361483546, 92.78126400275191, 93.34030498590079, 91.60655194878167, 92.74653088894166, 89.59193067150038, 88.27361546205762, 88.70480579303965, 85.00796617836136, 85.81502052580596, 86.81925956198442, 88.4008775096122, 88.72766441413064, 86.22924141358678, 87.82775222972023, 87.56023793275858, 87.6422282042838, 87.72937767193136, 85.82486939312408, 84.98406826740512, 84.18839048711607, 84.18839048711607
95.85, 94.8111742284467, 92.67312052175498, 90.82841630633848, 90.1962272376331, 91.99731037120789, 90.57174535012393, 90.79078166786826, 91.91062721304955, 92.61854552151672, 93.34715126751215, 91.09275054818428, 89.49420122154427, 88.06317426707635, 84.31369739456835, 85.1965504915121, 85.88922846168357, 85.04056682591276, 85.38767439639257, 85.8926009680988, 85.6921379129551, 86.47855449408829, 85.89034364096432, 85.13888767628373, 85.81012625578764, 85.81012625578764
96.75, 93.0423029058007, 95.01142374544828, 91.38436405763491, 90.62365387933114, 91.41521471033367, 90.691070529133, 88.36155981369002, 89.02897776900305, 86.12669212130162, 86.41773573189421, 85.28042317696664, 85.00796617836136, 85.81502052580596, 87.38454800258563, 89.06706467987114, 85.00916196796625, 86.56499492965291, 88.41556805385314, 87.99516980690692, 88.90466461555869, 89.53425946173596, 87.66785208939366, 84.98406826740512, 86.1629726951741, 86.1629726951741
95.95, 97.50418269615827, 95.01858663220332, 94.25394362425962, 94.80735080032652, 94.95316617447025, 91.53722936055063, 92.23511221271251, 91.70172779737061, 91.1263828552267, 88.48992393922352, 86.16122345490461, 86.68812175066768, 87.3365012450934, 86.67453164820017, 85.87267175379827, 86.64416506531872, 85.24768495313538, 86.25459962213296, 85.8926009680988, 85.78178348882848, 84.32939815556858, 85.82486939312408, 85.9588300716892, 84.18839048711607, 84.18839048711607
96.41, 95.44347436074621, 95.91504333967437, 92.82615001556442, 89.53576956217113, 84.10957757803895, 85.48961899980043, 85.10612465828935, 85.79918832342548, 85.25911298499855, 85.67588852209451, 84.17834927434514, 85.00796617836136, 85.32992370038814, 84.31369739456835, 85.51489006784648, 85.57710295350178, 85.04624940840493, 84.52382558249198, 85.8926009680988, 84.73326827916155, 86.54038261508312, 86.13136569074626, 87.63305895362816, 88.97173545615757, 88.97173545615757
96.13, 96.13893118838995, 96.09573567119764, 91.78240931315072, 90.81354451890242, 87.27273828241368, 85.48961899980043, 85.4829156262004, 84.10845337987462, 85.25911298499855, 85.67588852209451, 84.17834927434514, 85.00796617836136, 85.81502052580596, 86.77800103449412, 87.10695885306987, 85.88922846168357, 86.01420887430746, 86.77669049183763, 86.33573938083127, 84.73326827916155, 84.32939815556858, 85.82486939312408, 84.98406826740512, 84.18839048711607, 84.18839048711607
95.27, 94.50953829912459, 94.62337714762326, 91.83905872197286, 92.33390244356279, 94.42736557847361, 93.87270763900865, 93.83687607806347, 95.93252044210197, 94.44693287019653, 92.87082479143518, 92.44430496059137, 90.5714625227869, 86.19575451633044, 87.17867060900201, 87.00977255568267, 85.88922846168357, 85.29812575503867, 86.08425749493766, 85.8926009680988, 86.61196364942752, 84.32939815556858, 85.82486939312408, 87.56214119986386, 89.5098250343782, 89.5098250343782
95.58, 95.55819643488509, 97.66612628280058, 98.04310733997168, 99.0963432325272, 98.5453395411968, 99.36780818866984, 95.44787706721158, 96.86844128640737, 97.79657919785957, 95.4587724917355, 94.51832127565896, 95.97806704741205, 88.1079538193551, 89.72511292949709, 90.401668465915, 90.93417399004353, 90.22295847133856, 90.17620561147274, 88.25690154334531, 85.41994148025474, 84.32939815556858, 85.82486939312408, 86.88597596259766, 87.1917965707358, 87.1917965707358
96.87, 95.41958877941984, 96.87130272719962, 94.45268057193297, 94.15138208252499, 94.8200716679092, 94.02825080134906, 94.81798248293146, 94.16498039052398, 89.08600078077036, 88.91870654298035, 87.91989236854101, 87.97226521185706, 86.87881867430575, 89.00739872755803, 89.30327845213726, 89.94981302941098, 91.38295412556108, 91.91190299452012, 90.79597936550407, 90.54713293801773, 86.0806716832847, 86.54625349317811, 84.98406826740512, 86.23434386274772, 86.23434386274772
95.67, 95.87436086313079, 95.33624204920588, 95.06305531030942, 95.72854939627257, 90.67639347422366, 90.86922048447776, 90.16213623890756, 89.06652669572911, 89.26014397044938, 85.1720702920746, 86.40916844372634, 87.16781541753771, 85.81502052580596, 86.98050201254527, 87.1049115487258, 85.61914724513785, 84.50371598688248, 85.38930838517904, 86.02044788496775, 87.01548179797388, 85.695757177651, 85.28569128078932, 84.98406826740512, 86.81967743643474, 86.81967743643474
95.8, 97.45338091834041, 99.23242709525256, 98.64316321602207, 96.68545877000803, 92.11931239048282, 90.38267355226438, 85.72137466827779, 86.76984101089397, 85.25911298499855, 85.67588852209451, 84.17834927434514, 85.00796617836136, 85.81502052580596, 85.23066376878936, 84.75618479052292, 85.88922846168357, 85.78186920482828, 86.96532522658302, 87.63490102931932, 84.73326827916155, 84.32939815556858, 85.82486939312408, 86.74188276617255, 88.06916847923158, 88.06916847923158
95.98, 96.98256072193058, 97.87432364711462, 96.01360418586569, 95.43796335938372, 95.17172324003387, 94.25753121970455, 94.95354143664612, 95.03784242453406, 95.4603243221928, 94.71774046385092, 93.73886350546844, 92.27129842723308, 89.38805245864806, 86.69213112647894, 86.3813632485312, 86.55408729443798, 84.50371598688248, 84.52382558249198, 85.8926009680988, 84.73326827916155, 86.67523808764582, 86.15487647874637, 84.98406826740512, 84.18839048711607, 84.18839048711607
96.16, 91.6933232468616, 91.47115161932531, 90.79193234958011, 85.50015630837585, 86.10436024588469, 85.48961899980043, 85.66948498841963, 87.32628745995025, 85.16207334980115, 85.67588852209451, 87.06916445176034, 87.07173732436158, 85.81502052580596, 85.49968364931047, 85.52541419217394, 85.88922846168357, 84.50371598688248, 85.70340614871263, 85.8926009680988, 84.73326827916155, 84.32939815556858, 85.10334655689846, 85.58863855635737, 86.93700564058486, 86.93700564058486
95.7, 90.23898330831963, 88.25702279077139, 87.49177041784623, 85.43138569180253, 86.89936727967155, 87.20283942052826, 87.05086136233099, 89.42100303154241, 86.74008617417817, 85.67588852209451, 86.53736648442884, 87.3477323055077, 87.75227157891197, 88.60054701455852, 86.34900255404258, 85.22803857340524, 84.50371598688248, 84.52382558249198, 85.8926009680988, 84.73326827916155, 86.29673670466991, 85.82486939312408, 86.43947799800874, 86.73705229231616, 86.73705229231616
96.18, 96.51114735568213, 97.19805245396645, 90.41239291362949, 89.58655887909111, 89.24180098159258, 85.90431374242338, 85.64115341223254, 88.03598958260818, 88.25265396108661, 85.67588852209451, 85.79015107532484, 86.59069731545775, 85.81502052580596, 86.11567515837265, 85.03875024582655, 85.057650915718, 86.45092162020528, 88.04079362427436, 87.5491144303941, 85.019200645546, 86.11861978663904, 86.33355623188218, 86.94520240697793, 86.50190770238164, 86.50190770238164
96.31, 94.26962247628927, 93.92572026598887, 91.6878009817433, 88.63405751237418, 89.67133802391574, 88.84735126917639, 88.39112557629514, 84.10845337987462, 85.25911298499855, 85.4467817600885, 85.83787448405745, 85.00796617836136, 85.5640330568238, 87.43060588180491, 84.75618479052292, 85.88922846168357, 86.34069442581827, 84.52382558249198, 85.8926009680988, 84.73326827916155, 85.11759866108869, 85.82486939312408, 84.98406826740512, 86.38159838803448, 86.38159838803448
95.74, 97.104192499465, 94.34061710423892, 91.11953376726842, 91.85702167479175, 91.67521136739565, 90.08964729327961, 90.91044174789032, 87.52986109940582, 87.63134872945245, 85.67588852209451, 84.17834927434514, 85.00796617836136, 85.81502052580596, 87.46310561023176, 89.14972140707678, 85.88922846168357, 84.50371598688248, 84.52382558249198, 85.8926009680988, 85.5112781358498, 84.32939815556858, 85.82486939312408, 87.48249766981453, 86.54566177681991, 86.54566177681991
95.59, 95.41387933600394, 97.06058999658926, 97.35750524972633, 95.54502472756917, 97.8468283586804, 91.510911279947, 91.59337545544443, 91.67117603860251, 88.78254207471478, 88.45375506739882, 85.74216769302951, 86.45762331371903, 86.1945188996617, 84.31369739456835, 85.97178125448201, 85.88922846168357, 86.20694627567315, 85.47359257596709, 85.93967976047335, 86.42905054358901, 86.764045817178, 85.82486939312408, 84.98406826740512, 86.83048027521939, 86.83048027521939
96.08, 92.96693944880941, 94.06058104671669, 91.21032699248669, 89.22744869734868, 89.32715310162172, 88.82099644481023, 85.4829156262004, 87.2867013808462, 87.76926806811618, 86.22042832492698, 88.77048324143797, 89.60621508086672, 85.81502052580596, 85.18054227028001, 84.75618479052292, 85.88922846168357, 84.50371598688248, 84.52382558249198, 85.8926009680988, 84.73326827916155, 86.81349559483833, 87.10578330766754, 87.10050225888041, 85.03411224623086, 85.03411224623086
97.0, 97.51505160297188, 97.01812646304516, 96.4608574573238, 95.32860472065731, 97.81884440165283, 92.49302010730227, 91.34740920091569, 91.10465474050112, 90.03845323757164, 88.54047013238454, 90.19823167166348, 85.00796617836136, 85.22711338275533, 86.90085343007489, 87.01484350204784, 87.48990905195654, 88.33494582414731, 87.51388527363908, 87.92020631570763, 87.87770776353416, 85.23606926761735, 85.82486939312408, 86.81035149261812, 87.75253989604121, 87.75253989604121
95.91, 93.67038845787759, 92.6594424948044, 93.03037885275558, 92.00828919186574, 94.57803625652723, 94.09661071248573, 94.2171012665921, 90.70918583661418, 87.95781884528766, 86.3672025360404, 86.87991729672103, 85.00796617836136, 85.81502052580596, 85.98907302967751, 85.6852063309771, 85.88922846168357, 84.50371598688248, 85.9818704601944, 85.8926009680988, 87.31429780750132, 88.471348261363, 88.3434733955567, 89.46660311973713, 88.43304391541194, 88.43304391541194
95.54, 95.88535439072018, 96.49002584078775, 95.66266888279247, 92.98343049648338, 94.82291804233103, 91.69593929928487, 90.88120263474663, 92.31839040027549, 91.49222757860068, 91.82443875519056, 94.14203862094216, 93.65253065910595, 92.27042360919367, 91.02092590077946, 92.10263833898762, 87.95246391804861, 85.77684875370964, 86.34544398781497, 85.8926009680988, 84.73326827916155, 84.32939815556858, 85.82486939312408, 86.35775908198451, 88.74334846756517, 88.74334846756517
96.8, 91.78212510006598, 92.45958474663678, 91.00249417693553, 91.49537827137564, 90.54954383181244, 88.25814740789377, 89.41488482654805, 91.13845539386293, 91.18712673418277, 91.25774074154363, 91.36986304421876, 90.84269995679531, 89.73515874136916, 91.97457484962378, 91.70793270348238, 91.34542724017383, 92.06937151625118, 91.7564221588116, 89.5162678288262, 89.41768990544723, 91.77643260105295, 92.51856625165684, 91.49531464624924, 92.90767248439062, 92.90767248439062
97.11, 97.09611302056635, 97.55347902221013, 93.96672503675107, 95.34503839178444, 96.91772306538569, 92.471637850323, 91.88696962631266, 92.4919557700593, 90.61796243504259, 90.94150988339146, 89.41008141542603, 88.42364608540515, 88.4688006714879, 87.99627180165702, 89.00500929005624, 88.1071227882873, 87.89344226999069, 90.00672023042817, 85.8926009680988, 85.3291937711355, 86.13963089512275, 85.1375626044485, 84.98406826740512, 84.18839048711607, 84.18839048711607
95.84, 96.4750775088187, 96.69631934947571, 94.5643567830441, 94.76348413880001, 94.40202403950593, 93.56598702090487, 88.79745853406868, 87.30476065920558, 86.97259697138811, 87.49509391666045, 86.77710335274598, 85.71700439396795, 85.81502052580596, 84.31369739456835, 84.75618479052292, 85.88922846168357, 85.61777340138896, 84.52382558249198, 85.8926009680988, 84.73326827916155, 84.32939815556858, 85.82486939312408, 87.06392055005045, 87.24235954174524, 87.24235954174524
95.75, 95.02978398860013, 97.08328246071333, 97.6680372268599, 95.18249084159747, 97.04398922966777, 95.54578538415356, 91.94030836455865, 93.90474663814979, 91.20178698822752, 87.41978931869674, 87.79521684620357, 88.70525075526474, 88.37529533526073, 90.11365049427252, 91.74678350864808, 91.53113976050493, 92.73837266610931, 94.62190499149591, 94.38255198738538, 94.12057296096944, 93.43578325986158, 93.41187977619157, 94.22217963736257, 85.8634961569847, 85.8634961569847
96.55, 97.35457066151741, 97.91953780295972, 98.0600493642368, 96.91397272841617, 95.1737868564993, 96.15822637773474, 93.1550771841933, 94.76312594116459, 91.7631231875003, 88.81042780666078, 84.17834927434514, 85.00796617836136, 85.81502052580596, 84.31369739456835, 84.75618479052292, 85.88922846168357, 84.50371598688248, 85.94521940631658, 85.79716000924574, 85.35603150662449, 84.32939815556858, 85.82486939312408, 84.98406826740512, 84.18839048711607, 84.18839048711607
96.8, 97.30672500366808, 97.51259416264352, 97.58097598427943, 96.23612239606781, 97.38067285535476, 98.31133013181382, 98.10626654917642, 91.890139568552, 88.33600001814504, 89.33708886688727, 88.58284290967417, 89.34110720058149, 86.6296318217787, 88.54277173283776, 87.99506228509527, 85.88922846168357, 84.50371598688248, 85.27049792120502, 85.8926009680988, 86.75965547953301, 84.32939815556858, 85.82486939312408, 85.57868120146108, 84.18839048711607, 84.18839048711607
95.66, 95.96343038397029, 95.90808082764902, 94.19725757527286, 94.88918786151035, 97.11471436464791, 97.1742958943327, 98.29243133222565, 99.05997075577906, 96.50328951970951, 93.31735986473564, 93.54012797216336, 91.86793558474565, 85.81502052580596, 84.31369739456835, 85.5650634077128, 85.52617551420606, 84.50371598688248, 84.52382558249198, 85.8926009680988, 84.73326827916155, 86.03149320962589, 85.48425979700195, 86.19403528795623, 85.53244396171395, 85.53244396171395
95.63, 90.78546063599865, 92.93120272690125, 91.60938766775853, 88.1115423942317, 85.83589478398449, 85.76279249995133, 85.9296686193921, 86.64795104159282, 87.5175800045704, 85.67588852209451, 84.17834927434514, 85.00796617836136, 85.81502052580596, 84.31369739456835, 84.75618479052292, 85.88922846168357, 84.50371598688248, 84.52382558249198, 85.8926009680988, 85.09663139832472, 86.7551969264601, 86.66666841334201, 87.0765854186182, 86.79916827624176, 86.79916827624176
95.4, 92.24788120061577, 89.516912899004, 85.68112224577713, 85.25147394837903, 84.10957757803895, 85.48961899980043, 85.4829156262004, 84.10845337987462, 85.11586542083887, 85.64510336371079, 84.17834927434514, 85.00796617836136, 85.81502052580596, 85.6224349205605, 84.75618479052292, 85.88922846168357, 86.80359147223169, 88.97771785034658, 87.70447596378621, 87.49238414658373, 85.81635988849506, 85.82486939312408, 87.12516961255696, 85.53865646544205, 85.53865646544205
96.49, 97.24746059809529, 88.20779326752826, 86.24233888341742, 85.25147394837903, 84.10957757803895, 85.48961899980043, 85.4829156262004, 85.94166008812404, 85.62684077378812, 86.72461424307863, 84.17834927434514, 85.00796617836136, 85.81502052580596, 86.10516487986429, 85.06183150775213, 85.88922846168357, 87.23339209474749, 88.03516101027077, 87.95668020923274, 86.27635283322722, 87.72925027045319, 88.63555451297347, 89.28948520912839, 86.65165970064875, 86.65165970064875
97.53, 95.48697565797163, 96.18802751037167, 95.55676486810675, 96.5260600561351, 98.28752024577291, 95.92343744936488, 95.0476935937133, 96.75775427444297, 93.36845805806188, 91.93608175562296, 94.02210788665197, 94.6140698954277, 91.80885918205945, 91.67151752593664, 92.30004179638209, 91.2341810372669, 88.99105439767283, 86.60709769827216, 85.8926009680988, 86.27713835205863, 87.85086302632864, 87.66825585036233, 88.6458884587572, 90.84768115745206, 90.84768115745206
95.84, 88.67488832617909, 88.58642627248973, 86.18418057966836, 87.14329718433574, 88.63640756213903, 85.48961899980043, 85.77070092774312, 86.29208949864127, 86.79897691980956, 87.0896028184877, 87.30511923311016, 87.23686520418198, 85.70532067090288, 84.31369739456835, 85.10320985022304, 85.88922846168357, 87.26908574362459, 84.52382558249198, 85.8926009680988, 86.87832879379263, 87.54956746734628, 86.13014999637431, 86.551160050223, 87.7185987373329, 87.7185987373329
98.09, 99.4545433594076, 99.59332498646347, 97.20094056146542, 98.0045336582455, 98.36600310106073, 96.5076629157534, 96.88976096278982, 97.54371155191578, 96.0670723683462, 93.94833503697697, 92.93597187688046, 92.16514713460899, 89.34564439349636, 90.69348347746904, 89.42011207443615, 86.20088662016146, 88.2838321205393, 86.72566968755662, 87.36008738148433, 86.93473692538103, 87.19205830475958, 86.90154158428945, 85.66776860611829, 87.25666615831665, 87.25666615831665
95.81, 93.94809213787063, 94.82341595013389, 93.0605869688512, 93.05970414375345, 93.86762266209841, 94.66672338439773, 93.59890853101653, 84.10845337987462, 85.25911298499855, 85.67588852209451, 85.95707296117082, 86.34721497838883, 85.81502052580596, 86.95049590051941, 88.13620426008227, 88.33094194276855, 84.50371598688248, 84.52382558249198, 85.8926009680988, 86.24504315142515, 85.52475942580075, 85.82486939312408, 86.65452164173315, 87.59007348132435, 87.59007348132435
96.88, 96.80586909313044, 95.05975175275852, 93.70154116476121, 90.98369032003164, 93.17006102329414, 93.13234831918074, 92.7651979560872, 93.07429117007904, 91.98171484578175, 91.0473790584153, 93.23293331457164, 94.56736057165439, 94.43536657171283, 91.56060749589278, 93.46691830686174, 93.731185880284, 95.04748149481345, 91.86956230116272, 91.6584292028604, 91.41432754583704, 86.94117604885136, 85.82486939312408, 85.81936421131404, 85.27346916118248, 85.27346916118248
95.6, 95.70286899690205, 95.22441955449752, 93.57185332979999, 92.92666646718317, 95.28149985900534, 96.08525993543978, 94.17307226677978, 90.82084990413098, 87.36339706414013, 86.90376303443475, 86.93774375316993, 85.00796617836136, 85.81502052580596, 84.31369739456835, 84.75618479052292, 85.88922846168357, 84.50371598688248, 86.40303246126882, 85.09859197424629, 86.18867159689499, 84.32939815556858, 85.82486939312408, 86.73420031344727, 88.8420254450735, 88.8420254450735
95.6, 95.16047743846741, 96.3057275716126, 95.17082486574121, 91.880441593243, 93.05814477891774, 92.05472232915774, 90.64034235101721, 90.47465747971216, 90.7330009718563, 89.51904583441761, 91.42182244599351, 89.0118214678532, 87.20698212038228, 87.97758152580602, 88.76825051586279, 85.46487887184358, 84.50371598688248, 84.52382558249198, 85.8926009680988, 85.36451076406233, 85.96866855547454, 85.82486939312408, 84.98406826740512, 84.18839048711607, 84.18839048711607
96.05, 94.28268166617657, 90.53791399549355, 90.9308893483536, 91.7592735832059, 93.88488424455267, 92.74014872346302, 93.1759710833038, 94.75778161902974, 94.83017974361954, 92.89418810935202, 93.94532028494699, 92.87019543981633, 91.93544944240725, 89.20427637897457, 88.96330636857424, 85.17734648342935, 85.56347546324369, 84.52382558249198, 85.8926009680988, 84.73326827916155, 86.56571086836729, 85.82486939312408, 84.98406826740512, 86.33575575227339, 86.33575575227339
96.28, 94.95446988809988, 95.97182011840508, 94.72828514724927, 85.23026559525603, 84.10957757803895, 85.48961899980043, 86.69712112410636, 87.15804917968053, 85.25911298499855, 86.05288511579285, 88.17655587095035, 89.10577673360224, 86.10306283341048, 85.67780072225783, 84.75618479052292, 85.88922846168357, 86.69117678985734, 84.52382558249198, 85.8926009680988, 87.79258062649846, 88.95241105686176, 86.91740891237289, 87.58145557645133, 84.18839048711607, 84.18839048711607
97.24, 97.72078352100657, 95.60577863454795, 94.19815050491101, 94.40634781386429, 95.59329036214376, 96.30581366068289, 89.76895455594955, 91.70811700737787, 91.37837833291093, 90.7978647674708, 91.87968253800469, 91.8592653028215, 90.72330734434341, 92.10602778709068, 92.36513441444308, 91.81854562427836, 93.11051121635955, 91.71058048341673, 91.37713643822703, 93.05728459353601, 92.67633725583687, 93.12546262893723, 91.58198985111906, 93.2568873350965, 93.2568873350965
95.68, 93.57406930460596, 95.69066558311305, 90.05078854513518, 90.71001090392444, 89.74197890293782, 89.29170430371003, 85.4829156262004, 84.10845337987462, 85.25911298499855, 85.18183142545479, 85.02841276693303, 85.87215421348901, 85.81502052580596, 87.09483483093415, 88.64015258482904, 85.88922846168357, 87.90491589751201, 89.3546871732736, 85.61772899407374, 87.13724888620187, 88.46385696227418, 87.22752846330232, 85.91277854499688, 87.5080290059186, 87.5080290059186
96.42, 95.83849445580272, 96.34375778381651, 96.25734740220555, 94.62655822461358, 95.61595442599423, 90.78540556464134, 85.8672499878878, 86.84375623411952, 85.25911298499855, 85.14790107088928, 84.17834927434514, 85.00796617836136, 85.81502052580596, 86.50537083096307, 86.59636977387005, 85.65112439929128, 86.09788840849951, 87.6201378881433, 86.49320454499951, 87.12643621587475, 88.65334650397173, 87.0093076982169, 85.73810380206903, 84.18839048711607, 84.18839048711607
95.67, 94.10833217585292, 93.56256231966367, 93.4927771411601, 94.72089093341056, 94.1859175624336, 94.22102706909678, 92.28047124524498, 94.01182449083885, 91.37859505853388, 91.54134297847912, 90.99986824555654, 90.69618402941228, 91.5723294149124, 92.91532621885653, 93.46799351645379, 91.08435942480627, 89.82841553828537, 84.52382558249198, 85.8926009680988, 85.47010539645312, 85.92141475535858, 86.63500739777203, 84.98406826740512, 84.18839048711607, 84.18839048711607
95.33, 93.60959675730665, 95.06227172865648, 95.9927688720577, 95.33956798363587, 96.9294319268338, 96.30151497889636, 97.02692729132698, 97.56267067549473, 95.05063048093756, 92.92985574332928, 93.16287213025609, 93.98272750788517, 93.93966546770247, 95.30377704056212, 93.5833890195993, 90.74223178125689, 92.60209649454058, 93.15329837976938, 91.80714842522114, 92.97175779158403, 93.19863019380877, 93.07015058033633, 92.34610892084486, 92.80039555727674, 92.80039555727674
95.63, 96.70185497367082, 97.97353060725342, 95.06413368055655, 93.94464792864456, 93.01026007105963, 91.24453831504323, 87.75424905529634, 89.02881749722947, 87.00607274930918, 86.81486909471113, 88.64339138168783, 89.75514689107095, 85.88385355849825, 85.40456009136501, 85.1587013112064, 85.88922846168357, 87.55023773423278, 84.52382558249198, 85.8926009680988, 86.5142326119944, 84.32939815556858, 85.82486939312408, 84.98406826740512, 85.09879686034354, 85.09879686034354
96.89, 96.24378862860922, 97.11111702402486, 95.70069694837889, 96.12211754205136, 95.57609603891208, 95.93626361656848, 96.03587775166454, 97.47715020024762, 94.61415810780846, 91.69865176313152, 92.50222571872048, 92.47007116573984, 90.88764863700847, 86.74753760729837, 86.14151412612182, 86.60900393417091, 84.50371598688248, 84.52382558249198, 85.8926009680988, 86.6713271915746, 84.32939815556858, 85.82486939312408, 85.25906614866292, 84.18839048711607, 84.18839048711607
95.93, 97.60330159808186, 95.02344108276337, 95.62274647502012, 95.01906341098166, 95.81445758089124, 92.2339111651121, 93.08530661964357, 92.44629643872635, 88.49260725833673, 87.86358684611378, 86.28295948938751, 85.00796617836136, 85.81502052580596, 87.25165809159687, 86.55898244450813, 87.4443983856759, 84.50371598688248, 84.52382558249198, 85.8926009680988, 85.33373923700327, 86.82452193867871, 85.82486939312408, 85.9699152671897, 85.75498259588332, 85.75498259588332
96.4, 95.3078712184276, 96.61346025588708, 97.45244680269326, 96.70069580603219, 95.7273397328877, 95.7313204401648, 96.24963537118136, 97.38456897809571, 94.1265877827933, 86.6117818921322, 87.08230386272413, 87.89765737280914, 85.81502052580596, 86.75942872120065, 84.75618479052292, 85.88922846168357, 85.39878379615756, 86.75203145034894, 87.51846414957586, 88.52631710497802, 89.83385357471565, 88.52078071467942, 86.7509487497091, 87.71067576693262, 87.71067576693262
97.0, 92.54813405927158, 90.30832350105003, 87.40541394071387, 86.0249285046523, 87.07842968690797, 88.28688686441906, 85.4829156262004, 87.91416352372529, 88.41541224749237, 88.33072906117862, 88.39384500020954, 88.71241898830203, 89.30033013574162, 88.78045836470147, 90.47604684391678, 90.09582945186443, 91.11853447123978, 92.89550616595517, 92.94369552480421, 91.82485259188809, 94.2612481595952, 93.88152345336925, 92.86389966636649, 92.39579285989065, 92.39579285989065
94.53, 94.5697544698081, 93.99588047993448, 89.87999505006064, 90.37764107814091, 92.73925452843297, 89.80280442942171, 89.55731159695881, 88.38843400676086, 89.52167711910629, 88.99773597439722, 87.77689639778187, 88.7865487646695, 89.00351386173286, 90.20313385184207, 90.9012066475426, 90.95084293022687, 92.96511891850805, 93.41995033092151, 91.34284753845664, 87.44718994270771, 89.18324138741154, 87.84943118189139, 84.98406826740512, 84.18839048711607, 84.18839048711607
95.63, 95.90030906774585, 95.08015131904016, 89.56167494480495, 90.5367670521785, 91.1177706647453, 91.06207094971501, 90.49520487187188, 91.59025228028207, 91.0057956135599, 91.47466903621712, 91.83890950975461, 91.98557980378847, 89.11881944526111, 91.29289363263511, 91.86433003907067, 91.78033717859567, 92.69281973831883, 91.3116842167699, 91.70029621094272, 93.09890738437518, 93.96530979700294, 94.00799056492966, 93.12534076610079, 94.09983155795905, 94.09983155795905
96.16, 96.70248110060169, 98.10932212386842, 97.92673915413819, 95.40895477836622, 96.76536591199083, 96.38531641711255, 96.4360035153158, 93.44012689435787, 94.14916428051832, 93.51846620821819, 90.86443148596817, 90.6357409935151, 88.85102130420171, 89.76544528558225, 86.34535510666362, 85.18448263927178, 86.21584523527929, 86.1299504400367, 85.44508247513262, 86.72975344906274, 87.35319309704141, 86.58532843027749, 86.98027387455093, 88.15286812445468, 88.15286812445468
95.51, 93.25984645628236, 92.51328369021462, 92.29385646199317, 92.09625909979312, 88.14094001791808, 85.84821645621338, 85.4829156262004, 86.99452243670203, 88.4579058895419, 89.08982152656385, 89.2299583546625, 88.5772160503646, 86.94384939665517, 89.25463253613076, 90.15225551620033, 90.31098426177283, 90.49523819409949, 89.08330005858377, 88.52583525275938, 89.29678223409542, 88.52509923626413, 86.80613783429216, 84.98406826740512, 86.85082805948544, 86.85082805948544
97.45, 98.71424847018218, 98.47437390756896, 99.34040497652072, 95.60273147103474, 91.68567884513455, 90.49007678025683, 85.76026150649638, 87.85168837622432, 88.59818925710692, 87.38136228880514, 89.34315893478934, 88.66492684612679, 87.73079254471584, 89.30573746849886, 87.97482606088609, 85.04398267246658, 84.50371598688248, 85.96296858789161, 86.68875471849381, 88.02386284709212, 87.40420146199014, 87.18441898243348, 84.98406826740512, 86.07904567355816, 86.07904567355816
96.84, 96.88432110640457, 94.61686177844189, 93.52948681853238, 93.37598685839141, 90.07136703870577, 85.08796650021512, 85.4829156262004, 87.57736781810063, 87.19898265341999, 87.96747200181278, 88.84096790421584, 87.28323803810919, 85.81502052580596, 87.74866037659801, 88.53342196505913, 87.98407532636435, 84.50371598688248, 84.52382558249198, 85.06313533517971, 87.04624093049333, 87.41453545267902, 87.61662201269051, 84.98406826740512, 84.18839048711607, 84.18839048711607
95.95, 97.59677280646169, 98.9527176955989, 91.15089420429258, 91.56030802324399, 90.7323818343904, 91.0743666826016, 90.14977608614971, 92.2065626320759, 89.45563538054988, 89.10168035098465, 91.35550535508585, 91.28274490562903, 91.60821351058945, 90.69639022968607, 88.18072002524121, 85.18583833982255, 86.27267927386569, 87.75461945417015, 85.63772837198313, 84.73326827916155, 86.43932767447646, 86.58146515422524, 84.98406826740512, 84.18839048711607, 84.18839048711607
96.76, 95.51613970224008, 96.93342364709481, 91.64807014494491, 88.60230780103623, 89.3965168154841, 90.66538248340372, 89.71382522880452, 89.0308687857671, 88.5047680752727, 87.31085444173901, 88.51422131325408, 86.1727796638128, 87.09771297331639, 85.3109009345618, 86.13365508495176, 85.29305813825266, 84.50371598688248, 85.82484955102815, 85.8926009680988, 84.73326827916155, 84.32939815556858, 85.82486939312408, 85.23178649130766, 87.07479755652115, 87.07479755652115
96.18, 97.6917784894495, 99.94000060071383, 99.8339103944217, 100.71226465565812, 102.3785336514911, 102.05465308050807, 102.19015355043696, 101.38786075887711, 98.56780899415921, 98.01704743885918, 99.81058322123539, 92.3252079836748, 89.11251607695706, 91.12298682231837, 85.44352646861411, 85.88922846168357, 84.50371598688248, 84.52382558249198, 85.8926009680988, 86.94524488766926, 86.0553785792556, 85.82486939312408, 84.98406826740512, 86.6453899682598, 86.6453899682598
97.0, 95.64403711863558, 97.69575810825685, 94.38573875422468, 89.92490017331556, 88.0377117121334, 85.77131411215409, 85.4829156262004, 87.11102462313704, 85.89181143546098, 85.53063793040558, 87.49153131207858, 87.68378813868446, 87.4215984940544, 84.31369739456835, 85.64131324342654, 85.29105186930089, 84.50371598688248, 85.04218073354666, 85.8926009680988, 87.53148105978018, 88.2874445748447, 88.57945004261313, 89.27173003941773, 89.38240657578471, 89.38240657578471
95.85, 95.16673502445873, 96.69014495924237, 96.08661158563251, 97.0438564628045, 97.88300645259784, 98.79273683635054, 96.82238516596266, 97.19625906397926, 94.69911767817227, 94.53089526066069, 96.4670606304086, 95.22456789406033, 95.39844424840851, 95.98307897616472, 96.1485912833867, 91.22333578994174, 93.14182925427184, 90.82598102722179, 90.35812370859225, 85.77925165544694, 87.31860337815927, 87.53849469425701, 84.98406826740512, 84.18839048711607, 84.18839048711607
95.71, 95.04603497809025, 94.59010983637705, 93.83711576463881, 89.57031342822519, 90.06103309561041, 88.1275063962658, 86.6394531999665, 84.10845337987462, 85.25911298499855, 85.67588852209451, 85.4314205756944, 85.00796617836136, 85.36512290289429, 86.48916182806907, 84.75618479052292, 85.88922846168357, 84.50371598688248, 84.52382558249198, 85.8926009680988, 87.20033625679106, 87.24775131085931, 86.17207385136588, 84.98406826740512, 86.41686879878085, 86.41686879878085
96.39, 94.51528396887444, 91.5004464360363, 89.12304130798071, 89.29262859542348, 85.94292883318059, 85.53817312150348, 85.82267263436681, 84.10845337987462, 85.25911298499855, 85.16599255470807, 87.17676038714367, 88.63722399926814, 86.46612557023013, 84.31369739456835, 86.09902902915057, 85.88922846168357, 87.44673552450905, 84.52382558249198, 85.8926009680988, 87.1624953386027, 88.18766378707838, 87.97756677143562, 87.91381505072727, 88.18211538188802, 88.18211538188802
96.72, 97.44536933537819, 98.52386306048257, 95.59673020840341, 95.93951614389746, 95.69299298205289, 94.04664987891506, 89.74429588302323, 90.51500642938434, 88.1198054280374, 86.65066441051493, 86.3372347410629, 85.3117297767539, 85.81502052580596, 87.11915474585882, 87.76161455095149, 87.62224673593478, 88.91031689361824, 86.1959882410077, 86.74901479883955, 84.73326827916155, 84.32939815556858, 85.82486939312408, 86.65758783684151, 86.8960947677035, 86.8960947677035
96.94, 95.9226132870365, 96.64200980115882, 94.36319786338652, 91.82192132488353, 93.79820109695608, 94.88572295511034, 95.43373013534494, 97.59753210209202, 98.50924810323379, 98.02492770117955, 98.9830255896386, 99.22924740006279, 99.46214818605188, 99.78852829770474, 100.18366467217852, 98.53721720356975, 99.87508196347666, 100.2387671149754, 96.15968426776656, 97.23788997555549, 98.74815023871973, 95.85530421733097, 97.25418886144307, 95.79523845161535, 95.79523845161535
96.48, 94.83623204236206, 93.69688192817918, 93.77479896993373, 93.20076514869348, 93.58667689462767, 91.70812958533, 91.7419982822246, 90.77468826733403, 90.71236904458192, 89.80619890974249, 85.23318067819856, 85.09016709614363, 85.81502052580596, 85.68564699695838, 84.75618479052292, 85.88922846168357, 86.74907122329013, 86.63111519341437, 85.8926009680988, 85.60257166337585, 84.32939815556858, 85.82486939312408, 86.89104625070675, 86.97210389149147, 86.97210389149147
94.54, 94.74940044545721, 97.06553776327249, 97.76913924004458, 98.43209397662625, 100.36508020295392, 97.87915966274514, 98.56793680082406, 99.68299987921188, 100.23693352994854, 99.20113052665877, 99.91691775986901, 94.53744145426116, 91.26005305795472, 92.42928994640829, 90.97337926747707, 90.22776819813183, 91.23344674803587, 92.87705856705306, 91.21496217555458, 89.7806351752604, 87.25342823957158, 85.82486939312408, 84.98406826740512, 86.96045591274566, 86.96045591274566
96.0, 93.70935554476438, 94.00312689289153, 92.90946148409404, 92.89875800674879, 90.48426876281637, 87.03863799543176, 86.21041172542395, 84.10845337987462, 85.25911298499855, 85.67588852209451, 85.44619520697286, 85.00796617836136, 85.81502052580596, 87.27703683367531, 87.08709593013869, 85.58384061410605, 84.50371598688248, 84.52382558249198, 85.8926009680988, 85.15120871273477, 86.62750484735078, 86.96042770594973, 88.23960889214054, 84.18839048711607, 84.18839048711607
96.87, 97.33821646749111, 98.57107684112954, 95.87188086854424, 94.9082619054685, 94.61836340716108, 95.0264058008069, 93.09999347983961, 90.30937655306013, 90.2398969616385, 88.3665038552812, 87.6946394338936, 88.34757744925612, 88.99845681694288, 88.55174030686621, 88.52188906285774, 86.41191531015804, 87.5850911519369, 86.29919525477146, 86.26949614273796, 86.91517054043105, 87.57204859983597, 88.1688008297569, 88.99903926714657, 86.45877857759486, 86.45877857759486
96.09, 96.39222990498742, 98.20411220926438, 96.37938401905657, 96.50733725703145, 98.48123807362083, 94.61773260827135, 95.67877084806894, 92.50392745136004, 88.58566781036853, 89.23690902203948, 88.82642870929331, 88.57171099230926, 87.04954865822525, 87.72613269289818, 84.75618479052292, 85.88922846168357, 86.42043107016555, 85.82437471356684, 85.8926009680988, 87.51839227806695, 86.6230530223115, 85.82486939312408, 85.42022633181645, 84.18839048711607, 84.18839048711607
96.77, 95.17624885908032, 94.16843259772268, 92.29478239672312, 92.3483316937429, 89.52114009644824, 90.00169764704174, 88.03541720709583, 90.04312968662958, 89.92271996863074, 89.80388622335573, 91.39003457755045, 91.94160707977322, 91.0113658130885, 91.34111669384507, 87.94252256285375, 86.02642002079367, 84.50371598688248, 85.99777486240708, 85.35812024449241, 84.73326827916155, 85.580863092921, 85.82486939312408, 84.98406826740512, 86.30956839489512, 86.30956839489512
97.17, 95.901719908166, 95.4032756219468, 96.04806911346084, 96.8020802154716, 97.74921792171533, 94.18876316124809, 95.10806480200634, 95.37272712262538, 95.2515696014746, 94.01850267486152, 92.12943136728155, 90.51928635923836, 90.55294349760555, 84.31369739456835, 84.75618479052292, 85.88922846168357, 86.13283428843407, 86.89133836126868, 86.57383681956388, 86.16697744526554, 84.32939815556858, 85.82486939312408, 86.83431217634688, 88.81506342156, 88.81506342156
95.36, 94.11329248781092, 94.22608264592425, 92.30035649600832, 92.82748270140749, 94.4866061929997, 92.88240962457408, 92.67929272162549, 92.53054470088445, 93.30418094066717, 87.80378718090284, 84.17834927434514, 85.00796617836136, 85.35079958407161, 85.85627506161723, 87.3639038493804, 85.88922846168357, 84.50371598688248, 85.2304553058781, 85.88813817673366, 87.47052751408374, 84.32939815556858, 85.82486939312408, 85.78762785038272, 87.59392335698863, 87.59392335698863
95.69, 94.25023491620301, 96.1602961036633, 94.16845574838158, 88.76744607847331, 87.82075117039483, 85.87044710741297, 86.6081984883194, 87.45622093365384, 88.31588309827555, 87.60736127048582, 87.52324810577291, 88.84824687173256, 88.88982838380774, 87.77824655327268, 87.05839055554355, 86.02644064561171, 84.50371598688248, 85.90469639903354, 85.8926009680988, 87.6731497878674, 88.87327882456016, 88.08929178901752, 88.64769639893838, 89.93462534136735, 89.93462534136735
95.79, 94.2201461236194, 94.30968135658651, 93.67397423884027, 93.18936706145155, 94.49034684670471, 92.41200139635885, 90.26525550126541, 92.59696038064796, 90.42205431140034, 87.83561380153044, 88.59666525961784, 89.83950076522058, 88.02505097530067, 88.27783058608047, 89.1285030265125, 87.43361072578828, 89.19588665161844, 91.13335502568721, 90.29172988890579, 87.4179024976714, 89.15221886895868, 88.69748652570547, 89.17966201922071, 85.91936126528033, 85.91936126528033
96.02, 95.26781469732333, 96.70352917281494, 97.11699122652347, 97.33565710965348, 98.72328563106734, 94.92178942668501, 93.29605203024873, 91.70560989845362, 88.26804827980467, 88.50433139255694, 89.27597045348476, 88.00440033555647, 86.41116914588355, 84.31369739456835, 85.52640514409492, 85.88922846168357, 84.50371598688248, 84.52382558249198, 85.8926009680988, 84.73326827916155, 84.32939815556858, 85.82486939312408, 84.98406826740512, 85.21549954572538, 85.21549954572538
96.58, 97.30464064513073, 97.21558226123048, 95.61263411862917, 96.35450710202196, 98.78656878440957, 99.4860561638949, 99.15488802890803, 98.91666702020957, 98.19987418493265, 98.55520311199321, 100.72387643122286, 100.91994102432346, 99.17662759248526, 98.66045191564218, 97.0906292386609, 96.4511932396202, 92.88070787433298, 94.20052364640188, 92.5787713191537, 90.99359363398568, 90.97714376043247, 89.41547546468163, 90.07063501247103, 89.01403199177223, 89.01403199177223
95.77, 95.25297884819165, 92.39998844801252, 90.90056082189388, 89.51919724277352, 89.26385271474214, 88.309733940716, 87.5227955493964, 88.93941181999298, 88.88520739018561, 86.45388410426442, 88.08152394377694, 87.82794517785449, 88.0949136828194, 90.19037061971808, 90.6366535793911, 87.27767540124562, 86.75299836759575, 88.19551220380424, 85.92874417035506, 84.73326827916155, 84.32939815556858, 85.82486939312408, 84.98406826740512, 85.01804109634375, 85.01804109634375
95.99, 95.66487909471692, 95.0892177110038, 94.61622821741915, 95.21492181030636, 97.10619643798204, 92.93653504219803, 91.03099025111476, 89.82478005107762, 88.08418328769382, 86.92638884169564, 87.88815782240046, 88.28586069100011, 85.81502052580596, 84.31369739456835, 84.75618479052292, 85.88922846168357, 87.18409155375019, 84.52382558249198, 85.8926009680988, 84.73326827916155, 84.32939815556858, 85.82486939312408, 86.44585070511846, 85.59830261508935, 85.59830261508935
96.11, 96.72514913168538, 94.86812259763727, 95.52485543421123, 95.84386168976422, 97.2451342383791, 93.3505506583862, 91.95205381690957, 91.01473445825984, 85.02250025683459, 85.67588852209451, 85.19455569855579, 85.2054789161395, 85.81502052580596, 85.35293107981575, 84.75618479052292, 85.88922846168357, 86.32054476404984, 87.64858637143328, 85.58358973961772, 87.57598037666374, 88.62626765338767, 87.06383202139185, 86.43712390004895, 88.07828456242912, 88.07828456242912
96.32, 97.30217261508894, 99.50593625487426, 100.42478882174895, 101.20193357392446, 98.38238884847641, 97.49014486351783, 97.81391263545066, 99.45758248422092, 96.93205543130611, 94.547225708488, 95.97341277871142, 96.43061728294613, 96.85069253535707, 97.63106117106318, 96.6326681072558, 94.44127852520249, 94.91612383183691, 93.07190885697781, 91.6670581284108, 92.18769365735609, 84.32939815556858, 85.82486939312408, 85.5511749414674, 84.18839048711607, 84.18839048711607
96.26, 95.7538511923488, 96.46637862084118, 97.35472505020066, 96.76978665929032, 99.27453267163416, 94.52210351244538, 94.33198247967029, 94.96739832559926, 95.28038024207237, 94.82562114699346, 96.28230851488193, 95.31463994447992, 88.51375525385396, 89.06863125868568, 85.28197627468016, 85.88922846168357, 87.66248688949943, 89.07894405725568, 87.23046469826757, 85.4551814021254, 84.32939815556858, 85.82486939312408, 86.87444691508264, 84.18839048711607, 84.18839048711607
96.22, 96.613716770536, 96.90072608047522, 90.17375567764152, 89.16684300588616, 85.98640343565653, 86.94533310038504, 85.4829156262004, 85.098288663628, 85.52034586162243, 85.67588852209451, 85.17841990570807, 85.00796617836136, 85.07566697297266, 85.88623743494138, 87.5082192288952, 85.11869712411614, 86.91584693554174, 84.52382558249198, 85.8926009680988, 86.3827439223198, 88.2235784424255, 87.60654720800173, 84.98406826740512, 84.18839048711607, 84.18839048711607
96.3, 95.57574051216818, 97.62924734679714, 96.34192960665257, 96.14478901118628, 97.52278788227348, 95.96210797066837, 95.19239376311917, 94.71255262627032, 93.02042715442876, 93.21048175125624, 94.33042731981115, 94.02126899644371, 92.58510638926447, 94.9144386112787, 90.48357892851352, 88.1040166884571, 86.83901723697736, 84.52382558249198, 85.8926009680988, 84.73326827916155, 85.01135081814856, 85.82486939312408, 84.98406826740512, 84.18839048711607, 84.18839048711607
95.71, 95.909557782056, 96.05166939475359, 94.96379695733093, 89.8196279806633, 90.66499716369975, 89.18594776182272, 89.12299090191085, 87.1339570254424, 87.85632430340516, 87.6732996822057, 88.83812245534938, 90.30828653006458, 88.87709609036386, 88.75078275912506, 85.20241978204392, 85.88922846168357, 87.17598732791738, 84.52382558249198, 85.8926009680988, 85.97703721829366, 88.34295494843087, 86.75349492679632, 85.92888774042584, 87.34787098773425, 87.34787098773425
97.54, 96.23612848787916, 95.54296251365228, 95.72551583287878, 96.54387884746934, 97.72176759373552, 94.66769925982685, 91.00402673784072, 91.80538748571206, 90.30184301195226, 88.146730782899, 89.7123232322655, 89.4635527258747, 88.38101815525297, 88.3761242890215, 85.68479565510958, 85.88922846168357, 86.9480523095779, 84.52382558249198, 85.8926009680988, 84.73326827916155, 84.32939815556858, 85.82486939312408, 86.33267607077536, 85.39636158360618, 85.39636158360618
96.95, 97.94340429717249, 95.58687193186431, 95.09657386832917, 95.57107717180112, 95.5428116944512, 91.42246290745166, 85.3011498899973, 84.10845337987462, 85.25911298499855, 85.67588852209451, 87.55074795793148, 87.40819225536625, 85.58369345923178, 87.16275341024735, 84.75618479052292, 85.88922846168357, 85.83214111912235, 87.85928160361904, 86.38058408287425, 84.73326827916155, 84.32939815556858, 85.82486939312408, 84.98406826740512, 87.49057911573499, 87.49057911573499
95.13, 93.65299183984762, 92.89123206317142, 92.42497700508716, 91.28276513741112, 91.59345056172138, 90.59580580562054, 91.18161008038656, 90.08581710222096, 88.83486904093179, 87.76467032168833, 89.43812922022185, 90.38849036017294, 89.99316556353813, 88.94621217093852, 89.68168617306854, 87.95885390309392, 86.1631672599697, 86.9857140599071, 86.21446404850468, 85.07970000519177, 86.24303665991282, 85.82486939312408, 86.85730295199926, 88.51923004410236, 88.51923004410236
96.31, 94.89049851236796, 94.89036245559154, 94.13921899667623, 93.10674904947993, 95.76342858980809, 94.86643119570498, 93.97220107316667, 95.99119708976785, 97.26746876709545, 94.41308899803674, 94.94480717401753, 94.63890351673692, 94.76197091037659, 94.41291261677505, 89.74421544496705, 87.46974171448635, 87.60697797587287, 87.72779893929156, 85.8926009680988, 87.78011290479367, 87.86693524296396, 85.96190082410315, 84.98406826740512, 86.51446305423642, 86.51446305423642
95.32, 95.38437190041554, 94.866725317899, 92.6857757420232, 92.61433249545713, 94.97214543516283, 94.01845755085539, 93.6725380085919, 94.82605451082571, 89.37165375630524, 90.20263354097992, 86.55015365165376, 86.44165851155795, 85.81502052580596, 84.31369739456835, 85.63744759135628, 85.88922846168357, 86.98541275417558, 84.52382558249198, 85.8926009680988, 87.51018952605304, 89.6338119437399, 88.95089463567439, 89.81209103829228, 90.92651127172171, 90.92651127172171
96.47, 94.69114612109671, 95.8702217507653, 95.20692114668736, 95.30108695357598, 96.22857178328701, 94.58980015504574, 95.23553993317427, 95.68618834732813, 96.21839493116725, 93.77145411270668, 94.75044918018992, 89.03371545149659, 88.6067300482139, 90.28939420367207, 90.96801382969379, 90.51557966535803, 90.47128270993026, 88.20432044855313, 88.83379545678689, 87.4448698417845, 84.32939815556858, 85.82486939312408, 84.98406826740512, 86.03273251521618, 86.03273251521618
95.74, 92.60966110614153, 93.61162698746294, 93.87506073413029, 94.75980903058425, 95.52775480002923, 96.5606020643242, 97.23737643563456, 96.48076819940249, 89.81863736825817, 89.5173149219024, 90.83497118766118, 87.88820829990019, 85.81502052580596, 84.31369739456835, 84.75618479052292, 85.88922846168357, 84.50371598688248, 84.52382558249198, 85.8926009680988, 86.12321447636886, 84.32939815556858, 85.82486939312408, 85.6664138887063, 87.33944208575458, 87.33944208575458
95.46, 92.5698224408301, 93.91545148760922, 92.66154230049757, 87.06452305042383, 88.2375809921187, 88.80773706332765, 89.61985367974422, 89.98723234633778, 90.80498857730285, 87.81924212562511, 87.93954198937823, 88.70286012019069, 85.81502052580596, 86.38981005553859, 86.45916782868453, 86.55609054429321, 86.06232015423006, 85.68887477995271, 85.8926009680988, 85.53111651272492, 85.79007900547406, 85.82486939312408, 86.24001096986201, 88.66750564622436, 88.66750564622436
95.65, 94.36026330206447, 92.75778953395299, 91.37577538365828, 89.56053298093015, 91.76478666104714, 92.99796850810208, 92.58359444536796, 94.61851003244242, 94.36211560690445, 87.76829583051769, 86.86461312317232, 88.40803678684823, 85.81502052580596, 86.33060771213613, 87.41383808196215, 86.5583551797427, 84.50371598688248, 85.76791484667399, 85.8926009680988, 85.19967747586057, 84.32939815556858, 85.82486939312408, 84.98406826740512, 85.64091330939807, 85.64091330939807
95.55, 95.74241894543098, 95.44800398348212, 95.03373964952313, 92.68630953495934, 93.54511750777239, 94.08406105065549, 88.70175175800911, 84.10845337987462, 85.00650149699084, 85.67588852209451, 86.92761976352423, 87.57262178709836, 85.81502052580596, 87.00177842723522, 86.73459046685632, 87.32223105640949, 87.09991442888123, 88.31236236791607, 87.587987911926, 86.42210106412278, 86.50094953150622, 85.57030586301246, 85.0652303797554, 86.16686717157592, 86.16686717157592
96.84, 98.15799124183405, 90.02053123537462, 89.10518550085487, 85.44648857376308, 84.10957757803895, 85.48961899980043, 85.4829156262004, 86.22985562776974, 85.25911298499855, 85.67588852209451, 86.47201095701195, 87.44913592724627, 85.81502052580596, 85.85836005181781, 86.54024238090113, 86.90730587553436, 87.35894147166108, 84.52382558249198, 85.1597086235855, 84.73326827916155, 84.32939815556858, 85.82486939312408, 84.98406826740512, 87.20680089947332, 87.20680089947332
95.4, 92.25392294366891, 90.08340431668336, 87.45539094030462, 86.26601657394738, 88.46517959996223, 85.48961899980043, 85.4829156262004, 87.36337024545952, 87.0005409034115, 85.86547853620857, 86.34458723489847, 85.00796617836136, 85.81502052580596, 84.31369739456835, 86.17719712814724, 85.85022029709866, 85.0149393711442, 84.52382558249198, 85.8926009680988, 86.83267852265571, 86.22927964845286, 85.82486939312408, 86.66116092280397, 87.82358197202271, 87.82358197202271
96.28, 94.82872847475552, 96.67787523562242, 94.9837172555652, 93.70778741281437, 92.03735551193704, 90.78316254142965, 86.54359838461663, 86.24049468533002, 85.72742346255735, 85.67588852209451, 87.30937259081684, 88.02946542777181, 87.3389932564506, 86.96437965619043, 87.840326795454, 85.88922846168357, 84.50371598688248, 84.52382558249198, 85.8926009680988, 86.85653877326928, 86.69170185797752, 85.82486939312408, 85.94213924143259, 86.37686366302387, 86.37686366302387
95.58, 95.86250561149592, 96.13865811497199, 95.38113858557602, 94.31328426804347, 93.63158359374735, 91.74124617104462, 90.95284888246583, 92.00775499554736, 89.11848937899848, 88.68588334752437, 86.95608821020716, 86.09335026037252, 86.00172956526866, 88.14040366707056, 84.75618479052292, 85.88922846168357, 86.3297932047913, 84.52382558249198, 85.8926009680988, 84.73326827916155, 84.32939815556858, 85.82486939312408, 84.98406826740512, 87.5392975905589, 87.5392975905589
95.69, 92.1872205767567, 91.35075906945728, 87.01908767751738, 87.22539151523708, 88.91823130328055, 87.34025595178188, 87.35602594051551, 87.75457460060409, 85.45444950333956, 85.83929528168339, 86.2658206184397, 87.13369409480238, 87.12123834858737, 86.47322485129855, 86.39416981890324, 85.37780997077799, 87.23228875090817, 84.52382558249198, 85.8926009680988, 87.15783301149378, 87.44319896376888, 87.8600022746932, 88.76390377986321, 87.00151975559349, 87.00151975559349
95.17, 93.81407184680941, 94.90026243484971, 95.39450529005204, 96.03952064284987, 96.80358502267913, 95.92565836398258, 95.77900579440012, 97.90518611134048, 97.66346282080124, 97.63893180136856, 98.28970935425464, 96.66267149602513, 92.11572645094748, 91.32777845466856, 91.65580611113539, 88.43509013268167, 88.04992810560762, 87.57191972355834, 88.09053917976028, 86.34012519270752, 87.77276263812446, 88.23337281974433, 89.61272066137042, 89.53807725510289, 89.53807725510289
96.03, 95.68059531205756, 94.94500053972148, 94.8129724213827, 94.63431172847304, 95.82431687615548, 94.61506874505028, 87.96264963735999, 84.10845337987462, 85.25911298499855, 85.67588852209451, 86.38074147593326, 87.07548347415906, 85.81502052580596, 84.31369739456835, 84.75618479052292, 85.88922846168357, 85.82410339063617, 87.21361093578676, 85.8926009680988, 85.21968174216538, 84.32939815556858, 85.82486939312408, 86.79413184274641, 86.37968668830976, 86.37968668830976
96.55, 97.70104339895485, 98.8551968648134, 96.66374227648647, 95.3302768374571, 96.44232053457404, 94.86944267215338, 93.31892788618738, 94.03530585755622, 89.92283530468202, 89.70470964082399, 91.59493665279751, 91.36830689554557, 91.53590397604944, 91.97699210694631, 91.73657419736632, 85.88922846168357, 86.16609342742181, 87.29401398758749, 86.06182071118117, 84.73326827916155, 85.4893358862951, 85.82486939312408, 85.75626276113738, 86.34847442234242, 86.34847442234242
96.73, 97.85258539143169, 99.45084624292882, 98.4506374839424, 99.20216106924791, 99.54409205214876, 100.00607240356462, 100.30462911118885, 100.26418608987444, 101.61662648609531, 102.36225602245206, 98.15657270349193, 97.00121003888663, 94.75316401243168, 94.94607444064668, 96.46210692369847, 95.83073236629848, 97.8138776734019, 96.83408703788724, 95.24386604476044, 96.18216484454149, 96.45518779544012, 96.07616257555398, 95.53633412311359, 97.48705979475456, 97.48705979475456
96.68, 94.67424805982134, 94.39151033050565, 93.31896701933283, 91.8343656791578, 92.88758270611368, 92.21476009542113, 91.07595410775241, 93.16282535029322, 93.28411309733646, 92.45583591383483, 91.91285983946293, 89.92936803103166, 90.54126025534991, 92.02405097953441, 92.80527206593067, 93.16695723809224, 87.72941314456828, 89.04758928134042, 86.03189362433493, 86.31404078165446, 84.32939815556858, 85.82486939312408, 85.2241902316541, 84.18839048711607, 84.18839048711607
96.63, 90.67720977397407, 92.41293765067584, 92.85113011872497, 90.58145489161991, 86.63730696326007, 86.95708679665375, 87.9593873152536, 88.19072984087595, 87.55048931822954, 85.23954370707442, 86.28982616473441, 85.00796617836136, 85.81502052580596, 85.60274184893557, 84.75618479052292, 85.88922846168357, 84.50371598688248, 84.52382558249198, 85.8926009680988, 87.30512156507187, 88.93621046165246, 85.82486939312408, 84.98406826740512, 86.47541070827334, 86.47541070827334
95.31, 96.200850714086, 95.27811055655937, 92.65171445498436, 91.35684539877262, 88.7863913710216, 85.92006897815035, 85.4829156262004, 86.6491127157081, 85.10341212590846, 85.67588852209451, 84.17834927434514, 85.00796617836136, 85.81502052580596, 88.12129836806379, 89.34960531501149, 85.88922846168357, 87.71739701156243, 86.20042191580094, 85.68623798566, 84.73326827916155, 86.24871553178951, 85.82486939312408, 87.36333013926912, 86.93652694474066, 86.93652694474066
95.24, 93.26710224770478, 93.57514844686254, 89.0443396125966, 90.05484317130625, 85.45947665828554, 85.48961899980043, 85.4829156262004, 87.83165376507682, 89.05018528695297, 87.90874509239806, 86.90896431020434, 87.16427026975154, 85.53965257042935, 85.427242620225, 85.84451721193861, 85.88922846168357, 84.50371598688248, 86.26848356555885, 85.8926009680988, 86.12388259697425, 87.36678992565373, 85.6794133321432, 84.98406826740512, 86.16050149050754, 86.16050149050754
96.15, 97.67610201907027, 95.40400134937275, 95.93381665920693, 96.74109051553002, 94.85764499745946, 95.03505359502421, 95.50223461981477, 97.41060485147489, 96.45435241945037, 94.17938744980694, 95.15761955486204, 91.88015416183515, 90.25532783575184, 87.07314976913256, 88.55676542325695, 86.63405399672578, 87.38368443309227, 87.75061146055533, 85.37888481586008, 86.01054653855671, 86.08748673858541, 85.24905830779953, 84.98406826740512, 84.18839048711607, 84.18839048711607
95.44, 96.60662031145007, 98.8134402886317, 99.04303350008364, 96.28050306591724, 97.37387582282553, 97.64494219489603, 97.88506620850045, 98.5225243026397, 98.71185039968182, 97.87353468414426, 98.50464873427221, 99.48514437248255, 95.87608411340831, 96.43422022296944, 93.7218898903288, 93.10733334552334, 93.94233196138379, 95.56566137508997, 95.42061109254144, 95.86478308592672, 95.96559760565677, 95.51920726971609, 96.31450215361423, 95.91959037634511, 95.91959037634511
96.35, 96.16990644881093, 96.55443282133753, 97.17519614302225, 95.7723618514473, 94.73857953697603, 92.96765649092916, 85.4829156262004, 85.9834762703004, 85.25911298499855, 86.20861051208588, 88.55776791501653, 88.34347628759997, 87.06102782460022, 87.02316330502696, 84.75618479052292, 85.88922846168357, 84.50371598688248, 84.52382558249198, 85.8926009680988, 84.73326827916155, 85.611466030407, 85.92451910523374, 85.35072036568249, 87.10072478106486, 87.10072478106486
96.61, 92.32258498962405, 91.49833670321311, 85.09554052658076, 85.71695996804857, 85.98894090545771, 85.48961899980043, 85.30798439982686, 87.53752748205586, 87.33789264740761, 85.67588852209451, 84.17834927434514, 85.33536801211547, 86.00330824888543, 84.31369739456835, 84.75618479052292, 85.88922846168357, 84.50371598688248, 84.52382558249198, 85.8926009680988, 86.09925578817429, 87.64656499997137, 85.31427308972668, 84.98406826740512, 85.96418133274551, 85.96418133274551
97.36, 97.93364124813213, 100.19349838568131, 98.77070433197936, 99.52072987998501, 97.6694160467344, 96.21452392201813, 94.07056408824499, 94.21450089729258, 91.57090633728103, 86.02247387033654, 87.74290734515387, 85.78814409802325, 85.8836409161419, 86.11789119622622, 86.51328611717706, 85.6271097389555, 84.50371598688248, 85.09392092919326, 85.57405150153194, 84.73326827916155, 85.1678988191455, 85.82486939312408, 85.63882725325068, 85.45201659787574, 85.45201659787574
95.91, 97.06489323490075, 97.21074570410526, 97.145530476882, 93.46647802825242, 93.41265839057246, 91.9540416389323, 90.63851678780664, 88.14638128164576, 88.10215429003301, 86.44011832667384, 87.84500320136824, 88.93141702626507, 86.44659934209156, 84.31369739456835, 84.75618479052292, 85.88922846168357, 86.02870865439175, 87.36795557730909, 85.99699579658537, 87.04150945455129, 87.93054293822152, 87.37419175282875, 88.02229044706333, 89.3855801635952, 89.3855801635952
96.86, 95.79194212052674, 96.70333108284284, 94.57965229453885, 92.9965994375441, 93.38374542471071, 90.25489558428093, 89.84799224446638, 90.48742711707501, 90.12229868564215, 89.34059834176612, 91.5089221945299, 88.64450056539525, 88.49896362003747, 88.36150375960683, 89.39446835516812, 89.24357680377895, 85.75543681189353, 87.44740795485754, 86.38102360694947, 84.73326827916155, 85.76811091405526, 85.3666303404154, 84.98406826740512, 84.18839048711607, 84.18839048711607
96.02, 95.76557902211, 97.52802115555339, 95.9966544011893, 96.19209948948526, 97.44583943893275, 96.71506910421125, 94.58973907283507, 89.4857176822188, 89.24563286353703, 89.50735483692348, 91.3731558380559, 91.84699243624948, 89.03658684384703, 90.44453609475633, 90.95407299085807, 88.23046992547998, 87.46188998557842, 87.72316067711795, 86.6608649279997, 87.45414269743476, 89.48708430768193, 85.24632442366814, 85.4000504143454, 85.34999667843704, 85.34999667843704
94.96, 94.81505406608939, 95.51341107814518, 95.50336980621115, 94.82617822824302, 94.90651360582682, 95.545374529981, 92.86518080294677, 94.46105603611923, 95.69586359328918, 92.57565323376231, 84.17834927434514, 85.00796617836136, 85.81502052580596, 87.14443376499432, 87.84677099258842, 88.27810899549677, 87.90063129197078, 87.86521452606395, 87.7499221725214, 87.75676040948834, 86.84857175746141, 85.82486939312408, 86.41606399185629, 84.18839048711607, 84.18839048711607
96.55, 96.12440174711163, 97.1322212436647, 97.82624961619874, 98.55698314376683, 100.46299467353622, 101.58716593821286, 99.72375693081682, 101.06775372082994, 102.03978681060181, 87.75461603380872, 88.79224889079114, 89.01690730889017, 88.18189288404322, 87.69432519190319, 86.523332320934, 85.88922846168357, 87.29941856635082, 89.16945466043646, 88.52890002068445, 87.58651392157327, 87.31116607497519, 87.32032542209836, 84.98406826740512, 86.54376049357386, 86.54376049357386
96.0, 96.46088117524411, 98.63042344183323, 96.46035493530452, 97.61560352584428, 99.73348228805953, 97.38159644321448, 97.24105343250153, 92.5544437671761, 92.49504114317334, 88.5955692255394, 89.31090084091213, 89.33685003245333, 87.53517271924217, 88.52133283639434, 86.45542240767142, 86.47875594926583, 88.1744372070328, 87.45825770375387, 87.3351293824763, 85.22674269566421, 84.32939815556858, 85.82486939312408, 84.98406826740512, 85.68593585259731, 85.68593585259731
95.82, 94.81983126339918, 94.72661520043795, 88.84905641406837, 87.25427450957929, 84.10957757803895, 85.48961899980043, 85.4829156262004, 85.87359841064212, 85.55872890288936, 85.67588852209451, 87.40836788040791, 88.69336378124598, 88.35516866655662, 88.37805148370451, 87.66834903045657, 87.69362240014597, 85.14422895987421, 84.52382558249198, 85.8926009680988, 84.73326827916155, 84.32939815556858, 85.82486939312408, 84.98406826740512, 86.59047744947927, 86.59047744947927
96.5, 97.67623627281442, 96.69046561247666, 97.25355293213401, 92.81450718317959, 90.47305333310852, 90.76482390484736, 89.63976651742401, 91.08299035678266, 90.3231927930426, 89.17914414841846, 88.26968303915041, 89.48106893768856, 87.02158616856823, 86.39480879594151, 87.47902706941862, 87.30098139965664, 84.50371598688248, 84.52382558249198, 85.8926009680988, 84.73326827916155, 84.32939815556858, 85.82486939312408, 84.98406826740512, 86.78202568951518, 86.78202568951518
94.74, 95.18828462154062, 96.0237600711275, 94.71588495617623, 95.63939455946685, 95.40432903317203, 91.20187836337332, 88.29219080518475, 88.52021776255964, 87.5590393748749, 87.58175773568152, 89.22945477113895, 85.00796617836136, 85.27533171197683, 85.65114753268378, 84.75618479052292, 85.88922846168357, 84.50371598688248, 84.52382558249198, 85.14813729340821, 86.22965494174302, 84.32939815556858, 85.04062204442046, 85.55340286283413, 86.67976788690247, 86.67976788690247
95.99, 93.75543211388545, 93.0631713028789, 92.0571240425967, 87.66348325652172, 84.10957757803895, 85.48961899980043, 85.55964393431105, 87.71389904209943, 88.47121673861545, 87.05811320390652, 89.23403586716367, 90.4481672339143, 91.07035572467024, 91.83875839683198, 88.79049776075274, 85.88922846168357, 87.39521779732593, 86.977590176351, 85.8926009680988, 86.35608495339584, 87.7201808032081, 86.47829947432498, 85.94980278237256, 84.18839048711607, 84.18839048711607
95.21, 95.02796100629206, 95.12389264457056, 93.729675134458, 93.97899375205424, 95.94440654338531, 94.79795901501826, 94.33958175065216, 92.3285372555887, 88.26160815887444, 88.89664934377628, 90.57173806557793, 88.30000451723727, 85.81502052580596, 84.31369739456835, 84.75618479052292, 85.88922846168357, 84.50371598688248, 85.5147492201786, 85.8926009680988, 85.9148680883311, 87.36060684871617, 85.82486939312408, 85.55529796162412, 86.79774291357761, 86.79774291357761
96.4, 95.222087140669, 91.01153673944863, 91.78420133572448, 92.57718826332957, 94.08763333241873, 94.01873862775557, 92.70740300170245, 94.17103438109655, 93.85577584277539, 94.22571411646122, 93.17841788396426, 91.88031645593237, 85.97979019673465, 88.05114774715679, 88.88522841514273, 85.88922846168357, 87.25564300927786, 84.52382558249198, 85.8926009680988, 85.52085361792922, 84.32939815556858, 85.82486939312408, 86.6893971071749, 88.35802734672741, 88.35802734672741
96.31, 92.86314903227868, 93.30881088495956, 94.28786507706903, 92.45210828269616, 93.57835377757668, 91.76300247024562, 91.39117994707833, 92.43950108879129, 91.70909848389485, 88.60147225616836, 87.78989565997998, 86.65562945530498, 85.81502052580596, 85.52969385880904, 87.17632886874118, 85.88922846168357, 87.14302423197141, 87.70442641058969, 87.6813712271139, 88.11958375163684, 88.50114601070678, 85.86229524779822, 87.23946304798487, 84.18839048711607, 84.18839048711607
95.67, 93.87322127153533, 94.83432161004447, 90.38352390134885, 89.58995404127391, 90.05955799832516, 89.07602019288247, 85.34366629731133, 86.9093458334007, 85.25911298499855, 85.61959984618267, 87.48721977613232, 87.30777029062641, 87.4482822043913, 84.31369739456835, 84.75618479052292, 85.88922846168357, 87.17126321828445, 87.29269030208577, 87.18525722857342, 84.73326827916155, 84.32939815556858, 85.82486939312408, 84.98406826740512, 84.18839048711607, 84.18839048711607
96.31, 96.70273955690647, 91.80509183352962, 90.86170935371348, 90.97360058604569, 88.74087319072976, 86.83139034820552, 87.01078044692512, 86.58150021358381, 85.25911298499855, 85.67588852209451, 85.67702768278652, 85.00796617836136, 85.81502052580596, 85.60856178999117, 85.47555508487098, 85.88922846168357, 84.50371598688248, 84.52382558249198, 85.8926009680988, 87.36096555093738, 89.36737113466754, 87.04900601565934, 84.98406826740512, 86.67039831189427, 86.67039831189427
96.11, 97.81136388459367, 99.46084037181372, 100.37016100110722, 99.58938110699386, 101.41385399748833, 101.95817477676093, 101.4710500075496, 103.61303205354422, 98.87616595209789, 96.7689295023589, 98.64322420540576, 98.45159262082136, 97.47013894572984, 99.63304263758353, 100.26231123037093, 100.901441954295, 101.68877232012727, 100.00633376062504, 98.5776480914055, 99.27296840831464, 100.16242590764494, 99.3581504701187, 94.60760313164694, 90.53236044115012, 90.53236044115012
96.03, 95.55530788820262, 95.69572853219374, 93.73844352685116, 91.4960173202708, 93.65637894707434, 85.48961899980043, 86.32139935364593, 86.83306332469317, 86.85877458388273, 85.13357089620771, 84.17834927434514, 85.00796617836136, 85.81502052580596, 85.42892718275851, 84.75618479052292, 85.88922846168357, 85.35544479142307, 87.2462157720998, 87.69100141502594, 89.5124578887204, 89.90101460755866, 88.19525710133681, 88.26922733996489, 88.10092007813822, 88.10092007813822
95.06, 93.36351126631727, 95.4157180981452, 91.10568562072203, 91.81583591378057, 93.08928532328802, 92.92889030899076, 92.23508519738371, 89.49400056814223, 87.10905612936166, 87.76629850317654, 89.49283142701285, 89.89366241310717, 85.13495454081473, 87.3367456521445, 86.08899144405459, 85.74306838537595, 84.50371598688248, 84.52382558249198, 85.8926009680988, 86.86954233638501, 88.08284088225602, 85.2892278578351, 86.02902523146447, 88.04482014841969, 88.04482014841969
97.29, 93.69022060401113, 92.11005282222828, 92.28659380647896, 87.38651333461182, 86.61557248774437, 85.15933698168776, 85.4829156262004, 86.15357535488494, 85.25911298499855, 86.2079701311734, 84.17834927434514, 85.00796617836136, 85.81502052580596, 86.87619787614315, 85.58408140679745, 85.80236251187675, 85.44381604405267, 85.54212196315862, 85.8926009680988, 84.73326827916155, 86.50260452006123, 85.82486939312408, 84.98406826740512, 85.54100140613603, 85.54100140613603
96.12, 97.37129079246759, 97.39752943186676, 97.8859496179208, 98.0905273689323, 96.6010914242404, 96.34503762372465, 93.83459966670848, 94.66179895375373, 90.40188175730191, 90.19422736948898, 89.78974715371585, 90.34228484633073, 89.20686529803747, 86.36643613801581, 87.53296618554515, 85.21987138885444, 86.83929980209508, 86.62384324447754, 85.8926009680988, 85.54988174877622, 85.9009590576145, 85.82486939312408, 85.3471227828922, 85.55331782402516, 85.55331782402516
96.3, 96.044927581934, 95.0175943724135, 95.66012009069544, 95.53870381934405, 92.42851028927521, 89.57936879328376, 90.05785766994688, 91.29202242254136, 90.71768328175962, 89.12756598435568, 84.17834927434514, 85.00796617836136, 85.156485595338, 86.13940583037238, 86.599824534959, 85.88922846168357, 87.86638741473921, 89.80988176028323, 85.35577418860292, 84.73326827916155, 84.32939815556858, 85.82486939312408, 86.80913064675505, 85.4428844703414, 85.4428844703414
95.82, 93.65634963522565, 93.3452668212504, 89.37804764196545, 87.25390059442533, 87.46179673841978, 87.96021520774624, 86.6258478111837, 88.10615544998177, 88.04949452631405, 85.67588852209451, 84.17834927434514, 85.00796617836136, 85.81502052580596, 86.63552344288277, 87.80794636049853, 88.46225877156009, 88.4734070852406, 89.9743904630598, 89.65524478997389, 85.47341480321327, 84.32939815556858, 85.82486939312408, 86.62961196281685, 86.53294513201041, 86.53294513201041
95.08, 92.60800527292749, 93.550424612145, 86.83814159247078, 86.84341757494336, 88.41114595325318, 86.77132978371901, 86.35256536266583, 86.61518078174055, 85.25911298499855, 85.67588852209451, 84.17834927434514, 85.05663073565464, 85.81502052580596, 86.82742497926755, 86.81105224553718, 86.33511975513578, 87.4984942135545, 88.43653572968815, 86.84797929298625, 88.49551799823516, 88.88613483342137, 88.42318198824383, 87.8226312944941, 88.44564197132703, 88.44564197132703
95.92, 94.65959397222868, 96.0046567503498, 94.3144335835987, 92.00339302987014, 91.45348708553688, 89.23753955398027, 90.06603692632078, 90.91796046835489, 89.36897759680492, 87.70261867547384, 89.3874066720809, 89.53373959939964, 85.71199434832555, 86.29026649435981, 86.18980018738034, 85.21866294462396, 86.13647659230807, 84.52382558249198, 85.03067497011797, 84.73326827916155, 84.32939815556858, 85.82486939312408, 84.98406826740512, 84.18839048711607, 84.18839048711607
95.93, 93.70130356877563, 93.05922392968051, 90.80425568447329, 87.99152884387662, 90.46649044032448, 88.87196152659833, 89.7835819500474, 90.8901570540423, 86.31782084398571, 85.94320787990678, 87.66232317986349, 86.07462877282867, 85.35673735433002, 86.8382221863948, 88.47139187382318, 89.30700458019876, 91.33796714323978, 91.91380444010349, 89.90912978239585, 90.127779351134, 92.1749075796148, 89.86670896175718, 90.8387688901298, 87.62849170587873, 87.62849170587873
96.09, 94.07825652678339, 93.41216776326597, 93.9747520004247, 93.55634009081066, 94.76783323594368, 92.3766783641079, 92.18081635247192, 94.41455604692203, 95.39489695585091, 93.73441202489971, 94.9602171187866, 93.25774980862498, 85.81502052580596, 84.31369739456835, 84.75618479052292, 85.88922846168357, 84.50371598688248, 84.52382558249198, 85.8926009680988, 86.79171981789698, 85.71473815087815, 85.82486939312408, 86.10487988614969, 84.18839048711607, 84.18839048711607
96.8, 96.97118238831544, 96.21523277587383, 95.86369157752705, 96.76062895751906, 98.15705562251328, 99.00384778943753, 98.77204763492604, 101.17268981190634, 100.9713003429457, 100.79673434706777, 99.13148572613392, 98.23022784971717, 95.02877328967031, 95.98529977362375, 96.32509612000777, 94.60018712284977, 95.79678730614492, 93.72161809655725, 92.48198611264688, 94.11359044243022, 94.27942541647545, 94.13973305166954, 94.03993356501067, 95.90553225002058, 95.90553225002058
96.69, 95.6153803695442, 97.4147226427431, 95.93962879165949, 97.12231673719901, 98.86704146506646, 97.5284136519172, 97.50976431138832, 98.87448320826019, 94.85692026535366, 94.05381042310206, 90.54760180286631, 91.6021857388706, 86.2135915505449, 87.99507415280847, 87.80016668887419, 86.40909170661288, 84.50371598688248, 85.34070304282386, 85.8926009680988, 84.73326827916155, 85.95089620228052, 85.77073435868377, 84.98406826740512, 84.18839048711607, 84.18839048711607
95.67, 97.3755981464763, 99.15624093918765, 97.70672901792791, 97.81860260570132, 98.50010833021275, 99.17093561934789, 99.34069240084459, 90.81141561084684, 87.26051765232802, 85.54967410959344, 87.50110157527202, 87.45563434030282, 86.36895279354565, 85.49923164238874, 84.75618479052292, 85.88922846168357, 86.81615072409718, 84.52382558249198, 85.8926009680988, 86.206577962257, 86.48473313508961, 87.31915418658933, 86.86158437845698, 84.18839048711607, 84.18839048711607
96.19, 94.53101598387224, 95.23442920699088, 90.99993081747128, 91.20987995904954, 87.66409816634255, 86.78129637586181, 85.4829156262004, 84.10845337987462, 85.25911298499855, 85.67588852209451, 87.6301929712625, 87.39083628823686, 87.88454230460916, 89.75486717906804, 88.60102120695153, 88.62985219805145, 87.83489424132256, 87.2103653748219, 85.8926009680988, 86.01296953457562, 84.32939815556858, 85.82486939312408, 85.9578741999669, 87.54493471347321, 87.54493471347321
96.17, 96.71141347548476, 94.19715399102802, 94.83100692673663, 93.34800437691487, 93.21327780608968, 89.86785938152155, 89.6731179531508, 88.95309693484191, 89.90636011071167, 87.65717490444406, 87.39216140725479, 85.00796617836136, 85.81502052580596, 85.71224700749278, 84.75618479052292, 85.88922846168357, 87.4838056976198, 87.93049519063115, 85.84751240182925, 84.73326827916155, 85.64093117515891, 85.82486939312408, 85.25469508931887, 84.18839048711607, 84.18839048711607
95.56, 94.1437782827268, 96.3931968701414, 94.68558102209413, 92.16490463646825, 91.56297838837696, 90.94511651585142, 89.61357534507515, 89.76138264473626, 90.07485892441908, 86.5496232369351, 87.18512020111285, 86.09432564301135, 85.44312493209127, 86.97842034412596, 87.76832268793405, 85.52390162667668, 84.50371598688248, 84.52382558249198, 85.8926009680988, 85.45729528036051, 84.32939815556858, 85.82486939312408, 85.34516355649407, 86.96885044041386, 86.96885044041386
96.07, 95.38678967015197, 95.5302598512482, 95.8783016895221, 94.26956208094485, 96.61039651379912, 97.21436518049863, 97.4556020357932, 96.9968402049648, 91.85779893630347, 88.86205720464385, 86.8058326645124, 85.00796617836136, 85.32685433041104, 86.28141996504785, 84.75618479052292, 85.88922846168357, 84.50371598688248, 86.21977704393308, 85.8926009680988, 84.73326827916155, 84.32939815556858, 85.15806822127368, 84.98406826740512, 84.18839048711607, 84.18839048711607
96.24, 96.74279314509072, 95.09392928986082, 95.62810356089814, 95.60136054991496, 94.84979510920863, 92.67910215237565, 93.3160519691922, 95.53432962713248, 96.39172537517639, 95.23297808552303, 95.5633008068872, 92.78151475869939, 90.47800901530394, 91.73369785246739, 92.98182129561756, 91.95308410464916, 92.71387058570487, 94.13445063454205, 93.35838607149505, 92.92718953180884, 92.09896693376162, 91.37530296067673, 88.30742834376261, 84.18839048711607, 84.18839048711607
96.62, 95.19110424732378, 97.63172128170346, 98.57033061056583, 95.65916347263489, 97.60179745428451, 96.68359273001397, 94.52113517809599, 95.73762896801263, 95.36472268004879, 96.05244683506739, 97.41655328225919, 98.73532401179854, 98.46333103805712, 97.96795102924865, 98.57934587362854, 97.96149526094445, 98.54371958127237, 96.79179774614839, 95.45656919971637, 90.94301369054745, 93.09987919549403, 93.68121689168068, 93.87387786248212, 93.33955720341837, 93.33955720341837
96.68, 95.38700483701783, 97.00194579770333, 94.85040647580895, 95.16167819639489, 96.4334176754187, 97.62543046163702, 97.71344915037781, 96.72743575832156, 95.77413079418352, 95.66536297613128, 92.42321911437408, 92.62314514266055, 92.08305236798324, 92.87807020183757, 94.38865220436278, 88.87874869204971, 86.71078029730171, 86.26470072413632, 85.8926009680988, 85.25500887786069, 85.27353140331896, 85.82486939312408, 84.98406826740512, 86.91422773867164, 86.91422773867164
95.8, 96.72177024010556, 93.47357058245571, 91.55209221873437, 91.66295867290448, 85.42914351092718, 85.48961899980043, 85.90525204817811, 85.07864785943693, 85.25911298499855, 85.67588852209451, 86.34295297940179, 85.00796617836136, 85.81502052580596, 86.63596336675187, 84.75618479052292, 85.88922846168357, 87.02925951289825, 88.6821805347425, 88.90505007320465, 88.4401385025033, 88.88352626333773, 88.644101080538, 88.1202784158281, 87.3205937471921, 87.3205937471921
96.7, 95.16269701632147, 96.37222376604734, 93.66528563064479, 93.91261923949347, 93.03137321669992, 92.1480353313777, 92.75580011348198, 91.4072923627011, 90.95238957983534, 87.9666813996545, 89.52874867991909, 87.75036850089549, 86.03582508686726, 85.73332146076808, 86.74113550095166, 86.96238220101809, 84.50371598688248, 84.52382558249198, 85.8926009680988, 86.44333578065948, 84.32939815556858, 85.82486939312408, 87.24101501099078, 88.18430883505395, 88.18430883505395
96.63, 95.06417939869786, 96.78536575309424, 95.1957132502264, 96.57958434939626, 98.48517632500153, 96.92599370290577, 97.12064585622251, 98.80350923671917, 99.34875472156946, 96.15232280025376, 93.90831374421369, 92.23348271577454, 91.19487346806058, 93.02857197624505, 93.91774779622772, 92.2506393438622, 84.50371598688248, 84.52382558249198, 85.8926009680988, 84.73326827916155, 85.51691048082179, 85.55674740544359, 85.559686820426, 85.75975754123911, 85.75975754123911
95.38, 92.58763717758103, 92.47070030093454, 92.90793459305047, 88.32995225222913, 89.12074657012207, 89.9215795869365, 88.23381099821081, 88.93080684231191, 85.25911298499855, 85.92547535716912, 86.72464832206106, 85.00796617836136, 85.76162427315887, 85.55218603171352, 86.60007558134043, 87.3358756005573, 84.50371598688248, 84.52382558249198, 85.8926009680988, 87.29691755585696, 89.00198141910491, 86.7937997968931, 87.55081822316384, 87.40561949304563, 87.40561949304563
96.94, 97.94499871590963, 98.20736590772178, 98.06947430212689, 99.2041998781123, 96.0949409364607, 96.71065015432598, 94.02633160393678, 94.11944873901301, 94.65573818322798, 94.97101345286299, 95.58622841552692, 96.06232409589062, 93.90956024750055, 94.47803683827048, 94.64046983019882, 91.71294234704011, 92.49688341192248, 92.35091697240841, 91.6370444000486, 90.8445717909447, 88.1143555536272, 87.89363660566472, 86.94181914738151, 86.08523245017614, 86.08523245017614
95.93, 95.38298040746878, 97.48388523207852, 97.90316543389461, 94.96560987307038, 92.91414561378775, 91.65813521888094, 91.73256713409039, 90.43561722190489, 87.55155403198901, 87.99004539473485, 90.42872483156194, 88.53644038993338, 85.9497635446377, 87.00625442797664, 84.75618479052292, 85.88922846168357, 88.06205822587845, 87.65693071457764, 85.8926009680988, 84.73326827916155, 84.32939815556858, 85.82486939312408, 84.98406826740512, 84.18839048711607, 84.18839048711607
95.57, 95.43034212037489, 97.52076388848336, 96.4310744521134, 96.3830230624564, 96.1391999737807, 96.85246324672373, 97.08101416211673, 95.88606068533554, 97.2281533713401, 96.40672043077099, 93.42658228662361, 90.12542870681312, 88.49548951754764, 88.29053052972205, 87.15590047911192, 86.92909477205734, 87.77821561370114, 89.54931964279326, 89.38774045800254, 89.66815521850101, 91.49739125236175, 90.03873511394802, 85.84713445822472, 87.42961081119353, 87.42961081119353
96.66, 89.14019353550741, 91.05247106341719, 88.52803762919423, 88.20221359754979, 90.52187299050964, 89.87300392612731, 90.74428346042784, 89.76011148083016, 87.11002725982955, 87.34596173880686, 89.30204946125681, 89.54380076188095, 86.55240566347094, 86.02687406350434, 84.75618479052292, 85.88922846168357, 86.19792525547561, 84.52382558249198, 85.8926009680988, 84.73326827916155, 84.32939815556858, 85.82486939312408, 87.41721813080348, 87.05064929613978, 87.05064929613978
96.88, 93.66232978231747, 91.11279852252312, 91.24389432733905, 89.57958288283564, 88.18082576915556, 86.68709932212768, 85.4829156262004, 85.97338411777451, 86.90398895083985, 86.47622688922314, 87.79106467658264, 86.9017065763344, 85.66117291862054, 84.31369739456835, 85.5292004991918, 85.88922846168357, 86.82567112259595, 87.055967939433, 86.86025302393516, 87.64161191009096, 89.7270636925557, 88.65274548347, 88.23745140838588, 89.32517233918593, 89.32517233918593
96.85, 96.91527331428858, 98.5215539351938, 97.87692362904458, 98.18108880154536, 99.24627606761818, 99.7714449240852, 99.13591987994837, 98.59707197568301, 99.28373520947024, 99.6146619090065, 100.53116381880872, 100.65679200308763, 98.3665589687865, 98.28725624932805, 100.15932688478942, 100.68498632339097, 101.94791790741418, 102.2147507901005, 101.81473386948497, 103.12384449265781, 104.5557587465985, 104.45340473131648, 105.19284935185576, 103.65598055854159, 103.65598055854159
95.83, 94.60872532801046, 96.67389830536291, 96.39906764235195, 95.38149214395756, 93.74659347706383, 92.93418430640021, 91.69390109556943, 93.32419150175507, 93.5398499771826, 87.39598314316365, 85.67175840821608, 85.00796617836136, 85.81502052580596, 86.28853655878692, 84.75618479052292, 85.88922846168357, 86.5682744626437, 86.36925771916086, 85.8926009680988, 85.61046440067425, 84.32939815556858, 85.82486939312408, 84.98406826740512, 85.82910327266188, 85.82910327266188
95.28, 95.06904879068378, 96.38603422243499, 92.13612478691647, 88.25390500568146, 87.1902907572237, 86.99759764396715, 85.4829156262004, 85.20839593693057, 85.25911298499855, 85.67588852209451, 86.83204612609671, 85.74445580096345, 85.81502052580596, 84.31369739456835, 84.75618479052292, 85.88922846168357, 86.46247175221833, 85.79726130678758, 85.8926009680988, 85.59303359426936, 86.1649945566124, 85.82486939312408, 86.94406812499774, 87.99874191104253, 87.99874191104253
96.72, 98.20827400184467, 99.27340135810834, 96.95078388973201, 97.90942158463037, 95.21439333982524, 95.01396372036815, 94.43940590367897, 95.97790465423824, 95.63921581739268, 93.02438191722487, 92.85432806675645, 90.81997214765325, 90.91539497391122, 90.86325646579729, 92.81388930673714, 93.29734229557485, 95.00192389326745, 94.44609701847088, 94.41194530382987, 88.80918063272819, 89.13589830688005, 88.21126194360315, 87.42447900311062, 87.41902267752353, 87.41902267752353
95.87, 96.90867703527691, 95.88341555549609, 96.43070821364354, 96.91604122752878, 98.29650249023105, 95.23509349943657, 94.26529009493225, 89.26600448896558, 88.72278945112241, 85.67588852209451, 84.17834927434514, 85.71449785280353, 85.81502052580596, 87.62712224623735, 87.16871897479433, 85.88922846168357, 85.82521597339607, 87.00953771103448, 85.83422780176447, 87.50003038973021, 88.68343162910575, 87.16852333205524, 84.98406826740512, 84.18839048711607, 84.18839048711607
96.03, 91.98276791139867, 93.92478345307156, 88.21945099519918, 86.90861986075006, 85.42567920081004, 85.48961899980043, 85.4829156262004, 86.84795479199569, 87.65403883092496, 88.32640013682919, 87.0971438515589, 85.00796617836136, 85.81502052580596, 86.28323055178164, 87.79028965044998, 87.04536951949471, 88.25769721229851, 87.84579797465244, 87.31741464994516, 88.8640101668877, 87.27217593500677, 85.84050635116398, 85.91656681493264, 86.01793758000028, 86.01793758000028
97.74, 95.80793461214772, 97.42468198544832, 96.27743105559692, 94.17443089814762, 95.26816651179115, 92.07874878813313, 93.20772118221257, 94.05035734905238, 93.31892574509995, 89.81073268628306, 89.6969184123238, 85.00796617836136, 85.81502052580596, 87.49815707172355, 85.6548240423569, 85.88922846168357, 86.82825187989759, 86.09473587834218, 85.15161889567182, 84.73326827916155, 84.32939815556858, 85.82486939312408, 84.98406826740512, 85.74775570905571, 85.74775570905571
97.23, 96.12530830562063, 87.44387290210867, 88.130927966919, 87.48720462875843, 88.4857747693604, 88.7810123315177, 90.02441401741382, 89.91690939995193, 91.05039941604677, 90.83052190591583, 88.25608936921401, 89.84311785076163, 90.03734889198103, 91.50499338957923, 91.43622665850309, 91.96308383632098, 89.47361380808755, 90.78899232496775, 90.35809017862037, 87.9939731140531, 88.25513086202987, 85.53732292041673, 84.98406826740512, 86.75850443103165, 86.75850443103165
94.74, 95.63181799937658, 96.15132245030348, 96.65446100870913, 95.09266632509235, 96.3501861169484, 97.29520956147688, 92.33078662068193, 92.12764938843404, 87.65563842567428, 86.2831338668671, 85.4044644823923, 85.00796617836136, 85.81502052580596, 87.26542746085532, 88.53591992696987, 89.11440040271314, 86.51262706791248, 84.52382558249198, 85.8926009680988, 86.91908618979828, 88.20408284270842, 87.68251251992343, 84.98406826740512, 85.71415602943166, 85.71415602943166
95.93, 97.3588579621527, 96.5796745364868, 92.25138909631261, 89.70483795842436, 90.05380261358452, 88.82787611094679, 88.635925553029, 88.25959101677002, 88.90935388326967, 88.77050894292773, 90.11273259177698, 90.22702678115758, 87.79885061972266, 88.1946757417138, 86.9866776028849, 85.88922846168357, 84.50371598688248, 85.97750288540455, 85.8926009680988, 86.60059877751607, 84.32939815556858, 85.82486939312408, 84.98406826740512, 86.70264488408985, 86.70264488408985
96.35, 97.33195960038486, 98.12166202928223, 94.63998313581452, 94.7897091116387, 96.24059396529576, 95.15118818156975, 92.1689291925686, 91.9825014522974, 91.60781919418233, 85.05375633668707, 84.17834927434514, 85.00796617836136, 85.81502052580596, 86.03914816780961, 85.27574009497911, 85.88922846168357, 87.97608217241239, 89.83686495663812, 88.71885734512776, 87.31109475409407, 87.35043182631776, 88.29493544533128, 88.97717463803284, 91.34183835195952, 91.34183835195952
96.16, 96.15452521493683, 96.99561038091505, 95.70739546455117, 95.2904101727337, 92.59045452850636, 93.0868737995189, 93.76185258114516, 95.89536692774736, 95.77875081121766, 95.03169641874044, 96.23917631406565, 96.98668405905659, 95.85461349952587, 96.87562099066884, 96.56685196776601, 95.55071089482206, 92.816326137292, 90.45997917758906, 90.77626802030444, 90.1381120108346, 90.09300453648278, 90.02693117280891, 89.89864508865756, 88.16408929363782, 88.16408929363782
95.29, 96.14966228306834, 95.84866046144246, 93.26583514198512, 91.50844410646724, 89.6971698268887, 85.03763237942236, 85.4829156262004, 85.52462237869982, 86.54720275559895, 85.67588852209451, 87.63228005690826, 88.0692739939621, 87.15238191902199, 88.36181419860004, 87.24212310316268, 85.27450663426471, 84.50371598688248, 84.52382558249198, 85.11223380509014, 86.84222631191331, 88.61779739677736, 85.82486939312408, 85.74567156088096, 87.3024048318161, 87.3024048318161
96.15, 96.41325118288694, 95.66811015360506, 92.41400082083697, 90.20130128618939, 86.52134446876782, 86.28088674136501, 85.4829156262004, 86.49029060186432, 85.25911298499855, 85.81841281380791, 86.15889741534669, 86.95090009286729, 86.32550630828727, 86.48242575574643, 85.45943384037133, 85.04625483608214, 86.05148893377294, 85.7523532064963, 85.13567954689098, 85.1517361459329, 85.5195623649408, 85.82486939312408, 84.98406826740512, 84.18839048711607, 84.18839048711607
97.16, 95.78531287162735, 96.74383966971271, 96.74680675031611, 97.05166906564462, 96.3754350358527, 96.20537555244587, 94.53921878623767, 94.85931640469664, 92.89042085273138, 92.50386822558164, 90.41964610700215, 85.8845686879141, 86.77389875681372, 88.22044668688102, 88.40555542853548, 88.05837219459738, 89.24621678427063, 89.74743822295805, 85.8926009680988, 85.82481185965905, 84.32939815556858, 85.82486939312408, 85.88417039475543, 85.36166827286671, 85.36166827286671
97.32, 91.85285645401115, 91.07530336086293, 87.29067006041807, 85.25147394837903, 87.18440320568376, 87.3028798199756, 86.13037052063872, 88.20257572617538, 88.98370593034035, 86.1522030976985, 86.02887907700315, 85.00796617836136, 85.81502052580596, 84.31369739456835, 84.75618479052292, 85.88922846168357, 84.50371598688248, 84.52382558249198, 85.8926009680988, 84.73326827916155, 86.75850158785042, 86.28719106467719, 87.63662051694347, 89.26547026035097, 89.26547026035097
96.25, 95.10687342376869, 93.24768471534692, 89.51577070862983, 88.26554151595393, 89.21149227607, 85.48961899980043, 85.4829156262004, 86.81439943560333, 85.25911298499855, 85.67588852209451, 84.17834927434514, 85.00796617836136, 85.81502052580596, 86.92736658116823, 87.0870676667011, 85.61249049627705, 85.63977268282514, 84.52382558249198, 85.8926009680988, 86.31651185841275, 85.09144833607148, 85.82486939312408, 84.98406826740512, 85.71196528850469, 85.71196528850469
96.47, 97.66498152235278, 97.16170361478511, 93.36320304125495, 90.96461305777876, 89.06590697277038, 87.41002457767104, 87.11906143143969, 86.75262009649647, 86.85034575948416, 85.67588852209451, 84.17834927434514, 85.00796617836136, 85.81502052580596, 84.31369739456835, 84.75618479052292, 85.88922846168357, 86.49604478710972, 87.41867409724362, 85.16631550852021, 84.73326827916155, 85.86243996933155, 85.41043848482869, 86.3822422244992, 87.43883052618382, 87.43883052618382
96.58, 93.0781808775655, 94.06308089895185, 94.83553416828454, 95.35996269522663, 97.48468391523224, 97.78046379038943, 98.59625718820078, 99.97833252828097, 99.8867431688179, 100.23870448005255, 98.06909562791583, 97.64930183462073, 96.77898677970246, 95.64684692992472, 96.92589789859726, 97.55029119134363, 97.83961286231417, 98.13295537721525, 93.2450012649258, 94.28103233495663, 96.16239158343224, 95.31223859050759, 95.93349545120255, 95.55927375569078, 95.55927375569078
96.87, 90.96552903573698, 91.23863831501023, 87.70094639013689, 85.25147394837903, 87.68504198936924, 88.32810500617212, 88.38630285196959, 90.37614074710264, 90.81064318239785, 91.60456882097009, 90.78062658007995, 91.21234554389525, 87.78689759921748, 84.31369739456835, 85.1318030599845, 85.88922846168357, 87.55964141594883, 84.52382558249198, 85.8926009680988, 85.21723579950934, 85.84179903908601, 85.82486939312408, 86.35246458238066, 88.00151120981057, 88.00151120981057
96.36, 94.2261307583476, 91.05739148781421, 90.68392072683882, 87.7704646745042, 87.94759145911654, 85.35108472288795, 85.44827481609819, 86.49133332332862, 87.00039570442034, 85.31649124366456, 85.42519697610781, 85.74585116877482, 85.81502052580596, 87.24762084467307, 87.1722714722667, 85.88922846168357, 84.50371598688248, 85.59923617076623, 85.8926009680988, 84.73326827916155, 84.32939815556858, 85.04258071657341, 84.98406826740512, 84.18839048711607, 84.18839048711607
94.88, 93.62818056080584, 93.94229275423696, 91.59428827496511, 90.82071714144152, 90.38056210272086, 87.88814505118324, 86.16768740545908, 84.10845337987462, 85.25911298499855, 85.67588852209451, 84.17834927434514, 85.00796617836136, 85.81502052580596, 85.6330057236558, 85.87602161722336, 85.95163913957482, 84.50371598688248, 85.14004302944154, 85.8926009680988, 84.73326827916155, 84.32939815556858, 85.82486939312408, 85.29470217753317, 85.83480266251338, 85.83480266251338
96.54, 97.83429821693066, 98.35616399039684, 99.08579127636227, 99.41084394892493, 100.9577627701708, 101.53934916914177, 99.11951523418934, 98.804221478032, 99.27383970443368, 99.57099876221477, 94.20773985684673, 94.55283803718567, 88.89709347703361, 90.09946332444085, 90.44356458822209, 86.61037987885112, 86.49567334621007, 84.52382558249198, 85.8926009680988, 85.39010896445788, 85.57754376465887, 85.30122245905616, 86.5662332462585, 85.84384390668069, 85.84384390668069
96.0, 96.03687450178316, 97.37771006205523, 94.12083884735863, 94.82357608224174, 89.4867909398473, 89.19640478331632, 85.4829156262004, 87.7755664477933, 89.08276681298203, 88.86374191451738, 86.94018328052913, 88.20667423810323, 85.27875762060083, 86.89141562315451, 85.74619827445251, 85.88922846168357, 85.63650197223049, 85.64322572994868, 85.8926009680988, 84.73326827916155, 84.32939815556858, 85.82486939312408, 85.32353385898469, 87.42157376593518, 87.42157376593518
96.84, 96.52172186853349, 95.29389465951964, 93.68815629843607, 93.83504714102737, 94.31171262456077, 91.36442755821462, 91.67031810059245, 91.52952949122627, 91.21393501078131, 90.55852570814993, 91.26432664011362, 90.99888821640285, 90.65422518490146, 92.63233423650092, 90.59785787574623, 88.15397861025964, 84.50371598688248, 85.90518300293024, 85.12831608403008, 84.73326827916155, 85.59994383408134, 85.82486939312408, 84.98406826740512, 86.90505639762, 86.90505639762
95.28, 95.89465394547521, 96.90339682351492, 97.29887340158659, 95.91355016614244, 94.89646036416936, 94.58616527754272, 93.83583406056493, 95.16760542049836, 96.48813531892135, 96.14813615396521, 97.10872653350549, 97.26036393400992, 95.79665946812332, 97.31806863615505, 93.0182381733147, 91.41826885735152, 90.37430916915822, 91.5168444427724, 90.18926723524379, 88.90021649041424, 88.64655443749561, 87.95745897913515, 86.06529044670846, 85.5745782490103, 85.5745782490103
95.83, 96.69289474074371, 99.14678481556724, 98.32462040517166, 95.29072416052003, 95.32768103194309, 94.56861860395964, 90.52822401557455, 91.60016344484981, 92.79537994936403, 92.92750224564334, 94.50245945911071, 95.31107250669126, 95.7337499213597, 97.27469817802574, 93.10068037143274, 91.07117025170632, 93.02842632375135, 93.5880482837393, 93.1726571341776, 93.51558439189117, 89.2048377389341, 87.76525579486449, 88.58572007267469, 88.53100062516296, 88.53100062516296
97.33, 98.46131656778317, 100.05086279437265, 99.83637209418421, 99.93393202996104, 102.27443865236094, 102.54115352876069, 95.5863966299031, 90.35822487176189, 89.92607565826245, 90.55697510230836, 92.15893007622172, 90.5037010212435, 88.727858112733, 87.62960065242193, 87.77716949139331, 85.88922846168357, 87.54129869195208, 88.34545790200494, 85.8926009680988, 84.73326827916155, 85.07005702089694, 85.82486939312408, 84.98406826740512, 86.25451676082233, 86.25451676082233
95.9, 90.05597175800614, 91.86911184369544, 91.59077652942071, 92.8346217172886, 92.63522000724994, 91.75063484029045, 87.76770337211931, 87.46965134277758, 86.36836701301269, 85.67588852209451, 87.24904582166562, 86.57345739382806, 86.32234650994933, 87.2587209108863, 84.75618479052292, 85.33843563073239, 87.25272850060901, 84.52382558249198, 85.8926009680988, 85.52857261560031, 85.49121950538371, 85.82486939312408, 86.71419683195172, 88.00848817388892, 88.00848817388892
96.67, 97.02106288947878, 99.3307993910777, 98.16220504834314, 98.08213042489834, 97.20665261988403, 95.36519736939677, 96.30815375186403, 97.45902455962408, 88.95041252535309, 87.63221211946652, 89.58966040883269, 91.10384159584032, 90.7915309609222, 92.10363156194023, 91.62942268972868, 89.47637792938153, 90.69631749277441, 91.02849677400683, 89.74389384499699, 90.67830902136801, 88.57364995223367, 86.67755402922734, 85.59501745848719, 86.15244665079597, 86.15244665079597
96.51, 94.40764307256337, 94.19175204847694, 94.77305784597286, 93.03285821679324, 94.79169384583147, 95.12348577339984, 93.95554554228522, 95.38704268276864, 93.11915454474139, 88.39862492931617, 84.17834927434514, 85.00796617836136, 85.7559404394757, 86.45544685953558, 86.89789525280771, 85.88922846168357, 84.50371598688248, 85.4344140616233, 85.8926009680988, 84.73326827916155, 85.76672251740267, 86.43710304098593, 88.02452486728397, 88.84918844676808, 88.84918844676808
95.2, 92.70198404992827, 93.79912877063802, 93.8882720718233, 92.92121762451714, 94.74967777074883, 93.98224158335647, 94.37342885899352, 96.47059248598946, 95.64413017482312, 93.77735920592325, 91.34790952386369, 91.7772802708012, 92.17362241320997, 86.17687828414583, 86.66388227035829, 85.88922846168357, 84.50371598688248, 84.52382558249198, 85.8926009680988, 87.60240744480781, 88.5764382124564, 88.95549751072043, 89.98900394705883, 89.81270806543097, 89.81270806543097
95.48, 94.95484374263354, 97.18505810737642, 96.6955012217129, 97.11941231396968, 98.52131150322629, 96.83271498031723, 97.72282934151163, 97.31701658366704, 97.7607581424122, 97.97808635607717, 97.54115211130396, 97.69091516566411, 97.528186480386, 96.7843244947037, 96.16104780105987, 96.29778460982529, 95.97627441267986, 97.14404141133438, 97.3726940982905, 98.70305429194993, 100.32244609420707, 98.17489913298527, 97.02943721227055, 98.98013069189055, 98.98013069189055
95.69, 94.88389209603068, 97.05016160623046, 95.05453887136507, 95.80059948311002, 97.47139241938864, 98.1283730821291, 98.08524360560538, 99.92212304504854, 98.16432352119065, 98.33711611277961, 98.89067406240086, 99.48847917431493, 94.39763560572823, 96.53530128668041, 95.48918636362454, 95.01399840959155, 96.01333856532959, 91.86623961514697, 90.999071153435, 92.3372505299622, 91.09929213112946, 86.18081095039605, 85.26830152243171, 84.18839048711607, 84.18839048711607
94.64, 93.23137779761659, 95.44955834575502, 95.30580245958402, 94.79723646410635, 95.20778317659092, 93.26461588882529, 92.36087551135545, 93.57978813100296, 91.59933196894733, 87.96915368143216, 89.93496161456335, 90.15470519887253, 88.61690647382433, 85.71164077266428, 84.75618479052292, 85.88922846168357, 84.50371598688248, 84.52382558249198, 85.8926009680988, 87.28557037311938, 87.98059744795206, 86.62677712471101, 86.63051313068186, 85.78651658453063, 85.78651658453063
96.46, 94.9410745965615, 95.09427559549786, 95.32314855087938, 91.79072433892404, 93.78213189487832, 93.89033669300551, 89.19533729200725, 89.35477416411194, 88.94152056081131, 89.328291716196, 90.26114354161435, 90.80606430406252, 90.7970338445897, 92.62383052316241, 92.58863429660455, 92.02681707318786, 93.27641234316283, 92.07249106046295, 91.80660755133867, 92.60577178798326, 93.60132411768173, 92.54746125750239, 93.83202668495514, 93.76311852110997, 93.76311852110997
96.27, 94.88776567125299, 92.11155154488222, 89.76536836763539, 90.7671151555446, 86.87466672176483, 87.26407525239065, 86.05396414129487, 85.28479112619932, 85.25911298499855, 85.67588852209451, 86.29420647190973, 87.36092572732329, 85.95080426332596, 84.31369739456835, 85.136221651686, 85.88922846168357, 87.719925215901, 87.33503276725286, 87.39541064322026, 84.73326827916155, 84.32939815556858, 85.82486939312408, 84.98406826740512, 85.25530608421577, 85.25530608421577
96.24, 95.52885435689615, 96.14341243347273, 94.5460269564326, 91.98899721411621, 92.26966666574202, 92.06573611758179, 92.63155185576501, 89.98904999993894, 89.34095251291846, 87.91267214390186, 85.39940398037113, 86.03499461087655, 85.90756509830302, 86.17014014910164, 85.97383419242256, 85.88922846168357, 87.38403715803574, 87.77056859305868, 87.24037794948572, 88.46849032007079, 90.43265927323853, 87.91992626481019, 87.99272668965293, 88.72131778866442, 88.72131778866442
96.45, 95.8922717846352, 90.74297880956514, 91.22273780652813, 87.9182715039906, 89.50515346637386, 90.23316558077919, 85.4829156262004, 85.30609477520457, 85.67985665768332, 85.27040766651423, 84.17834927434514, 85.00796617836136, 85.81502052580596, 86.30089142897299, 86.320212908353, 85.88922846168357, 87.8842603139514, 86.89782765128432, 85.66863007620059, 87.44058374782672, 86.0131286941845, 85.82486939312408, 86.5443619697247, 86.48029171607286, 86.48029171607286
96.04, 97.17491465491901, 97.18611032906828, 97.77597188095066, 94.23327371690385, 93.77284153563444, 87.09723325221624, 85.83053647334364, 85.74009369836274, 85.78159575407565, 85.67588852209451, 85.04049500348242, 85.134215145185, 85.81502052580596, 87.43450179432502, 87.44318921595834, 87.71513824026299, 84.50371598688248, 84.52382558249198, 85.8926009680988, 84.73326827916155, 84.32939815556858, 85.13275607774287, 84.98406826740512, 85.24825417614873, 85.24825417614873
95.81, 95.11830591092766, 97.0869976999646, 96.02070317793175, 92.11698995172507, 91.0180803539778, 89.14271211353784, 89.35484274376252, 89.11367435250591, 86.60116849159726, 85.67588852209451, 85.20328821132485, 85.00796617836136, 85.0626223330664, 84.31369739456835, 85.95838583346942, 85.88922846168357, 87.01703237458558, 85.95770972102632, 85.8926009680988, 87.53557823072825, 84.32939815556858, 85.82486939312408, 84.98406826740512, 85.42395024607055, 85.42395024607055
95.69, 94.44007245931083, 94.8323684864309, 94.68792278271816, 95.36898288575244, 93.09559195211713, 91.71073526962262, 88.79189751959335, 88.47372256469131, 88.90393955206761, 88.9608866448118, 89.55683575617218, 89.98197966605801, 86.62238671704274, 85.07757943935778, 84.75618479052292, 85.88922846168357, 87.57613357119939, 86.8986278299978, 86.09653680105743, 84.73326827916155, 84.32939815556858, 85.82486939312408, 84.98406826740512, 84.18839048711607, 84.18839048711607
95.95, 96.07676059527813, 97.66828397299481, 97.05538077427693, 96.28470768447774, 96.76404317470664, 97.47108330697596, 97.83191759523407, 99.18027023795129, 99.640604064668, 99.04537525463284, 100.7429355788336, 98.10603508454135, 95.47391501576045, 96.250042598476, 96.52677002071799, 95.5126015389905, 96.87843388232619, 96.79376401601263, 96.72823007166433, 97.84934219573988, 99.27854106097718, 97.56861951207588, 97.46513319914465, 98.2745595781591, 98.2745595781591
95.45, 96.5270936886313, 98.29454365300575, 97.61313255734945, 98.2268443452321, 98.60248343630927, 96.90130556133063, 95.67962310662669, 97.73642322251843, 98.73944851962703, 95.70453636602265, 95.79868917501555, 97.3525780239952, 96.67262622533028, 96.11585524151222, 95.49158779019662, 95.31710707846875, 95.89977976245096, 97.82527005625718, 92.6806278998494, 93.04167626869621, 91.7419264107933, 89.22310981442294, 90.00818750956414, 91.525823448579, 91.525823448579
96.36, 95.51308298167923, 95.59497275086069, 96.03106828113, 94.12984116053418, 91.98666213004958, 90.58892188573664, 89.96267519529589, 90.31434599752424, 85.25911298499855, 85.67588852209451, 87.32672603058755, 87.9513470519014, 86.78133178597218, 88.39791377271298, 87.57580553348639, 85.88922846168357, 84.50371598688248, 84.52382558249198, 85.35086878385506, 85.25048639758164, 86.72004810139578, 86.25959181307864, 85.75159850605023, 84.18839048711607, 84.18839048711607
95.95, 92.64108067825264, 94.27672630170723, 92.32191625991379, 90.34827333072509, 89.21789893984392, 86.71289064978295, 85.4829156262004, 85.68297570726611, 85.84461285816484, 85.67588852209451, 87.32699290476285, 86.3419242521754, 85.93461792541545, 87.0443803351967, 84.75618479052292, 85.88922846168357, 86.97998334537142, 85.5022044623839, 85.1222424710104, 84.73326827916155, 84.32939815556858, 85.82486939312408, 85.9048303449245, 88.46946042395406, 88.46946042395406
96.23, 97.17516451987369, 97.93157279890937, 97.89715738919361, 98.76148474996828, 99.85966570342251, 100.99827485631606, 101.31734691755898, 103.19985071422315, 101.45455263305077, 102.19205279377425, 101.6501464904262, 102.11513302375431, 100.63448578230285, 95.90920962234209, 96.16102154300587, 91.5917187997653, 88.20218811663625, 89.68335541408668, 88.71762642801518, 84.73326827916155, 84.32939815556858, 85.82486939312408, 85.67906152907611, 86.97442729030203, 86.97442729030203
95.99, 96.10610015558645, 96.86956857513087, 93.49697739470126, 89.32695514778166, 90.97908932059698, 91.75988782130764, 92.53440728922493, 93.10588151852556, 93.01477615485125, 92.02857894009259, 91.49723393374067, 87.29483720311418, 87.657487234846, 84.31369739456835, 85.56937888265196, 85.88922846168357, 85.65507595530575, 84.52382558249198, 85.28109611590104, 86.75060680616056, 86.29834902025975, 85.38679870187252, 84.98406826740512, 87.16228582398855, 87.16228582398855
95.75, 95.36962309033615, 96.49333960589699, 96.69778393281763, 97.77302418020832, 99.68157298301692, 96.49841954079275, 95.24218743478797, 95.21404520402038, 94.51005317672035, 94.37149700617181, 94.08400788217882, 93.74515647116895, 90.8785925780488, 93.1489561646847, 92.39073223932459, 88.37909216102956, 90.17847992307192, 91.44700356709767, 90.76932705962685, 92.28822081094111, 92.37531420191804, 91.8723030145185, 92.73587484323417, 92.69077195706176, 92.69077195706176
95.07, 96.19466608929403, 98.62332197286067, 98.49724450866944, 98.47590098184386, 97.03444774822051, 97.64914091972437, 93.67232074876085, 91.04774391822392, 92.37257360163152, 91.82060056121256, 93.55510005125731, 92.63289241696587, 92.8747260546409, 94.51520676648947, 88.59666304716075, 87.05594896726045, 86.53516677166725, 87.03665473719398, 87.48881469227656, 86.42263355850658, 88.03182260652716, 86.6609665667587, 85.47822129351654, 86.18979025954734, 86.18979025954734
96.32, 95.38251653718022, 95.60231148514781, 91.84397475914874, 88.74708663599033, 90.4961505595795, 89.38098638512537, 85.79843228887493, 84.10845337987462, 85.25911298499855, 85.67588852209451, 85.96889215739974, 86.0477596991775, 85.36926377164953, 84.31369739456835, 84.75618479052292, 85.05943468534083, 85.67348416823091, 85.36347476328983, 85.8926009680988, 84.73326827916155, 85.81769851204986, 85.23650336234472, 84.98406826740512, 86.96345119302008, 86.96345119302008
96.77, 95.5493867950035, 97.00733884640037, 97.51157088821304, 98.23240896119657, 97.95083228040357, 96.44520112183908, 96.38512968196447, 97.83850265976974, 99.164931873842, 99.45908608305027, 99.28082265742806, 98.13532617556336, 97.97414263356778, 96.584026780576, 94.04512119461639, 91.61588587879228, 87.56215474450936, 87.65860074305048, 85.64774316379034, 84.73326827916155, 86.88517772860116, 87.11406441141926, 84.98406826740512, 85.76297797562252, 85.76297797562252
95.68, 95.49610473532918, 91.41493516143639, 89.7603191749042, 89.44805639081669, 84.10957757803895, 85.48961899980043, 85.4829156262004, 86.53674545069684, 86.28662622949787, 86.75854951922437, 85.8797048822976, 85.8077836910931, 85.43621906190137, 86.46666228667699, 86.15687424224997, 85.88922846168357, 88.16726707121474, 88.34390712957651, 87.95424267888396, 87.22205747546886, 88.97965191564609, 85.82486939312408, 86.70809827187338, 85.76976634070824, 85.76976634070824
96.5, 96.31730443541404, 96.86634661827206, 94.93460780513738, 96.33576378120283, 93.61284907320368, 90.83076036926387, 88.45662606632774, 89.44826512584007, 88.84775990194714, 88.41971262985551, 86.3431604028545, 85.00796617836136, 85.81502052580596, 86.93302556515616, 84.75618479052292, 85.88922846168357, 87.92163989618825, 87.75061520865059, 86.70629780313949, 87.8915611973396, 88.75656083665527, 85.82486939312408, 84.98406826740512, 87.09420454955877, 87.09420454955877
96.26, 95.45964605910989, 95.80814373310042, 93.15114629339408, 94.53066985671289, 95.72925455886589, 95.71792244959015, 94.04491871566042, 96.3099993759078, 96.27794211252099, 94.15240492692318, 96.60102209748773, 93.07052404375723, 90.79731368938639, 91.99588509184609, 90.79319209511699, 89.82565942554695, 90.70640314928066, 88.92493974431119, 89.4227929882375, 90.02212988744078, 89.86731677316448, 88.29202479039635, 84.98406826740512, 85.96752438094354, 85.96752438094354
96.04, 96.6269124397343, 97.421299318688, 93.32383439062868, 93.686360531527, 94.3249542894977, 95.50196581316818, 94.86866127197611, 95.71665655895185, 96.66704218212665, 92.20797633560997, 87.89126847162298, 88.23728598826817, 87.07813486070634, 88.49350495340484, 90.21605445481367, 88.92708962856474, 86.37785386851684, 85.67378930013655, 85.33155563378676, 86.4202099154549, 84.32939815556858, 85.82486939312408, 85.95204060855721, 86.89440581802052, 86.89440581802052
95.63, 94.06185889891157, 94.55191869731136, 94.84792705843623, 92.61045662344189, 86.55952370745206, 87.48621631672489, 85.4829156262004, 86.49775312002043, 85.18739160472846, 85.3650679277491, 87.1011909751001, 88.18257673047673, 86.20973710221892, 86.61261284270678, 85.16674416635527, 85.88922846168357, 84.50371598688248, 84.52382558249198, 85.8926009680988, 86.9631142005708, 86.77736459873017, 87.61099061472238, 88.3213657468025, 90.14291366681827, 90.14291366681827
95.73, 96.04816331046123, 96.18124273694396, 90.21983768501782, 90.78620956659938, 90.97644785644928, 90.96774832753243, 90.20234457434334, 91.90647025242164, 91.26073005827533, 89.60873632169778, 85.85361654814861, 87.1952086055579, 85.61502590575915, 87.43413374394429, 86.76937671023131, 85.88922846168357, 87.83707489418886, 89.64889682112346, 89.25882306201139, 87.80006830917806, 84.32939815556858, 85.82486939312408, 84.98406826740512, 84.18839048711607, 84.18839048711607
96.43, 92.91991059612118, 94.38732883254002, 92.69799831812985, 93.44930095229492, 95.06292194805921, 93.74847703003131, 93.9884153726829, 95.53621024586904, 94.43606427751025, 93.88394731709691, 93.2248813139243, 93.8845642443142, 90.10988318833358, 91.6309660248069, 91.47831509726362, 89.42773657914641, 90.4553925328465, 84.52382558249198, 85.8926009680988, 85.47723042410281, 84.32939815556858, 85.82486939312408, 84.98406826740512, 84.18839048711607, 84.18839048711607
95.6, 95.47064161298562, 94.4177112508339, 90.71015186660594, 90.09823975217576, 88.95530667943562, 86.67313130559604, 87.61014523090833, 86.79660188104015, 86.27293280350578, 86.44609506348289, 84.17834927434514, 85.0975263064582, 85.81502052580596, 84.31369739456835, 84.75618479052292, 85.88922846168357, 86.5919591017532, 85.48770320780093, 85.8926009680988, 87.05050191525085, 85.39637641341973, 85.82486939312408, 87.45766344819653, 87.59592668225251, 87.59592668225251
95.52, 95.75764157628893, 96.92918574355858, 93.44222317976393, 90.90112814924335, 93.1309667002419, 92.75989435407662, 93.53758484271268, 94.28253692671136, 91.02724993335717, 91.59332389257942, 93.11613527395792, 93.46949498770707, 92.73911565132111, 93.09969763890716, 91.97013488681395, 89.89387119756331, 88.10821682389962, 89.58324616983845, 89.20719838971742, 88.81106958258536, 84.32939815556858, 85.1730808954177, 85.54879962753962, 86.75110735488961, 86.75110735488961
95.79, 96.76740642942632, 98.53984417356888, 96.91967640909628, 95.51791876802717, 97.10446530815861, 96.61706216332993, 97.04626692754253, 94.807471646525, 93.4054175232359, 91.37124664462605, 92.2836763279705, 92.73330319443623, 91.66712387276188, 91.38844483860436, 90.93525801107627, 90.11552556397369, 92.17530982493336, 91.42513620560347, 89.50772458342136, 86.98971980705679, 85.59896085305634, 85.82486939312408, 84.98406826740512, 85.03974824547845, 85.03974824547845
95.76, 96.95672479361019, 99.15400526544316, 97.99219197059355, 97.59250017919996, 100.23794277164635, 101.37961155839548, 101.5381798150997, 102.65850081022342, 100.70388408588364, 100.7087297624009, 98.68672150351335, 97.51260843836121, 97.0140871335166, 97.40828730462913, 91.55960999385651, 85.12026751054626, 86.58240085133761, 84.52382558249198, 85.8926009680988, 84.73326827916155, 85.90138965139457, 85.82486939312408, 84.98406826740512, 85.25539576084705, 85.25539576084705
95.79, 94.22409469033846, 92.73824109975668, 90.54527555467399, 87.52863618895297, 88.06734929489603, 86.97777891640948, 85.4829156262004, 84.10845337987462, 85.25911298499855, 85.74206465437204, 87.79688129875481, 88.40109938464504, 88.38433987046406, 88.06143235699473, 88.81202018676116, 87.78704866570205, 86.88573728886495, 88.77373257535831, 88.23449866048598, 89.47734893951764, 90.00163936654758, 90.08874910264547, 88.79974355146007, 86.76749080979978, 86.76749080979978
95.96, 96.57425240213549, 95.13725350977226, 93.00831041048015, 92.74286560287041, 92.66900325234514, 90.98426803575991, 88.24423424700718, 87.1635585479478, 85.25911298499855, 85.67588852209451, 84.17834927434514, 85.11272238115555, 85.81502052580596, 84.31369739456835, 84.75618479052292, 85.21056878077398, 84.50371598688248, 84.52382558249198, 85.8926009680988, 85.39077974107241, 85.83194844235402, 85.82486939312408, 86.58539413003696, 84.18839048711607, 84.18839048711607
96.23, 96.75340822954959, 95.15271662036872, 95.66919473005701, 96.35690622874037, 91.95150638919228, 91.73485816748244, 90.84728460171743, 89.71952939119623, 89.84970159197866, 89.61983062252447, 90.29767986928513, 91.4444026268461, 88.69880502193529, 86.07929840169008, 85.52570748628312, 85.88922846168357, 87.45518391860392, 87.34653206317707, 85.8926009680988, 84.73326827916155, 86.01614931780327, 85.34762390725167, 84.98406826740512, 84.18839048711607, 84.18839048711607
97.23, 98.2455090221609, 98.39537526413065, 97.87502380462774, 98.28954138671132, 99.10089933990015, 95.2134101067653, 95.51397249310939, 96.94149853937128, 96.73713095667213, 95.94109297410606, 94.36434244863233, 94.26974344346219, 90.75345040575321, 91.40139834914038, 93.25657729382365, 91.72261902916019, 92.69549352263157, 93.09945241483386, 93.37217676827949, 93.36067698649909, 94.16683893116644, 93.27787504207498, 91.93609369910223, 94.3846694160483, 94.3846694160483
95.13, 95.41005245347161, 97.21625820312006, 97.86274313513086, 97.66872509801416, 92.94479783306124, 85.30026945243107, 85.64539698452514, 86.17476371383447, 86.4373675084325, 85.83868923700321, 86.9577066408817, 86.45660366851115, 85.57057064143623, 84.31369739456835, 84.75618479052292, 85.88922846168357, 85.2894580916386, 86.95171894313849, 86.7060164997279, 86.01688725860976, 86.93458788972431, 85.60328826793588, 86.76483178302551, 84.18839048711607, 84.18839048711607
97.15, 96.37548536862447, 97.98993049555385, 97.56183289201034, 97.44095627048529, 98.53107846384096, 99.30941614872327, 98.81162509103613, 98.11410421316704, 96.79265321235081, 95.9186800739738, 96.38312240705304, 96.23129465965596, 95.82266065469405, 96.28567796702754, 97.74489876379624, 96.67132108059009, 96.60097806494481, 96.9371803661224, 95.54160606079192, 94.89831286418455, 96.3802295601936, 94.95162905287317, 96.01178074349002, 97.1592417224188, 97.1592417224188
96.18, 94.78304810359123, 92.72072356532652, 91.52598993941427, 87.68891541018087, 88.66529561030544, 89.60973123627039, 87.57616003341937, 88.83790155128342, 86.74123631960907, 85.8907599950587, 84.17834927434514, 85.00796617836136, 85.81502052580596, 85.30833719640513, 84.75618479052292, 85.88922846168357, 87.26924896690153, 88.08964901417514, 86.35090881729579, 86.45450874939974, 87.3874760792144, 86.67556348659625, 88.3156031238328, 86.22774591760351, 86.22774591760351
94.67, 96.27167844094228, 95.40534863158724, 85.49187807087861, 85.0834842615808, 87.00767616331889, 86.48751836943147, 85.4829156262004, 86.58701364320669, 86.19278021997151, 85.44062707248754, 86.36370649883361, 86.66548599628965, 87.00285363471068, 84.31369739456835, 84.75618479052292, 85.88922846168357, 84.50371598688248, 84.52382558249198, 85.25202632636365, 86.71147238751279, 88.13571880135838, 85.82486939312408, 84.98406826740512, 85.51621273692552, 85.51621273692552
95.54, 94.20840455074597, 88.6479544006914, 88.92879934582393, 88.26966072970363, 90.18441992900617, 90.96402936069802, 88.92291735217175, 90.83673264127945, 88.91733579335795, 86.33624493063826, 84.17834927434514, 85.00796617836136, 85.81502052580596, 85.13796366418774, 86.38926877179513, 85.88922846168357, 85.7548695080747, 87.07600969741246, 86.97912672406248, 87.71274141604937, 89.30979667435193, 88.77974108916926, 84.98406826740512, 85.80707208752415, 85.80707208752415
96.86, 98.23726139949535, 97.84503018040559, 96.82260358914202, 96.13040237719315, 91.6458533840056, 92.46745313200896, 89.1865719168872, 90.958056366044, 92.28508204590273, 90.6729552097312, 91.22481539553205, 91.81579210561564, 86.55558589854816, 84.31369739456835, 84.75618479052292, 85.88922846168357, 84.50371598688248, 85.47390132424884, 85.49849005997885, 86.62362479835951, 88.63755256832334, 88.67028544876452, 89.60295076963347, 88.68481641788097, 88.68481641788097
95.05, 93.31769899678557, 93.89087420183978, 93.12475614620858, 90.65269486457801, 89.26885444285186, 86.55970910672652, 85.01531917025326, 84.10845337987462, 85.25911298499855, 85.67588852209451, 85.30503232617023, 86.09809444006761, 85.81502052580596, 85.84788580747711, 86.7217100723119, 85.88922846168357, 84.50371598688248, 85.42559278197604, 86.151788741485, 86.31350365424434, 88.36487617552156, 85.82486939312408, 84.98406826740512, 86.20511064410937, 86.20511064410937
95.4, 95.61618797568391, 97.25889838471508, 96.12117129828815, 97.37956610951976, 96.53599729018559, 95.83073511895415, 96.29930675058361, 97.6822996115844, 96.97022843634733, 96.91114568537799, 98.11675289606919, 94.9931681503459, 92.48766428272984, 92.24755536413593, 93.08367297774892, 90.30036800199902, 90.27196843137456, 90.38384969201671, 89.65202555756277, 90.16699887884897, 90.14652889091704, 87.50666058036914, 86.00497104955122, 85.70377097956013, 85.70377097956013
95.46, 94.2071884457642, 95.91457525563966, 95.26182514264477, 94.51322807330902, 95.64028566892895, 91.99036379855545, 90.9675387103502, 91.69681896446777, 88.38181863562943, 87.67651932889348, 84.17834927434514, 85.00796617836136, 85.81502052580596, 87.7511769089006, 84.75618479052292, 85.88922846168357, 86.9414368690619, 84.52382558249198, 85.8926009680988, 87.1902524158452, 87.18758911459673, 86.96953016663672, 88.42971198217764, 89.09498920360798, 89.09498920360798
96.87, 97.53000598042605, 99.82362330152891, 100.36394040702216, 100.6247029312614, 101.42102613620138, 101.90196587383993, 100.8058410522241, 102.59879645544775, 99.30677228220776, 98.18673684448675, 99.7399808982306, 99.61296669657126, 94.94168918357478, 96.77756553207657, 96.19908087564811, 96.73310068652728, 96.58490823752282, 96.30882797923543, 96.72481121697335, 96.1303095997861, 95.31543591132883, 92.13533675411065, 91.99578187104383, 90.11609715023883, 90.11609715023883
96.96, 97.99729776804071, 99.32495550196886, 95.7972126078404, 96.55172589204321, 99.0191269092393, 98.20622922367498, 98.37673795478987, 100.56948796352543, 100.92979804232009, 100.68938851447133, 99.85943798991578, 100.08400711272832, 99.36713001038378, 101.105731145804, 98.10171385798641, 97.4941689454479, 96.39956775766022, 95.05629704469179, 95.66713207112163, 96.67606538291867, 94.65028968183235, 91.61289857193918, 92.86116592743925, 94.31803432409079, 94.31803432409079
96.71, 97.13353356343778, 96.44098945368535, 95.79658514912819, 96.94011084856142, 99.28732952147902, 99.77868907912952, 92.38816166433476, 93.85305533793155, 92.59536263273213, 91.28152450361276, 90.17832562216816, 91.80849850585334, 91.03724638441932, 92.36181019681753, 91.780749319465, 88.85873249951965, 90.8226976465673, 91.30998345701249, 87.03210406498532, 87.86608994257743, 87.7851541741574, 88.17481358472656, 85.09890365968158, 84.18839048711607, 84.18839048711607
95.48, 96.79060003477161, 97.57667796421893, 94.7077428220566, 93.8913445031441, 93.51750577996131, 90.85296457211756, 89.17429913690248, 90.56959745425783, 85.25911298499855, 85.67588852209451, 86.15248652657147, 85.00796617836136, 85.81502052580596, 84.31369739456835, 85.17305128506605, 85.88922846168357, 84.50371598688248, 84.52382558249198, 85.8926009680988, 85.62564355532074, 87.28018157721057, 86.8027532077148, 88.12964167053258, 88.74947489187421, 88.74947489187421
96.61, 94.09239659249435, 92.12433382407845, 92.18725556153134, 91.7491913704105, 91.29341643782143, 89.1438084488397, 90.44028325566458, 91.16824851229694, 88.29708331719178, 88.89329738951267, 88.6834531063607, 87.49357052955752, 85.81502052580596, 84.31369739456835, 84.75618479052292, 85.25804092463828, 84.50371598688248, 84.52382558249198, 85.8926009680988, 84.73326827916155, 85.3174009238304, 85.82486939312408, 84.98406826740512, 86.88444515026092, 86.88444515026092
96.42, 95.32092326786241, 96.44309500921385, 95.35140005055524, 88.76356275396563, 90.08985594742084, 89.91458710733623, 86.57217213613491, 87.21133460812216, 85.25911298499855, 85.40447264642009, 85.19160448779911, 85.00796617836136, 85.81502052580596, 86.44028862593257, 85.84235832268472, 85.88922846168357, 86.15746494362162, 84.52382558249198, 85.8926009680988, 87.39513220777329, 88.93476873988541, 85.82486939312408, 84.98406826740512, 84.18839048711607, 84.18839048711607
95.98, 95.52210445818432, 96.02618198428887, 94.12141475207385, 93.92688718478071, 95.05884547257196, 90.33566500524438, 85.56975930311808, 88.06908095422031, 85.25911298499855, 85.67588852209451, 86.61718600456403, 87.5614222872111, 86.03548181502913, 84.31369739456835, 84.75618479052292, 85.88922846168357, 84.50371598688248, 84.52382558249198, 85.8926009680988, 86.84758491800666, 87.57277678908966, 85.82486939312408, 85.14905004324865, 85.19304144104072, 85.19304144104072
96.57, 96.7021419585323, 98.08078897036795, 98.38167616580623, 98.14208463591572, 94.33420897688114, 88.91072274003979, 86.33833209337955, 87.28123552085962, 87.64797999575339, 87.32788602089381, 86.76960766353253, 86.68246896094341, 86.5175156641098, 84.31369739456835, 84.75618479052292, 85.88922846168357, 85.7590391990782, 85.48527406868473, 85.8926009680988, 85.2894976793391, 84.32939815556858, 85.82486939312408, 86.38456870676295, 84.18839048711607, 84.18839048711607
96.49, 96.67603766545831, 97.95926935171606, 96.89155193672562, 98.22764541567133, 100.00130190949567, 97.3781007927673, 96.80017993627575, 97.35865856671712, 97.35022234548335, 96.72873049479259, 98.37502316754882, 97.00270275955171, 97.54939614293036, 97.92990553632343, 97.3480013473582, 91.09599624278799, 90.36063049203263, 91.0430658467942, 89.92175000067894, 89.84698136959462, 90.12987259178463, 88.98032701335885, 88.18837376224796, 88.83386594282885, 88.83386594282885
96.64, 95.36516176381208, 93.22525653053248, 91.82890174759697, 86.43997834648236, 85.31133760306754, 85.17114559150657, 85.4829156262004, 87.45067358584686, 86.16060631938498, 85.67588852209451, 86.64770129922931, 85.00796617836136, 85.81502052580596, 87.13760989680598, 84.75618479052292, 85.88922846168357, 84.50371598688248, 85.78251904874791, 86.21106542350775, 85.84725672574655, 86.82864205994915, 87.20650522978036, 87.46498474877441, 84.18839048711607, 84.18839048711607
96.08, 96.39211097288594, 92.47397478266946, 92.8961352603099, 93.34258333592878, 93.31816900893936, 90.50127842838394, 85.4829156262004, 85.75507734904373, 85.96936957992867, 85.67588852209451, 84.17834927434514, 85.00796617836136, 85.29527606049011, 84.31369739456835, 85.37731893260654, 85.88922846168357, 86.24112570455202, 88.28890756564734, 85.94351947276867, 85.10892828836714, 84.32939815556858, 85.82486939312408, 87.12770478925695, 84.18839048711607, 84.18839048711607
97.34, 94.80445261688968, 95.63722877906238, 95.08717934907595, 94.33559121250816, 94.32772215284078, 91.71334278721837, 89.97559177700948, 91.80851967618942, 87.99295870567606, 87.92220479342278, 89.4211069551497, 87.07874220154915, 85.53103112535875, 84.31369739456835, 84.75618479052292, 85.88922846168357, 84.50371598688248, 84.52382558249198, 85.8926009680988, 87.3167071676631, 89.3240833823558, 87.10313088534626, 85.02607923426095, 84.18839048711607, 84.18839048711607
95.7, 95.79321127816344, 97.03836161575408, 93.92586922398041, 92.62934258811025, 93.36805108386143, 93.39869841374008, 91.03355615164517, 91.49016959605297, 85.25911298499855, 85.67588852209451, 84.17834927434514, 85.00796617836136, 85.81502052580596, 86.21811998088467, 84.75618479052292, 85.88922846168357, 86.54451775954948, 84.52382558249198, 85.8926009680988, 86.13338450351154, 87.80332082648977, 85.82486939312408, 85.73051380097405, 84.18839048711607, 84.18839048711607
95.48, 89.16450201533492, 90.07039753679754, 88.47981962386979, 87.09432801490381, 88.77152646997986, 89.52638487473297, 88.49148443895268, 90.73776990215552, 91.21309808191877, 91.73442194734645, 92.17536838386052, 86.73856611672277, 85.81502052580596, 84.31369739456835, 84.75618479052292, 85.88922846168357, 86.34571989057346, 88.2529658465495, 85.86791036346173, 87.78819477232129, 88.74853381982449, 88.98421402672057, 89.73507596383502, 86.48857746638755, 86.48857746638755
96.44, 98.13299935962782, 97.05355785853256, 96.96323238991711, 96.97781819333686, 97.17795695154764, 97.54282323826271, 96.52067649950388, 98.28501580252055, 97.82936425639329, 97.16049882327546, 95.3345838063861, 89.28370998819696, 89.88399616558293, 90.22716105662766, 84.75618479052292, 85.88922846168357, 84.50371598688248, 84.52382558249198, 85.8926009680988, 86.80968175363655, 84.32939815556858, 85.82486939312408, 84.98406826740512, 84.18839048711607, 84.18839048711607
95.97, 93.76879512506746, 93.552996984467, 91.20078457009325, 88.21492176042084, 85.76560153112139, 85.48961899980043, 85.4829156262004, 84.10845337987462, 85.25911298499855, 85.34127265397555, 84.17834927434514, 85.00796617836136, 85.81502052580596, 84.31369739456835, 84.75618479052292, 85.88922846168357, 85.21459390526955, 84.52382558249198, 85.8926009680988, 85.62662530048911, 87.72579823459421, 86.51724828656339, 86.69709603293495, 87.57703456800667, 87.57703456800667
96.4, 94.4298758819464, 96.7148629771712, 96.37921819464756, 97.06907227631305, 98.04480486744148, 89.7658705609048, 87.52874939554607, 88.53033973787811, 87.30090712015962, 86.53551226440275, 87.60654964390778, 88.47313952085857, 86.12355592965429, 85.77417377446548, 86.88936426694602, 87.74294325273712, 89.35185754020154, 88.81995990625255, 85.83835831431117, 85.9505302786525, 85.01629727246805, 85.02185335313484, 86.40244390797672, 86.95505931772568, 86.95505931772568
95.77, 96.80236218463854, 96.31258589571497, 96.7290472415326, 93.48486966947145, 87.8815822245065, 85.48961899980043, 85.4829156262004, 84.10845337987462, 85.25911298499855, 85.67588852209451, 86.94127243418019, 87.48391986868161, 86.48162703819894, 84.31369739456835, 84.75618479052292, 85.88922846168357, 86.6287917140304, 88.10684133704191, 85.8926009680988, 85.12065470449352, 86.97710747417491, 86.89061343645125, 84.98406826740512, 87.42247010149384, 87.42247010149384
96.1, 95.59587401878214, 96.48808865149518, 95.9584811371333, 94.65755483993536, 96.01401019332462, 85.48961899980043, 85.4829156262004, 86.94633682397146, 86.79337866144039, 86.37964894111289, 86.30463433695098, 85.00796617836136, 85.81502052580596, 87.15016046828298, 84.75618479052292, 85.88922846168357, 84.50371598688248, 84.52382558249198, 85.8926009680988, 85.01898663961306, 84.32939815556858, 85.82486939312408, 84.98406826740512, 84.18839048711607, 84.18839048711607
97.37, 97.68702439646894, 96.82819264839772, 92.27368565258185, 90.96217054972627, 90.84907173152001, 90.7366119653233, 90.93040387350968, 91.43837984549803, 91.09972851768192, 85.67588852209451, 87.63889887364817, 85.9762219509897, 86.03186135374642, 88.3241981824144, 89.92572843096114, 90.20203451915314, 91.21447815404684, 90.77248802584423, 90.34097698966045, 88.6404783170605, 86.65746597382586, 85.43063627892714, 86.91500358917796, 86.22323622929855, 86.22323622929855
96.79, 93.79681935175864, 93.68096877893731, 93.15371942694198, 94.62559928778585, 95.50832978603023, 95.96499030636622, 96.28915773357224, 95.21329837852369, 94.03938247047489, 87.49534631009931, 89.55377968913365, 90.09042511062327, 89.20077425857991, 90.98502030818833, 92.09901859636553, 91.02103838363155, 93.18261121113035, 94.6460460450279, 91.41712975563188, 91.19268677263058, 92.37223359319968, 92.32448212084454, 89.43390859102735, 90.64945018253471, 90.64945018253471
95.94, 97.34364734676262, 97.41414216570958, 95.36387111033085, 94.65927260410044, 96.20646224485473, 96.65984069144845, 91.04293786166726, 92.68729206841543, 92.98790860809969, 89.76752504157493, 91.11790508785393, 90.41232481685208, 89.14258093072965, 87.39902405606841, 86.76875037663683, 85.88922846168357, 84.50371598688248, 84.52382558249198, 85.8926009680988, 85.88648690198437, 84.32939815556858, 85.82486939312408, 86.60083755636099, 88.06301445015873, 88.06301445015873
95.62, 95.1586600406536, 92.15267749557621, 89.98427109991225, 89.3661511556786, 88.34707321904963, 87.83435185587575, 88.15863417941836, 88.95751592869897, 88.05840053380071, 88.39189422789008, 88.54801359110151, 86.2502307937378, 85.81502052580596, 85.81900119302772, 86.059493638508, 85.88922846168357, 84.50371598688248, 84.52382558249198, 85.8926009680988, 86.64910063444691, 86.99597758625022, 86.84286573195885, 85.82673297094107, 86.22301290709427, 86.22301290709427
96.88, 97.2910043376295, 96.44783977113785, 89.2641797906305, 89.87700373904522, 90.64426049010554, 89.75210084242018, 87.36751405290536, 84.10845337987462, 85.25911298499855, 85.67588852209451, 84.17834927434514, 85.48096444355092, 85.2761185789898, 86.40637427679248, 86.75434293543398, 85.88922846168357, 86.69702835072884, 87.4120816014775, 87.75594351728382, 86.15884124296852, 85.60183152254437, 85.83700223258579, 86.83839720160601, 87.33405255308787, 87.33405255308787
95.64, 96.64095683758138, 95.95947844190746, 92.24812213575107, 85.56262086727003, 86.88215136400318, 85.48961899980043, 85.4829156262004, 87.77903528888905, 87.07705438053783, 87.1538160178177, 88.28089424956286, 87.10281156572711, 86.04457747939487, 87.4730507095701, 84.75618479052292, 85.88922846168357, 86.40473225562867, 87.74527623735828, 87.22179959358415, 86.96481506579566, 89.10905950672706, 89.65934316388906, 89.14962260551812, 91.3475592102384, 91.3475592102384
97.07, 93.5131142786292, 90.48613780500939, 89.56784063073036, 90.13746291568307, 89.29508258755179, 85.48961899980043, 85.18962025880856, 87.10405710341203, 85.2724640791293, 86.30947109208506, 84.17834927434514, 85.00796617836136, 85.81502052580596, 88.19500787576813, 89.27815831355383, 89.05973869659536, 90.27531831977028, 90.1597211776726, 90.07388025021235, 90.85604340564431, 90.31291083772112, 89.4758101994334, 87.94838950944443, 90.10876429514714, 90.10876429514714
96.55, 97.46541079224521, 94.00838506209924, 91.0687094248022, 85.25147394837903, 86.04510082553668, 86.55272319087065, 85.4829156262004, 85.20430995861368, 85.25911298499855, 85.67588852209451, 87.23406735281152, 85.43399888616231, 85.01960782721456, 86.8876308767261, 87.45689586109428, 85.88922846168357, 84.50371598688248, 84.52382558249198, 85.8926009680988, 85.30455442997628, 84.32939815556858, 85.82486939312408, 86.18808749632247, 86.20479807871635, 86.20479807871635
97.21, 95.63572124232381, 94.55986607323132, 93.63018979111743, 92.23221598004758, 92.73649265004423, 91.4030864601538, 92.49238751277893, 88.90407418792277, 87.56804780032128, 85.67588852209451, 84.17834927434514, 85.02651433149462, 85.81502052580596, 87.68332314861713, 88.75081449568813, 86.42152304396646, 87.72203093733519, 88.90720535763424, 89.10175642140304, 89.60062556588981, 90.94312722818886, 87.817396410626, 88.5983868380348, 89.34710159715648, 89.34710159715648
96.82, 97.33769235941928, 96.77776400616231, 97.09591797148036, 97.02685309649792, 92.5523870842288, 92.22673317389079, 88.35196474841311, 88.70038839770578, 87.73394272211996, 87.3875312793781, 89.24175337550695, 88.25453264694407, 86.56861889445238, 88.12026629112871, 85.82181869897212, 85.41214028561811, 86.45202498519711, 86.90211187846037, 86.08570270928999, 84.73326827916155, 84.32939815556858, 85.82486939312408, 84.98406826740512, 86.66951494032826, 86.66951494032826
96.08, 94.91433946827061, 96.7241276081024, 97.34011066494523, 94.46016006921607, 96.54167525760899, 95.45208026601243, 91.2223456008661, 92.38736306958855, 91.41823640457028, 87.64579663469209, 88.35159939766181, 85.00796617836136, 85.81502052580596, 85.51563650656377, 84.75618479052292, 85.88922846168357, 86.3276473467309, 84.52382558249198, 85.8926009680988, 84.73326827916155, 85.88256756314345, 85.82486939312408, 86.60970473956776, 87.8794557943332, 87.8794557943332
95.43, 93.17920235889173, 91.38962023482354, 91.63036130805123, 92.72748908362446, 88.76032288057063, 89.768133922522, 89.0886326343781, 90.2795370660186, 90.37592102672227, 90.59920290781876, 89.11151138598787, 90.36608136144154, 87.27630292235592, 88.7054825302124, 86.23033572695525, 86.3350916288843, 86.16314456406296, 86.89612508713144, 85.0037519677671, 84.73326827916155, 84.32939815556858, 85.82486939312408, 86.90109312944527, 88.66709195725322, 88.66709195725322
95.91, 92.868866307852, 93.67327973192316, 94.11319799223295, 92.46665545568476, 92.98468793385841, 93.9941954211694, 91.45612017684232, 91.7824489666172, 92.0419974590727, 90.33506407018227, 84.17834927434514, 85.00796617836136, 85.81502052580596, 87.23298406199004, 87.70939952699662, 88.52497520760251, 89.1444541930497, 89.08937458363648, 88.48613659009013, 86.60748145988917, 88.21757191354988, 85.92412679782362, 84.98406826740512, 84.18839048711607, 84.18839048711607
95.02, 91.34665794918317, 91.21394939584331, 88.4964234956905, 87.7795432682246, 88.32443564815226, 88.5420429742667, 88.81415312878678, 90.76084326680987, 88.63072128039363, 86.71003944364405, 86.0094470177968, 85.3542984230987, 85.81502052580596, 88.21349179751888, 88.4050970128595, 86.89662214934015, 87.74125177557211, 88.19726543345806, 85.8926009680988, 86.88022947580144, 87.46054382785326, 87.79946155991351, 84.98406826740512, 86.03853034922838, 86.03853034922838
94.47, 95.76271573272723, 96.32654531242223, 95.97544819677245, 95.8842530434904, 96.0178134050965, 94.13025985004334, 94.86926070361454, 96.1644447102726, 94.45100233467616, 93.79317319357686, 90.82445994368186, 91.16266796051114, 85.29962244677421, 85.61202946483503, 84.75618479052292, 85.88922846168357, 87.84017473843944, 89.48661522399505, 89.87131161701139, 91.38639897134541, 88.9063029084188, 85.82486939312408, 86.00511081631015, 85.79918494422658, 85.79918494422658
96.47, 93.26946578470277, 91.38818294181166, 90.3320970141339, 91.37150032171286, 88.92119300297814, 86.9884040648762, 86.61899171320812, 86.23379774570601, 86.89837451116269, 85.67588852209451, 84.17834927434514, 85.00796617836136, 85.81502052580596, 86.65382432885511, 88.23831135133209, 87.42914029270314, 84.50371598688248, 86.30280815995997, 86.75924904695135, 88.30692455368255, 88.48616286566512, 89.37855383159683, 85.18956204796416, 84.18839048711607, 84.18839048711607
95.54, 95.1850887767136, 92.71005093950795, 92.62981723323777, 92.95844299775476, 95.2047894841584, 94.23780272392351, 92.79825959251124, 88.75708029299213, 88.01346168737362, 85.35061305524735, 84.17834927434514, 85.00796617836136, 85.81502052580596, 86.54963668593825, 86.6659519741569, 85.88922846168357, 85.05923742110546, 86.34033021651365, 85.55065824777078, 84.73326827916155, 84.32939815556858, 85.82486939312408, 84.98406826740512, 86.68427201114179, 86.68427201114179
96.4, 96.39568544781564, 96.89325478301737, 94.80638778524263, 95.69307920490394, 90.41796162534388, 89.6869806777318, 86.64038692384884, 85.34752362111986, 85.63891862026834, 86.13227306047364, 88.29505849897814, 86.81133673596624, 86.80756228023465, 85.19139916864209, 86.62288656104936, 85.88922846168357, 87.42587888643031, 87.67085192544782, 85.8926009680988, 84.73326827916155, 84.32939815556858, 85.82486939312408, 84.98406826740512, 85.21573597111905, 85.21573597111905
96.41, 96.74454764851178, 95.95863516702475, 94.5554556475974, 95.42162556867724, 96.96710098109925, 93.79660421488092, 91.76522374586386, 90.31839351011294, 88.31271387999558, 88.41681185537429, 87.61769896870054, 85.00796617836136, 85.81502052580596, 87.17600780502691, 84.75618479052292, 85.88922846168357, 86.00351757261386, 84.52382558249198, 85.8926009680988, 86.29980515911737, 84.32939815556858, 85.82486939312408, 85.07537777712618, 86.44248741444481, 86.44248741444481
96.2, 96.55112801461262, 97.36466214855405, 94.35124732572417, 93.7283638946948, 91.45408833337316, 88.07488259992738, 88.27828699300487, 90.3394115992921, 88.39598325367956, 88.82214819972859, 89.44779806416588, 87.9755892756639, 87.95588261122674, 88.9033114897487, 86.43241733300968, 86.5170221948067, 84.50371598688248, 84.52382558249198, 85.8926009680988, 86.56576357948273, 88.32854228367889, 85.70978159016133, 86.41751839792352, 87.96756697005897, 87.96756697005897
96.19, 97.56791410938206, 98.69868426445335, 99.40384066640027, 98.65040464969117, 98.90922738831841, 95.69635764734777, 95.87910404192418, 98.05558909348863, 96.24883875706644, 95.17078733469015, 96.49659970840698, 97.36049506998431, 96.2699201302774, 97.78449899863298, 97.7843929195068, 97.58615700580339, 96.52275080259892, 93.82715818386103, 92.33939690785793, 93.45756752278307, 94.81663961802803, 85.85635509830409, 86.00528873526059, 87.116837566879, 87.116837566879
96.46, 96.98776359748824, 96.45123542238517, 94.42672322611197, 89.32053686550002, 91.00440649171007, 90.86113157281089, 89.50778723674854, 89.47128243965692, 89.6082231067398, 90.4356485944306, 90.99293771884307, 85.26186118056242, 85.81502052580596, 86.61748157275322, 86.65264063155853, 85.92176035960122, 87.13012714371983, 85.15915838620454, 85.35895086220613, 84.73326827916155, 84.32939815556858, 85.82486939312408, 84.98406826740512, 84.18839048711607, 84.18839048711607
97.06, 97.43440851248585, 99.0897639418025, 97.9385038067537, 98.50748787499532, 100.11401454216869, 99.70687741920871, 100.21983532636123, 101.86969165570216, 97.36448265373535, 97.9414426849839, 98.50171159704153, 99.20558071851038, 95.99218918189233, 94.08556652108264, 93.28329349742003, 93.57453438026812, 93.13402042088188, 91.35819102959216, 91.99232731159267, 89.74917432501306, 90.56371726394163, 90.97096521834341, 90.91980872649411, 91.50684444518389, 91.50684444518389
96.39, 96.67096299990759, 97.96386059813342, 97.77297578083576, 95.11583661033593, 97.70173270260946, 98.36889422365219, 99.32014400526802, 101.48206625498581, 99.57506354342821, 99.65507214484497, 99.74561606440578, 96.6467297610178, 94.33231864525722, 92.05901736451769, 92.89008823820274, 88.98011904521948, 90.04876583786167, 89.58601984525451, 89.0025104968478, 90.3421029360108, 91.00711647838439, 91.7329844102811, 92.21917608064437, 91.8040403571957, 91.8040403571957
96.7, 93.35011637645178, 87.72780049245964, 85.86643106266665, 86.63670246607542, 88.59257565260319, 88.55639103676108, 88.91303842060387, 90.41791609289963, 91.66392968169554, 90.81051429528449, 89.68529538625491, 89.32350869415586, 89.36581504297641, 88.53976534432657, 86.47810593609285, 85.88922846168357, 86.10839635873475, 86.3765378794277, 85.33467398884493, 84.73326827916155, 84.32939815556858, 85.82486939312408, 86.72343536830095, 88.23364000683836, 88.23364000683836
97.3, 95.87256915418413, 96.42124107309594, 94.05195586903041, 94.79359756701918, 95.82821847220721, 96.38473793553108, 94.64377198293677, 96.35903017737694, 87.09858300328779, 86.77846161429432, 88.7307132299117, 85.88992852192045, 85.81502052580596, 84.31369739456835, 85.64309008887025, 85.88922846168357, 85.13703324537491, 85.04238685802508, 85.8926009680988, 85.48585733029489, 84.32939815556858, 85.82486939312408, 87.21194059522396, 88.70262818421979, 88.70262818421979
95.35, 96.88540814259781, 95.99691609858564, 96.42787362931472, 89.6485669465542, 91.858422072162, 90.1705963472653, 87.29734998621339, 87.20438525098527, 86.26039600616421, 85.67588852209451, 84.17834927434514, 85.00796617836136, 85.95310885257364, 87.48288021831497, 86.49666151189999, 87.03488905579356, 85.70893559263972, 84.52382558249198, 85.8926009680988, 84.73326827916155, 86.17035941727414, 85.82486939312408, 87.39644373108271, 89.06835534096885, 89.06835534096885
95.08, 96.58237378041098, 96.24932279301117, 94.62315880882946, 90.18982991688893, 90.40788567511902, 91.00567401449244, 91.88944729651924, 93.89248476972797, 91.73827951270107, 87.95541091085246, 86.94311814457528, 85.00796617836136, 85.81502052580596, 85.37715791046965, 84.75618479052292, 85.17213483305358, 86.34663388066699, 87.69129283888726, 85.8926009680988, 84.73326827916155, 84.32939815556858, 85.82486939312408, 86.41671977043517, 87.89527235085808, 87.89527235085808
95.85, 96.09082582016778, 97.42557852983195, 97.00698393669016, 97.53985903093165, 98.17370656476095, 98.32731027163678, 95.27303888823175, 97.44376271270926, 93.13728053039833, 92.5850873652936, 87.61946912854299, 88.05228582771828, 87.23447062355928, 88.30574732169116, 88.729535336524, 86.4773709630102, 87.30881389165485, 87.02766109016397, 86.0439153919621, 84.73326827916155, 86.42735051428232, 85.82486939312408, 84.98406826740512, 86.73965439243612, 86.73965439243612
96.38, 95.9127355835542, 94.36247922600974, 93.93344923158621, 92.70770113392267, 94.26541296253781, 94.49817416596017, 92.3663909690695, 89.09293878923243, 88.15546867044303, 88.18319218374508, 89.4651574679244, 90.43452092064551, 85.1371268267228, 84.31369739456835, 85.50942644500459, 85.88922846168357, 84.50371598688248, 84.52382558249198, 85.8926009680988, 86.44191493985925, 85.0073889701987, 85.82486939312408, 85.12303263658322, 85.98783531112088, 85.98783531112088
96.41, 97.13280688768145, 99.66385168931939, 100.09298788454377, 98.94601776152939, 100.35823001907093, 97.45463820157735, 97.60216665810242, 98.36759825363345, 96.43896839298179, 94.80364807395456, 93.96794357125233, 91.86483020460655, 89.82373327575681, 91.9676927938406, 89.88112830137479, 88.07401626412883, 88.18712866167118, 86.83083164766927, 86.00405082422137, 86.83371610310878, 86.53124464490641, 85.82486939312408, 85.96095046616175, 87.54984368377828, 87.54984368377828
96.25, 94.12688579180607, 95.7233831517839, 95.3522107990488, 96.05877620953392, 96.55681583197433, 95.18043830331085, 95.66393211611849, 95.14917926634226, 88.27036745136465, 87.74686614155753, 87.62260055709369, 87.4069660939774, 85.81502052580596, 84.31369739456835, 84.75618479052292, 85.88922846168357, 88.13337158999305, 87.20286701353827, 86.57000316909657, 87.40222140652686, 86.5337084222729, 85.82486939312408, 84.98406826740512, 86.59320391048048, 86.59320391048048
96.44, 95.27768556175663, 96.00580778952828, 95.9238003673411, 96.0948480939152, 96.86458154369497, 95.32056224789714, 95.72543447738079, 94.97847338869228, 94.68995262947715, 94.55519272508177, 96.35585268658585, 95.29607252660664, 95.49649228711694, 96.74774534396117, 93.3322603225338, 92.40602713392495, 92.67318142111276, 90.9807961275372, 89.09078861091459, 89.9599903983149, 90.92628894257875, 88.68463550415817, 88.39532691155564, 88.59496859002897, 88.59496859002897
95.85, 96.46696904597873, 93.11104379436362, 91.77330464643497, 92.64339811551729, 92.84547494351716, 91.16062351419173, 92.13429292059544, 92.77870944781982, 86.55460047122881, 85.67588852209451, 85.5990527813243, 86.32251836841961, 86.1310339331579, 88.17728310680491, 86.68318646184193, 85.88922846168357, 87.82270263072456, 85.05284854026452, 85.8926009680988, 86.32966876976211, 87.59612262065778, 86.85200505575561, 86.39269527974247, 88.23059295304728, 88.23059295304728
96.4, 96.90880334881619, 96.70349370667604, 96.7786084966601, 94.56417376058998, 88.42099727517227, 87.2589531647118, 85.4829156262004, 84.10845337987462, 85.25911298499855, 85.67588852209451, 85.18700448139688, 85.77504592154663, 85.81502052580596, 84.31369739456835, 84.75618479052292, 85.88922846168357, 84.50371598688248, 85.73722805177447, 85.8926009680988, 86.31767287949263, 88.19517555172612, 85.73515260801933, 86.65708551953799, 88.17910556252822, 88.17910556252822
95.83, 96.37497452550177, 98.52480225844727, 98.33080183979109, 98.2479101270028, 97.03772332217655, 94.28961996282143, 93.36505693963848, 94.2377294992687, 93.65278748736311, 90.20246142275883, 90.85241169056934, 88.39724785903668, 87.52594313846818, 89.08144933900974, 89.73412674217302, 90.13245003985445, 84.50371598688248, 85.8376909443241, 85.1995649140743, 84.73326827916155, 84.32939815556858, 85.82486939312408, 84.98406826740512, 86.33708030876775, 86.33708030876775
96.05, 95.22916622488272, 87.02684154672603, 85.68112224577713, 85.6198811857429, 87.86738307023947, 85.48961899980043, 86.21735253186607, 87.3778518660353, 87.35918303888809, 87.79661365921625, 87.72971717542224, 88.62873950188661, 86.79347686214693, 87.83177398835883, 85.50571661583092, 85.88922846168357, 86.08561308991011, 88.34512405772976, 85.8926009680988, 84.73326827916155, 86.30012760424913, 85.82486939312408, 85.11755386727475, 84.18839048711607, 84.18839048711607
96.64, 97.43222748925025, 98.91841480371255, 98.19552317784941, 89.7930268501994, 89.82466127357046, 85.48961899980043, 85.4829156262004, 86.45901697645051, 86.42048592571722, 85.67588852209451, 87.38301249661639, 88.14096139929542, 87.30389606596863, 85.50208581799264, 86.65466927925765, 85.92838320042932, 85.22754186913559, 86.61801227251895, 85.9858477797714, 84.73326827916155, 86.85713876196637, 86.47611910827318, 84.98406826740512, 86.1208838951517, 86.1208838951517
95.39, 89.89245186299881, 88.43807894040536, 88.59592540595925, 88.47211301469865, 88.16073094438575, 88.06194675242156, 85.98604188391381, 87.69488284274186, 88.27296287456231, 86.99977590713138, 87.98247586784304, 88.67692125458488, 86.34837248392034, 88.01995729383069, 88.79521995762093, 88.38257349966334, 89.37952116237368, 88.67895490787471, 87.80431544323699, 87.51018339274009, 89.04805177557789, 89.01014122694335, 87.80911247747356, 85.25540064718034, 85.25540064718034
96.43, 96.86824798884057, 97.54218868782182, 98.21827450623911, 98.84599442439243, 95.96104163501876, 93.51980126614426, 92.59424452661102, 92.71324659363924, 93.2027793445102, 92.67746650331361, 94.3874259666742, 91.89821537054517, 89.54720048124547, 90.12806977431902, 92.01648769002618, 91.67466129530142, 93.01687290294642, 94.79855742893233, 89.63427000430184, 91.42232643352534, 90.85922504659345, 91.28735259821617, 90.60816663289495, 92.04276146058166, 92.04276146058166
96.26, 94.61045457353188, 94.6468753551177, 90.59856825267585, 87.10794372070839, 86.39323703241466, 86.92718647072553, 86.41297628040435, 86.588923769485, 86.84671855802569, 85.67588852209451, 87.0761363569235, 86.05947169812782, 85.59489756409889, 86.8537425579455, 85.57716279524753, 85.88922846168357, 86.16020806499046, 86.07101762361778, 85.8926009680988, 87.83296396047979, 88.93874975409503, 85.3697032832073, 86.33681876389603, 88.38320660561915, 88.38320660561915
94.7, 95.89724278609951, 97.92839439853479, 98.27833753875697, 96.80779214054317, 96.5997523679509, 95.76298600984497, 89.67835403668418, 90.99175618164821, 89.54457080969713, 86.71655927403675, 87.481570844038, 88.25061076186438, 88.05240697097179, 84.31369739456835, 85.14647846279681, 85.88922846168357, 86.48764340612931, 86.40949151454124, 86.29427829044934, 85.89272282405447, 84.32939815556858, 85.82486939312408, 84.98406826740512, 84.18839048711607, 84.18839048711607
97.0, 96.98115464994058, 91.78466328611583, 88.47240708044896, 89.01832491075382, 87.79655748573643, 88.61286956373446, 89.20289178523397, 91.51156405759913, 87.1302914260784, 85.59347766068078, 84.17834927434514, 85.61225078762715, 85.89785547897682, 84.31369739456835, 84.75618479052292, 85.88922846168357, 86.90047504276808, 86.02261471886995, 85.41112800467342, 84.73326827916155, 84.32939815556858, 85.82486939312408, 84.98406826740512, 84.18839048711607, 84.18839048711607
96.5, 94.94999875837239, 94.19797491870114, 91.74880821659522, 92.15983592583974, 93.65166088996021, 92.02162801217142, 93.08220568496132, 95.29685850922199, 94.21277024807715, 94.44985861703137, 93.90452625492235, 94.40502849775164, 93.4422903002877, 93.86816402693775, 94.04901225291384, 87.80646526531615, 88.88751579883329, 90.33977965105949, 90.285588270281, 90.56635755897024, 90.95992658568264, 89.02394718634243, 85.4073044338222, 84.18839048711607, 84.18839048711607
95.35, 96.54014580448347, 94.59269482474883, 95.36281818523646, 93.78458426444423, 88.38388495718242, 89.31888959880862, 89.87461188472021, 89.12578859535475, 89.21743645142017, 87.54336967535227, 86.11945888541298, 87.35086553637187, 87.76782984222302, 86.34289846684531, 85.54487027638699, 85.88922846168357, 85.61973823249794, 84.52382558249198, 85.8926009680988, 84.73326827916155, 84.32939815556858, 85.82486939312408, 86.06021131062589, 84.18839048711607, 84.18839048711607
96.26, 96.33125195276442, 98.01777942605368, 94.44125504580592, 89.32163158966864, 89.64647579413274, 86.36347847196855, 85.12315933977324, 86.69041391793745, 85.25911298499855, 85.253034586028, 86.62111335032668, 85.29026991852862, 85.81502052580596, 85.5075419213007, 84.75618479052292, 85.88922846168357, 87.45260574632323, 88.63284303512049, 86.80903087634287, 88.33503260432055, 87.72737253437857, 87.74715828197454, 88.91345659602925, 85.87190377832673, 85.87190377832673
96.16, 96.80935550562143, 98.80655495271515, 98.522382398154, 98.97230070786732, 99.81176240478811, 97.62376850884625, 94.44336925760825, 93.75373873198788, 91.20819368795168, 90.24130287380169, 91.21504338386282, 89.47659148240541, 88.41183751744828, 88.07688631157671, 84.75618479052292, 85.88922846168357, 85.51484418012765, 85.48088779732214, 85.8926009680988, 87.82552658518958, 87.63419253364556, 86.42236843753113, 87.77258145723076, 86.41474594730974, 86.41474594730974
96.3, 94.04314099221385, 94.0864796920452, 89.46277624774304, 87.44898070450314, 84.10957757803895, 85.29830173824207, 85.4829156262004, 87.68074601913996, 88.26900338978457, 86.37505200688413, 88.51931749806184, 85.00796617836136, 85.81502052580596, 84.31369739456835, 85.52030573231504, 85.2763775216793, 86.41914393390634, 87.05680832155117, 85.02849323969505, 84.73326827916155, 84.32939815556858, 85.82486939312408, 86.24301935419822, 86.98887780494537, 86.98887780494537
95.76, 93.38300227012863, 94.21667037881969, 91.21142420857116, 91.58597481016062, 92.76221196772792, 92.92290250642019, 92.76858576846413, 93.78342455010973, 91.75006476158427, 89.777893966143, 87.27197746317407, 87.21277780355331, 87.7222789459175, 89.70015927021295, 87.17054269492729, 87.5492660972179, 87.27471198590699, 85.67504220663102, 85.12166165870825, 86.0214062745282, 84.32939815556858, 85.82486939312408, 86.23730747960037, 84.18839048711607, 84.18839048711607
96.08, 96.94616713419101, 94.24460462106984, 94.92998135424514, 89.94341282172101, 89.89976753730333, 86.10887207246984, 85.4829156262004, 87.23348620039634, 85.46124655534693, 85.38109207724304, 86.0079532743939, 85.00796617836136, 85.81502052580596, 86.07441257795534, 86.99215051236231, 86.90872697104342, 89.18182787710617, 84.52382558249198, 85.8926009680988, 84.73326827916155, 85.41278407114409, 85.67173201813299, 85.88257867745644, 88.01726370740583, 88.01726370740583
95.86, 95.5420958833744, 96.96316981796076, 96.141064019828, 96.0034697602025, 96.92809030392463, 95.4258829855611, 93.8878126632618, 94.70223052919613, 94.92826376117937, 95.09982799672075, 97.25235222865221, 94.53846982704434, 94.31223213737324, 95.37207005991328, 93.74365250713602, 90.40108731497637, 91.19255153606721, 87.87075250592875, 87.15794809454803, 88.64312322912406, 88.41129311235696, 87.74643041792652, 86.48562198180073, 86.48622142144772, 86.48622142144772
94.89, 92.90945354944078, 93.15434561870677, 91.7679104092539, 92.73642322555496, 94.24357800677444, 94.41578434098666, 95.19038388147533, 95.1051717799813, 96.52905201476254, 97.4272337796448, 97.60478070155665, 94.1969665882158, 92.78195184680904, 92.65107506191256, 84.75618479052292, 85.127834079462, 84.50371598688248, 84.52382558249198, 85.8926009680988, 85.09737220430077, 84.32939815556858, 85.82486939312408, 85.25917289901892, 86.50439125831528, 86.50439125831528
96.09, 95.34373683952747, 96.97375423007702, 97.57330826108485, 96.2746013572506, 97.29522612887313, 97.30584600287389, 94.02077233833472, 95.37370696093524, 96.32307764437562, 96.75110308577678, 97.21518306553214, 97.05201602079426, 96.93940826672937, 92.7644438324876, 92.31596907110156, 91.87720503734906, 93.49458701350625, 89.74755421666981, 89.63483855649004, 90.16671682449628, 89.56291729101198, 88.46952409612234, 85.52216218994788, 84.18839048711607, 84.18839048711607
96.98, 96.14106214885675, 95.67757836139228, 94.22515076305731, 94.51918197495536, 94.39674479447018, 94.92278760006039, 95.43513215533454, 96.98702203117499, 97.15183759361285, 91.89603593536528, 93.54008686453709, 93.01905419290819, 91.67935680735758, 92.46063360923222, 90.52440138529178, 88.71301898343904, 89.56252930972288, 86.14016614384397, 85.71998769064379, 87.29915444344284, 88.43673038126774, 86.09035485265778, 84.98406826740512, 86.29500713590066, 86.29500713590066
96.79, 96.22607530894403, 97.87951526032697, 96.62857869463997, 93.50681145080324, 95.72437299966687, 96.38564301675517, 94.40219414954174, 96.54699792842649, 96.63044174759453, 95.98594758307917, 95.74289425522875, 96.97968130900874, 97.72731097772841, 96.80826669077129, 95.82594874471576, 95.17438207578417, 94.96621441890444, 94.48595348524445, 94.64243738532481, 93.25185647587392, 94.11723713344969, 93.31699297453838, 93.10874676078586, 93.67055885243866, 93.67055885243866
96.23, 91.86312086739613, 92.6912117317366, 89.79100067472389, 90.77407663195301, 89.77064534561953, 89.25222817296805, 88.07527808992667, 88.72163464759834, 89.48967269048235, 89.38021084736205, 90.86092496004929, 91.1819384375892, 88.61609111096266, 84.31369739456835, 84.75618479052292, 85.36098146873736, 86.0319839170245, 87.06716441704378, 87.62279058436393, 86.00105638254357, 87.11336809471918, 85.77570775291153, 84.98406826740512, 86.28059488982136, 86.28059488982136
96.96, 95.14449292214839, 96.00979939416239, 96.62288291604818, 92.0474844618771, 92.79968358524897, 93.0758819138656, 94.37451114180713, 95.65872756644059, 94.4766779917213, 90.6703130199316, 91.9769258317204, 92.5807601835811, 92.27909226848868, 92.92833163047048, 91.08978230450191, 88.44589989727879, 89.510443571609, 86.5151708823631, 86.0640586789888, 86.389066408664, 84.32939815556858, 85.82486939312408, 85.54364291754825, 86.4599083889118, 86.4599083889118
96.04, 96.22738509702428, 98.81206625172237, 90.5145054705294, 85.87706392682693, 86.75934260147153, 85.86881637059912, 85.4979087943063, 84.10845337987462, 85.25911298499855, 85.32956498369857, 84.17834927434514, 85.00796617836136, 85.81502052580596, 87.14479395334325, 85.57999503089466, 85.88922846168357, 85.6939657558944, 84.52382558249198, 85.8926009680988, 84.73326827916155, 84.32939815556858, 85.82486939312408, 84.98406826740512, 87.02891511566753, 87.02891511566753
96.55, 96.0559407781908, 95.27747481166587, 92.55817042743129, 92.85301805608533, 91.97054281205777, 88.25127872572712, 87.18219457828889, 87.77555369770836, 87.22894400166076, 85.67588852209451, 85.84874446411183, 87.36303201986968, 88.08577370235616, 88.99441438937073, 88.7213832610014, 87.24887926477598, 85.27329667218466, 84.52382558249198, 85.8926009680988, 86.37028257032028, 85.00435462498265, 85.82486939312408, 86.23179052688872, 86.01239101084145, 86.01239101084145
96.02, 96.40298340483712, 97.1993172451262, 97.57536842811582, 98.93930406096983, 98.9123166223777, 99.64957921244127, 98.99772016508717, 95.63139358122356, 96.75532903653931, 93.31742593283708, 94.60399134715693, 93.18195390903291, 91.88113921313959, 93.19568047747708, 91.84294390661684, 90.63806152123878, 90.30228360671313, 90.42802336319872, 90.3677978322613, 91.20386122859142, 88.52802278283158, 86.5898806625586, 86.71136852077404, 86.98697239864964, 86.98697239864964
95.5, 92.47828483788756, 87.74058954901881, 88.1568832679872, 88.34063440606423, 89.17510579300739, 88.93487751404221, 87.56195625892438, 86.77979116275175, 85.87421988405076, 85.67588852209451, 86.83162393191296, 85.88362575615778, 86.03517617375005, 88.39454342411068, 88.71448629578293, 87.83107018264091, 89.84044494733337, 90.72704482643482, 88.87772853701, 90.45801844567046, 92.74120873403847, 90.20538946218753, 90.97224007195399, 91.60692377517884, 91.60692377517884
97.21, 93.00966266379346, 93.8168954110122, 94.41513335779496, 91.13481062562857, 92.22177165728498, 88.52800469779922, 87.1530318263686, 86.08190227267919, 86.79956374004495, 86.85116321409895, 89.10156167081078, 89.7055654941674, 87.71204625385157, 86.54802286695838, 86.53292491584625, 85.88922846168357, 87.50886519629377, 86.40270309141265, 86.24920341871058, 85.84127332839081, 84.32939815556858, 85.82486939312408, 85.13432896984364, 86.61583383604874, 86.61583383604874
95.93, 94.80690161837843, 96.02251404630968, 89.026133194589, 88.30348326049187, 87.93849771968614, 87.06125772314645, 86.86518381336492, 86.68359447406064, 85.25911298499855, 85.67588852209451, 87.60522165680099, 86.87360624036168, 86.59357032695661, 86.7457745867974, 84.75618479052292, 85.88922846168357, 86.6895098175921, 84.52382558249198, 85.8926009680988, 84.73326827916155, 84.32939815556858, 85.82486939312408, 85.04460833109977, 86.13346087073113, 86.13346087073113
94.58, 91.84913953583988, 93.09807023736388, 90.4272602423954, 86.73383442068952, 84.10957757803895, 85.48961899980043, 85.26951595041726, 85.88214217837732, 85.25911298499855, 85.16639669108494, 86.28528996925974, 86.92719791221732, 87.42030336803023, 88.95809129817188, 90.8171729448814, 91.61411390323704, 92.52454032690879, 94.05068958647676, 90.50366992406434, 89.45064396994533, 84.32939815556858, 85.82486939312408, 84.98406826740512, 84.18839048711607, 84.18839048711607
96.54, 96.02687187045667, 94.22144322229815, 85.68112224577713, 85.69498327741653, 87.27293833768786, 87.9222835580589, 85.2156936143999, 85.43278967362858, 85.25911298499855, 85.67588852209451, 86.25646475397593, 85.82409826176281, 85.81502052580596, 84.31369739456835, 85.04257452861555, 85.88922846168357, 84.50371598688248, 84.52382558249198, 85.8926009680988, 86.73959744913428, 87.86372666550321, 87.88254099359196, 84.98406826740512, 86.78824773284474, 86.78824773284474
96.07, 95.22175972800883, 96.78687300497772, 93.32530813959528, 90.62556853406089, 86.08560605003916, 86.25723677715173, 85.4829156262004, 86.35817757393887, 86.921262856325, 85.67588852209451, 87.69452067119158, 86.59642599271902, 85.79555724472904, 87.94036895201369, 86.27200109193005, 85.97054109375034, 85.85043981042696, 87.06564688806054, 85.8926009680988, 85.5713685101145, 85.20289055233599, 85.23106650686928, 85.51673941098664, 87.11017189995493, 87.11017189995493
95.88, 94.3855057602594, 92.1989957264614, 92.2861362233554, 89.91240852323669, 91.88860306679096, 90.05883042905128, 87.37639992762, 86.64876581057175, 85.25911298499855, 85.67588852209451, 84.17834927434514, 85.0385979605765, 85.81502052580596, 84.31369739456835, 84.75618479052292, 85.88922846168357, 86.08251655122854, 87.09105479648261, 85.70404933567862, 84.73326827916155, 84.32939815556858, 85.82486939312408, 85.29974707154123, 84.18839048711607, 84.18839048711607
96.42, 97.29332288255073, 98.38560648232108, 97.04372443713095, 95.67008405841393, 94.97608722753873, 92.49107472772235, 89.08837553160676, 89.22113737745813, 89.37917919445204, 88.83227237611118, 88.47650186201412, 85.00796617836136, 85.81502052580596, 86.81797628020503, 88.59241550403226, 87.00212775546794, 87.4614992535572, 85.7350906412796, 86.21353035625506, 84.73326827916155, 85.76710977779084, 85.82486939312408, 85.49004485965418, 84.18839048711607, 84.18839048711607
96.04, 95.36030972715443, 95.23071885926656, 93.312720898573, 87.43610110008242, 84.10957757803895, 85.48961899980043, 85.4829156262004, 87.30715609172148, 88.15238481989762, 88.1018547561269, 90.05891045867281, 89.53909626542858, 87.72073280714639, 89.09880636756688, 89.40038798082584, 87.05459290309216, 85.08149032086678, 85.94765534776062, 85.8926009680988, 87.13560699583185, 85.57579592901648, 85.82486939312408, 84.98406826740512, 86.47479923196155, 86.47479923196155
96.4, 95.65897377416672, 96.33368178428202, 90.31716828469636, 89.28112838847224, 91.72661502142108, 91.5355455174915, 91.24116820376246, 92.40776320876536, 89.66975164129748, 89.78682767704194, 90.61091424692731, 86.44973196554169, 85.81502052580596, 85.252340843703, 86.04093159953251, 85.85070541574078, 86.16311303954618, 85.95700832197686, 85.8926009680988, 84.73326827916155, 85.2408531839895, 85.41089012525603, 84.98406826740512, 85.7708958368227, 85.7708958368227
95.55, 97.25517945608969, 96.05579455664123, 94.57722687183609, 94.44035680985775, 96.79836623706136, 95.74002536774213, 95.23823614765853, 93.07805814074513, 91.10176780943254, 90.26967089334998, 90.79852693000252, 88.82019438340275, 85.81502052580596, 88.0031572371093, 88.18776285783093, 85.88922846168357, 86.30413370738998, 87.39808272420827, 86.29095834269488, 86.85374183322472, 84.32939815556858, 85.82486939312408, 84.98406826740512, 84.18839048711607, 84.18839048711607
95.33, 96.66364632926582, 98.43407753057926, 96.24395920817999, 96.47085078314926, 98.8979981381969, 95.5910430387141, 93.6323581018355, 91.79154775348512, 92.7604781800424, 93.09639733033843, 85.96901534044669, 85.00796617836136, 85.81502052580596, 84.31369739456835, 85.6935743649127, 85.88922846168357, 87.25563877542484, 86.51054318080269, 87.14381929493736, 88.23561271390207, 87.1522794954994, 86.97782659635976, 87.48418911021065, 88.66948854015108, 88.66948854015108
95.34, 96.1064179785709, 96.88984219157469, 94.31309856577117, 93.63123442445276, 95.87632900121763, 94.63408833771403, 94.17984411828313, 95.68584467857178, 96.02922265201155, 93.1051379232142, 94.11840747302637, 92.94144076949007, 91.47598014707128, 86.79195369783821, 86.60334733376219, 85.88922846168357, 84.50371598688248, 86.4813367798719, 85.8926009680988, 86.82435519445588, 88.49192463908308, 85.9129140317205, 84.98406826740512, 85.75739287061054, 85.75739287061054
96.48, 97.77078777260108, 95.17723765483977, 95.40407388268166, 95.12552712623345, 96.74578781950474, 93.51525717337172, 93.54457967448819, 93.86503859525308, 88.79237210966265, 87.83632596521423, 90.26027103689273, 87.33994066186935, 85.81502052580596, 85.68605092523148, 86.54461329280369, 85.88922846168357, 87.13012525533307, 84.52382558249198, 85.8926009680988, 84.73326827916155, 84.32939815556858, 85.82486939312408, 84.98406826740512, 87.28652552714115, 87.28652552714115
96.45, 95.97377923004619, 93.90333004643695, 87.55354952077174, 85.22283084999573, 86.60173018522484, 85.48961899980043, 86.51130879804985, 87.42200578655024, 87.13502670901235, 85.67588852209451, 87.65535142730305, 86.24215891043299, 87.10886601932343, 87.62491465341581, 87.54734085044788, 86.84666935976915, 86.78644379169171, 84.52382558249198, 85.8926009680988, 87.58601149656832, 88.62661237806819, 88.07949092970944, 87.75858530344875, 88.19123068064333, 88.19123068064333
96.11, 93.49576813460362, 94.27863765390552, 94.97190535137996, 94.49169775579351, 95.29314439618118, 92.5399579533143, 92.84076162130052, 92.27312777093309, 92.09505993328821, 86.42077113540961, 85.05199737029426, 85.00796617836136, 85.81502052580596, 85.48851474962503, 84.75618479052292, 85.88922846168357, 85.68691107731787, 87.49466607301672, 85.8926009680988, 87.6126785041806, 85.30262515599597, 85.82486939312408, 85.55730307510319, 86.33968321278931, 86.33968321278931
95.51, 94.66326111680272, 94.9449797541497, 95.07284307810026, 95.50144919458825, 97.33174686626906, 96.44504875101529, 96.47936830744592, 98.3442712255536, 98.30218991534646, 99.06150128761094, 94.99122619635487, 95.33140513266228, 93.27982070374782, 86.47036807754478, 86.74630375200803, 86.50581867420516, 84.50371598688248, 84.52382558249198, 85.38061876444729, 86.86376925764202, 84.32939815556858, 85.82486939312408, 86.58499412109268, 85.79772454262636, 85.79772454262636
96.39, 95.60807768800193, 97.38470322942042, 97.50594086508114, 97.52476648578748, 99.37515453857424, 96.16210949191719, 96.38372893511108, 97.15374090526358, 97.52509571241409, 97.105271459111, 92.64259251500208, 88.55803479360974, 86.0808908314237, 87.43541155149282, 85.34596329861643, 85.88922846168357, 87.35846898922745, 85.99573641247353, 86.32393655310776, 88.05303841650984, 89.26513797731613, 89.81705682200813, 86.08551133288056, 84.18839048711607, 84.18839048711607
95.57, 94.19810024666901, 94.9919711088412, 86.30323717369667, 87.06950476646026, 89.11935811031663, 85.2549246785564, 85.4829156262004, 87.62019544642152, 85.25911298499855, 85.67588852209451, 84.17834927434514, 85.00796617836136, 85.81502052580596, 87.2166701194042, 88.3598954215405, 86.33434477251573, 84.50371598688248, 85.95934092065343, 85.85641616504942, 87.01001315885102, 84.32939815556858, 85.82486939312408, 84.98406826740512, 87.22855369274058, 87.22855369274058
97.25, 94.72858564376526, 93.01140327242167, 92.1143762994253, 93.21801383176054, 93.42836269177506, 93.40652980529471, 92.12713510694917, 89.58043902588169, 89.9928405773709, 87.49924424968167, 89.50701556059042, 89.27422238823658, 88.156101289506, 86.38989962466881, 84.75618479052292, 85.88922846168357, 84.50371598688248, 85.84066797035561, 85.8926009680988, 86.8937117377118, 88.93200101360297, 86.54105294306521, 87.27922098023576, 88.95070656105344, 88.95070656105344
94.98, 95.70211808437942, 96.09919395996052, 96.74048913600892, 97.64233514659715, 97.96827562983506, 98.12912565961089, 97.06707838204859, 98.81102833555697, 99.60613574458596, 100.0465848621277, 102.08098674485511, 100.78568275941795, 101.43164032831817, 101.70067017598275, 99.03943842048307, 98.79601496652565, 92.43338357273029, 84.52382558249198, 85.8926009680988, 86.51661203498531, 87.534471494609, 86.9054498530103, 87.7959813102769, 88.63265376870733, 88.63265376870733
95.37, 91.74964612014104, 91.97228047734338, 91.44932160633552, 92.14921873571654, 93.37936940606372, 90.99688346800004, 90.41591096828202, 90.41660087602776, 90.74327749379897, 90.16030118415785, 90.6743211337213, 92.15771923196142, 91.74879013919542, 93.08821353359812, 92.86686864048018, 91.38386453179103, 90.71022985718344, 91.94508379094135, 92.44335204607485, 92.86306438732535, 94.57335397166763, 93.21863650894791, 94.4919333912656, 96.98730436607974, 96.98730436607974
95.95, 97.49236140242161, 98.89080431071432, 94.71971263871335, 95.30747679001972, 97.6854151694136, 96.21371108176112, 95.65078466391194, 93.75213793293062, 93.28915617982463, 92.34115199519027, 90.42955012588477, 85.00796617836136, 85.81502052580596, 86.86000256444686, 84.75618479052292, 85.88922846168357, 85.69073696198971, 84.52382558249198, 85.8926009680988, 84.73326827916155, 84.32939815556858, 85.82486939312408, 84.98406826740512, 84.18839048711607, 84.18839048711607
96.01, 94.87804115222411, 96.16771930780212, 95.26148186172978, 95.72230306772038, 96.13316977251954, 94.49126514359027, 92.90575967504152, 93.67947416037072, 93.54832945949855, 93.39050060445, 93.54772352831321, 90.57421363726931, 88.96292610763678, 85.17530457113062, 86.20589657941622, 86.5046457548856, 85.55947915796632, 84.52382558249198, 85.8926009680988, 86.75449571557334, 88.10846087559403, 85.82486939312408, 86.94869590196348, 87.01844533792756, 87.01844533792756
95.07, 93.9672265410586, 94.7639806301214, 92.87570967489468, 87.60223071811932, 84.10957757803895, 85.48961899980043, 86.15257607505318, 87.84895971465515, 86.30727389976421, 85.67588852209451, 86.02945745425774, 87.21639696788253, 85.43475624579477, 85.30056949064414, 84.75618479052292, 85.88922846168357, 85.94054833081249, 87.1299416436065, 87.48893091776877, 84.73326827916155, 84.32939815556858, 85.82486939312408, 85.4194653432409, 86.19732276561226, 86.19732276561226
96.37, 93.17663512990963, 94.54492691772808, 93.83766964686986, 93.94447749956169, 95.05824150415695, 92.70877904794825, 90.89504789270562, 89.75805910065681, 88.55190850013548, 87.70031059093486, 87.40485093587372, 88.12538869456127, 86.59809907273211, 86.62916159473689, 88.14937729978124, 88.29986091341594, 89.58028326295145, 91.46575363084528, 90.92726428273586, 91.69128680583678, 91.48966585316218, 86.90266544347634, 84.98406826740512, 85.47426911228565, 85.47426911228565
96.05, 96.11751598511745, 97.37629956774794, 98.05949865084595, 93.82359430943647, 95.3249854915991, 96.13650233295098, 88.45266731332714, 90.22512025450268, 90.41500799740331, 91.26347990641597, 92.27569860327539, 85.00796617836136, 85.81502052580596, 84.31369739456835, 84.75618479052292, 85.88922846168357, 87.48236523432875, 87.82889372139162, 85.59796207315405, 84.73326827916155, 85.8655789575086, 86.30238645476591, 86.87661952548015, 85.98825641226384, 85.98825641226384
96.49, 96.23302359542394, 97.98213010016269, 97.93440622967822, 95.16033276735001, 96.4906588666967, 89.39732185315653, 89.66421483085333, 92.3092722129301, 89.97605471650455, 90.82524611676585, 91.86873730622271, 90.3653288884342, 90.30822291508603, 87.41023258268568, 86.9400890728473, 85.88922846168357, 85.68395182502043, 86.59504624183731, 85.8926009680988, 86.26694953637397, 87.53040278175848, 88.28565742664348, 89.376912190587, 91.68451784422889, 91.68451784422889
96.02, 96.53638551497954, 95.93521982690515, 94.74306285670627, 93.97241198222434, 94.16184881216004, 92.80744468246469, 90.70775368463302, 93.00560565820633, 93.30166475033975, 93.82670727353818, 95.40794648893268, 95.24920086411359, 94.49381230575469, 95.24813973779028, 92.71000274940822, 93.14994671524573, 91.75210818131782, 93.01830271792552, 91.02912585088423, 90.04010876371471, 90.33292727013887, 85.67804732093525, 86.20857808996092, 85.61484846916558, 85.61484846916558
96.35, 95.8283985884053, 95.86748963225219, 94.62649682417276, 93.24552187839129, 94.05830768949396, 92.54967083912221, 87.77990579271692, 87.74113323566658, 85.62943030798219, 85.67588852209451, 84.17834927434514, 85.00796617836136, 85.81502052580596, 87.03956093604496, 87.25181113575913, 87.24862396850295, 88.24202555099755, 87.94427215495149, 87.20341007832742, 84.73326827916155, 86.119022854781, 85.82486939312408, 86.21581700376942, 86.82643100447493, 86.82643100447493
95.25, 96.26494330562477, 98.70242551143278, 98.88907356175388, 98.83503759393764, 100.00903051961744, 100.04546870137077, 100.16062625301056, 101.58640240877205, 98.77802884507422, 98.5438488022097, 97.21232106596298, 93.0067795926619, 92.71503851328134, 90.3352835527362, 84.75618479052292, 85.88922846168357, 84.50371598688248, 84.52382558249198, 85.8926009680988, 86.33807855984246, 84.32939815556858, 85.82486939312408, 87.16834993157369, 89.02297981447317, 89.02297981447317
95.77, 97.15655502014556, 91.3490322467268, 92.26054091969522, 92.76832401163476, 92.74262000680844, 91.29199254497027, 85.4829156262004, 86.46165565943308, 85.25911298499855, 85.49022080663626, 85.66730916642095, 85.00796617836136, 85.27867321695693, 86.21102036456101, 84.75618479052292, 85.88922846168357, 84.50371598688248, 84.52382558249198, 85.8926009680988, 84.73326827916155, 86.56687285939407, 85.82486939312408, 85.07098306429214, 84.18839048711607, 84.18839048711607
96.78, 98.14925613872396, 99.35352639791975, 98.08835553160512, 98.73270480888935, 95.52728016306614, 95.92280451767523, 95.3341468334894, 96.50554914918801, 97.97001969063295, 98.39664598968356, 99.70365493732075, 95.18004849061576, 90.54313634787498, 90.60188691345587, 84.75618479052292, 85.88922846168357, 84.50371598688248, 85.73523074848028, 85.8926009680988, 86.4584399292349, 85.79427501830071, 85.82486939312408, 84.98406826740512, 84.18839048711607, 84.18839048711607
97.08, 93.52055304548118, 94.34020402145828, 89.73143614837849, 88.87956181584282, 90.28456985252842, 89.50895276439638, 85.55484168752926, 84.10845337987462, 85.25911298499855, 85.67588852209451, 86.56701214393196, 85.00796617836136, 85.81502052580596, 87.25727726869877, 84.75618479052292, 85.19443543221604, 87.02091794541691, 85.52201028080037, 85.30989740201555, 85.95982452845224, 87.34202077010079, 85.82486939312408, 86.88201034532291, 86.75856783716782, 86.75856783716782
95.24, 93.39120049044544, 94.787818644144, 93.1940305579475, 92.47776404575491, 94.44240260684082, 95.40213287764021, 96.01086138849824, 98.4033486440817, 98.60161100642316, 98.63427752142424, 99.20268550348906, 97.74936581309233, 96.76636760626535, 94.29688211115666, 92.87587464955746, 87.7073063434356, 89.85991435894151, 92.05651157824107, 87.47686453822129, 88.91528352070597, 89.13353057762102, 87.4492660262773, 84.98406826740512, 84.18839048711607, 84.18839048711607
96.43, 97.1100331307002, 97.90815122772128, 98.92652156565258, 98.90074137549357, 90.52570392570433, 88.3757111353175, 86.87254475585975, 86.87943138868681, 86.44102926500094, 86.6733818816294, 85.71473215963263, 85.00796617836136, 85.81502052580596, 87.99119870446535, 88.3461410974542, 88.39291060729818, 89.06382573289855, 90.11374223636562, 89.09733758044761, 89.2750975643754, 91.35471758666597, 89.53317236546272, 88.34917186087962, 87.52272921472951, 87.52272921472951
95.17, 93.59281909091004, 90.78190632134982, 91.39674175365585, 90.67621346401667, 91.74443351022718, 87.77770690422551, 86.39716975172458, 85.24022907303387, 85.25911298499855, 85.2550893604872, 84.17834927434514, 85.00796617836136, 85.81502052580596, 87.40393827202838, 88.22339500582632, 88.82952217266252, 85.04041992521098, 86.96905351216058, 85.8926009680988, 86.04882158621962, 87.20768754153444, 87.08618670588812, 88.64244077991678, 90.75984773936395, 90.75984773936395
96.33, 94.22528188544781, 95.29931901134287, 96.19284663608207, 96.87853389354812, 98.31462077997432, 98.12322253466846, 98.70106741089258, 99.64608186469057, 98.79626557691753, 98.17351523805293, 99.67795910264141, 98.5691762968556, 95.54013097674982, 93.62046351581705, 89.53740460426044, 87.61034482212986, 87.32456246960406, 86.90491910552821, 85.53398743949595, 85.91266626313868, 84.32939815556858, 85.82486939312408, 84.98406826740512, 84.18839048711607, 84.18839048711607
96.01, 94.2022873828037, 91.76524169157307, 89.51816374237606, 87.53527209805488, 86.85235678086813, 86.15712699130502, 85.4829156262004, 85.46917822443538, 85.25911298499855, 85.67588852209451, 87.67605849697325, 88.30589241292866, 87.40015084307053, 85.47369044546504, 85.61442642192124, 85.88922846168357, 86.48975930824429, 87.11348035862918, 85.8926009680988, 84.73326827916155, 84.32939815556858, 85.82486939312408, 84.98406826740512, 85.16548933656374, 85.16548933656374
95.0, 95.43411131264354, 92.32745046702806, 92.08562218775691, 89.00625251050765, 90.19608938715645, 88.88285354538063, 88.67715337994107, 86.44208935726253, 85.80479080897472, 86.411391913644, 86.76663175689356, 87.67987484653032, 85.81502052580596, 84.31369739456835, 84.75618479052292, 85.88922846168357, 85.24428827877034, 84.52382558249198, 85.8926009680988, 85.84552699801829, 87.94874777701922, 87.29641930247452, 88.2470086477005, 89.82118660657268, 89.82118660657268
95.39, 96.24696247982969, 96.33881301232566, 94.41966563086451, 91.59334899243355, 91.98487888887789, 92.40659422168069, 93.49951741992079, 94.96812009235202, 94.73129632890765, 93.85860241808987, 96.18282447629592, 91.90656048244878, 92.4149769567283, 89.36703035393289, 91.19810001445393, 89.67376579501548, 90.93550741075825, 90.63608107912023, 90.2379640381979, 88.19013499846623, 88.23476897685963, 85.84273271419356, 84.98406826740512, 85.1126001154539, 85.1126001154539
96.22, 92.5583540399595, 92.55336361554797, 91.42526528729331, 92.06515617022164, 91.98877859061292, 92.51755115534603, 91.70908197364285, 93.0076289004328, 93.07530434555855, 93.47032649143063, 90.64354653776988, 88.77205613589777, 88.23662411074498, 88.67844030697358, 88.81500083336955, 86.20401335783227, 84.50371598688248, 84.52382558249198, 85.8926009680988, 84.73326827916155, 85.7925332842693, 85.82486939312408, 85.76455850868766, 85.6421781600926, 85.6421781600926
94.96, 94.04318632742795, 95.7352697617242, 93.85569328480852, 90.58538252948239, 92.65897041957093, 93.19107877261658, 94.21997105754295, 92.01678002699964, 93.23944981402197, 93.72919084070789, 94.43000749299968, 91.81231414035803, 90.98074873551414, 92.5526791112534, 91.65511348766421, 88.73389956061379, 90.41524183276415, 91.6318387860949, 90.65374103430257, 92.44745962678893, 94.35726275785935, 91.51506851676474, 89.30517059903477, 89.00895328081188, 89.00895328081188
95.32, 95.71664061910764, 95.78664288441095, 92.28540761502975, 87.59787895254286, 88.95656314635943, 87.86172648638475, 89.14460934992691, 89.81267919465495, 88.54363831790404, 87.35200233978425, 88.55211123912639, 89.80831528505377, 87.06616490837565, 88.14998083344592, 88.68671209043048, 88.25876359973482, 85.59372880654058, 84.52382558249198, 85.8926009680988, 85.33249746701982, 87.05822886203161, 86.40427945395305, 87.37542583508318, 88.18828455659472, 88.18828455659472
95.63, 93.85263892595053, 94.19063226787318, 92.67615920448164, 92.21540813974646, 92.41095603040321, 92.9847434053623, 93.47380205199225, 88.23323979639197, 88.06734151676606, 85.67588852209451, 86.09519518776678, 87.33348495337187, 86.63763431280752, 88.24570331321203, 89.40661709457392, 87.38841015410725, 86.12610104742996, 85.40944302756282, 85.27498636218785, 84.73326827916155, 85.32602270458443, 85.82486939312408, 84.98406826740512, 84.18839048711607, 84.18839048711607
96.75, 97.22246674067577, 95.72534918936182, 94.08015371068619, 93.46789204484148, 94.35398912677928, 93.52978173751843, 93.70549819816584, 95.35440304283456, 95.08630648229713, 94.95608881858564, 95.95817493802546, 96.4990746701515, 93.6749444517353, 94.74487709403489, 95.6933826106634, 95.49245804421614, 94.06644913549862, 92.63203480652652, 91.70496412154662, 91.22225586197835, 85.54664011815547, 85.82486939312408, 86.28361249417624, 88.17135468186576, 88.17135468186576
96.44, 94.84812206215257, 96.4011335606072, 96.62509302640875, 95.44488844262143, 95.77325480700044, 93.80504157635501, 90.83401443453465, 89.0290737660738, 88.69343660311094, 88.09686460076585, 85.29209366885456, 85.05816885339773, 85.81502052580596, 87.82206439967685, 88.48954660285068, 86.59539306357266, 86.88315023127356, 87.90885185089076, 87.0680712418042, 84.73326827916155, 85.52436042896939, 85.82486939312408, 84.98406826740512, 86.72149625714468, 86.72149625714468
96.59, 95.08691832563619, 94.74798345623836, 95.33024664919672, 95.65912198069013, 94.43403607026552, 95.24082942100695, 87.95653206912195, 87.13119674223202, 87.08979319058001, 86.80175833845895, 86.03381408178004, 86.84622989264062, 87.1800904270238, 86.83809754597321, 84.75618479052292, 85.88922846168357, 87.08830950868536, 88.29557843366224, 85.66295544948096, 84.73326827916155, 85.6800576704504, 85.82486939312408, 85.66225589184006, 87.97245158207643, 87.97245158207643
96.46, 96.73479430669508, 99.08708020433708, 97.82482945605888, 98.07080565264478, 99.1179549656749, 99.86535219582727, 99.23143024294438, 99.58533241119349, 100.72324986992348, 95.52167009976723, 92.34801946775436, 86.51115922465468, 85.81502052580596, 86.83545680736628, 86.86101448856408, 85.26501494834916, 85.19740821603617, 86.96809994203477, 87.7364252471832, 88.23917916157775, 89.56765940391212, 89.1419284986425, 87.1435539572283, 89.17525860751437, 89.17525860751437
96.19, 95.216987868032, 94.58771485706637, 91.15978850660477, 91.63671914040779, 91.30350596800594, 85.48961899980043, 85.4829156262004, 86.23685676392002, 85.25911298499855, 85.67588852209451, 84.17834927434514, 85.00796617836136, 85.81502052580596, 84.31369739456835, 84.75618479052292, 85.88922846168357, 87.44602353000447, 89.62703080586753, 90.12070870135028, 88.66148764599599, 86.13637395790214, 85.82486939312408, 84.98406826740512, 84.18839048711607, 84.18839048711607
96.48, 96.55513336096385, 89.7606787966197, 85.68112224577713, 86.1643831453698, 87.83767258118161, 85.48961899980043, 85.18278415142797, 85.53940315525118, 85.91731355982535, 87.0135539078187, 87.37770721997916, 86.84220805992878, 85.86765563408575, 87.96800943512066, 88.65931953693685, 87.9988778508155, 88.2129343024086, 89.36107061286502, 87.0686405917412, 87.42960167976233, 87.07118559255846, 86.1852954213686, 84.98406826740512, 84.18839048711607, 84.18839048711607
95.8, 96.80284565762047, 94.53121027786104, 95.0307882117002, 94.40761409726319, 95.9990075452191, 96.70980164408891, 97.23798683014299, 92.7456221890624, 86.61831575137779, 85.67588852209451, 87.726440888337, 86.14413108720206, 85.81502052580596, 84.31369739456835, 84.75618479052292, 85.88922846168357, 86.21604312994252, 86.89480514866364, 85.55814507257332, 87.34428750706692, 87.15449176956568, 85.82486939312408, 85.89150500163149, 84.18839048711607, 84.18839048711607
96.54, 96.62820620234518, 92.96336185636753, 92.431727401101, 92.74255457920087, 91.30994677056681, 88.72675009522213, 86.71748667722476, 87.66313571702383, 87.15653711178271, 85.67588852209451, 85.39807268512095, 87.06863878732598, 87.88783424382294, 89.02042800942553, 90.35740961925445, 89.88628628813905, 91.76324043516236, 89.46800798892578, 88.23665557630734, 90.05567626167945, 90.38685569253853, 89.69848907906032, 89.65035325344367, 91.71350542468222, 91.71350542468222
95.32, 96.40465305163933, 97.62195067278198, 96.74940991930296, 97.47483643580621, 100.09812040894305, 100.87568705285616, 101.11516020829005, 99.96138800678301, 94.39716314869814, 92.6333743564669, 94.36501993308299, 95.97319874681507, 96.74446410266692, 96.72066919199698, 98.28694323753058, 96.12602136273378, 95.64099929826428, 97.48588547056625, 96.66294116604301, 97.71105388657183, 96.01930918979055, 90.30155108927481, 87.97618380823188, 88.74708663156503, 88.74708663156503
96.91, 97.76014544089763, 97.99286948431447, 95.77107273648217, 96.59162041564731, 97.01645190644547, 98.17464436431415, 99.09372015032169, 100.70144780971499, 99.38298597328838, 98.66991201554036, 101.03019647741573, 101.69857298942776, 96.60744666780651, 94.45921015346195, 94.62229170006218, 92.14813319504529, 94.42378527312462, 95.82881008735126, 94.90369085182898, 94.27508786099929, 95.91586347560984, 95.55378757413447, 94.74021881586064, 94.57880643592755, 94.57880643592755
95.33, 95.70066215621489, 97.87764728644136, 92.95087116945135, 87.80927216695359, 89.9011843912346, 90.79060648897664, 90.60440026262798, 93.1067070605591, 93.3471295276455, 92.97531356449788, 92.0649671559106, 93.78179298574871, 94.46202505404844, 95.33262515061641, 96.87672398444988, 92.61746529507965, 92.81350838038726, 91.73143269334804, 90.43501877841479, 89.72719755126896, 89.11934638106032, 86.1468259420681, 85.08519827759841, 84.18839048711607, 84.18839048711607
96.78, 94.38085761355369, 93.71498028798995, 94.29054793751412, 92.50748332534008, 91.26087416836262, 87.90009504295982, 86.76596570977034, 88.54009461259058, 89.64762953009354, 90.50946527919383, 88.31168994423591, 86.27140069656222, 85.81502052580596, 86.59511607636608, 84.75618479052292, 85.88922846168357, 87.68622578400469, 89.60639807258974, 89.88028785511692, 87.10593529191048, 86.97131484159401, 85.3819263395035, 84.98406826740512, 87.11544796517732, 87.11544796517732
95.72, 96.12048471772954, 97.16454761833394, 94.96683868247437, 94.59609448077437, 96.31670817737616, 95.97316425988511, 90.76417912451689, 88.3086022984378, 88.42991157865225, 86.84444973651588, 87.27005364633239, 86.87289522310786, 85.81502052580596, 86.33922608606495, 87.66477374517903, 87.33191824465192, 84.50371598688248, 84.52382558249198, 85.2952371026717, 86.07248291207605, 86.20481189853842, 85.82486939312408, 84.98406826740512, 85.78689783009493, 85.78689783009493
96.71, 95.47974520597582, 95.8530297499785, 93.81877906130697, 91.92067292715338, 93.60072920664838, 85.48961899980043, 85.4829156262004, 85.77301571690656, 85.63831680563187, 85.67588852209451, 86.31741378514678, 85.00796617836136, 85.81502052580596, 87.34495507053283, 84.75618479052292, 85.43855785150056, 87.4013261809527, 88.56265152466554, 88.73971656814214, 89.57068580416508, 89.4760766747702, 88.36255975681347, 88.55994459506063, 88.71361432460387, 88.71361432460387
96.54, 95.38323765829875, 93.89265888516053, 93.63360172673268, 93.01221177854025, 90.58762018194294, 89.36924632180096, 88.8836450779153, 85.6530227175886, 86.31975456972344, 85.70132981571348, 85.73398347943112, 85.00796617836136, 85.81502052580596, 84.31369739456835, 85.06037104068128, 85.88922846168357, 86.77781812107953, 86.56686949337117, 85.20336839612165, 86.75087709113545, 87.80770009233471, 85.94096698918179, 85.44440305466641, 86.63744527076821, 86.63744527076821
96.41, 95.34326048416304, 97.25849429574808, 93.83251784914933, 93.45915527232349, 88.79572917356629, 85.88878517591259, 86.84331961935952, 87.12457719327902, 85.84433737525322, 85.67588852209451, 87.16167564166618, 88.65971274634451, 86.39605135513702, 86.89571537969184, 85.3410230888347, 85.88922846168357, 87.31670951347729, 89.15615907903658, 85.7311141991292, 84.73326827916155, 84.32939815556858, 85.82486939312408, 87.3207555747667, 84.18839048711607, 84.18839048711607
96.11, 96.75679706696974, 98.61579782691624, 98.83169431340912, 92.78799631799903, 93.80967473033813, 91.80255634981073, 91.19825811939151, 93.22431336650989, 94.52703729785796, 93.5750189660726, 95.4248023859899, 95.05146458759341, 94.01321094447042, 90.94705870179965, 90.13991123082064, 90.2322781147311, 91.09830338212136, 90.92812354997106, 85.77326401723117, 84.73326827916155, 85.15310056350151, 85.68002263794783, 84.98406826740512, 85.28152795776705, 85.28152795776705
97.23, 95.40607873076215, 95.21351312710593, 93.48528594914184, 94.12100006528655, 96.0627232405052, 97.01647221673886, 95.10863717339278, 97.10456792712483, 95.77792848526906, 92.62787069499676, 93.71387132004018, 94.4105283123824, 92.41580979133097, 93.06041788240817, 89.93720011280547, 88.46467740104893, 88.56263175599855, 89.0836395752059, 85.33563754070956, 85.94725000365179, 86.67266898784757, 85.82486939312408, 84.98406826740512, 84.18839048711607, 84.18839048711607
96.22, 94.12328112079098, 94.12225849203875, 93.70932441789296, 93.46079392787344, 90.3833855324754, 87.76247568512258, 85.64115812000078, 87.45510214127322, 85.93087386658351, 86.8209930459588, 87.17973486862002, 85.00796617836136, 85.81502052580596, 85.11650828848695, 84.75618479052292, 85.88922846168357, 86.45690157959154, 84.52382558249198, 85.8926009680988, 86.84996720853937, 87.43890649743471, 85.68453266843721, 84.98406826740512, 85.22454433186805, 85.22454433186805
96.38, 96.13414441087573, 94.47927882650546, 93.04211650474724, 93.0309985996893, 94.11984796608088, 94.01205940842316, 90.16087842024189, 91.84213892470727, 91.09091621251238, 86.98592306391657, 85.17785651361851, 86.30862158613351, 86.3213713977889, 84.31369739456835, 84.75618479052292, 85.88922846168357, 85.8992104777424, 84.52382558249198, 85.8926009680988, 84.73326827916155, 84.32939815556858, 85.82486939312408, 87.55989032007605, 87.05564007062085, 87.05564007062085
95.45, 95.3070040877854, 90.7523706857836, 87.10867688006694, 85.25147394837903, 84.10957757803895, 85.48961899980043, 85.4829156262004, 85.91151434346222, 86.4479202962621, 85.67588852209451, 85.11616641033895, 86.70400954097076, 87.32575006372105, 86.85355239153759, 87.17919990561076, 85.4705299417145, 85.81747568773712, 87.31141316029097, 87.51506681650389, 88.53448927989133, 87.39222673446203, 85.82486939312408, 85.43204936778137, 84.18839048711607, 84.18839048711607
96.68, 98.35817534671972, 97.82572420827296, 97.15497996852844, 97.93147702663806, 98.32981966285539, 99.15394437134344, 97.70087060734568, 100.09856727161181, 91.7136672178643, 89.09762996151949, 87.22751018487791, 85.00796617836136, 85.81502052580596, 87.85122436761868, 89.02293311017408, 88.39206073412765, 90.09477326243736, 87.9862626924273, 86.4414047608746, 84.73326827916155, 84.32939815556858, 85.82486939312408, 84.98406826740512, 84.18839048711607, 84.18839048711607
95.03, 91.79752052762313, 92.99836136243187, 92.97117053871166, 94.41853229076867, 93.25761826240418, 93.40199251805969, 92.03859039541662, 91.44270879454406, 86.9371065151239, 87.46716353650551, 88.0145254573867, 87.8734095617958, 85.4489877410738, 87.72545092112819, 88.19049086306867, 88.06055724358575, 88.18434487461444, 87.6753935174227, 86.97494946930676, 85.8181869378465, 87.74554445974111, 85.9743170521087, 85.75170589096935, 85.53298447914642, 85.53298447914642
96.18, 96.74829684172097, 96.47170143046083, 90.18421271632577, 90.77339541063607, 91.85380020933643, 92.8378493590046, 91.6791110961182, 92.63213382827105, 92.5804720307279, 93.34801111202884, 94.44369487715004, 95.75422512801977, 89.8791981030371, 89.16016258356346, 86.07117632764128, 85.88922846168357, 84.50371598688248, 84.52382558249198, 85.8926009680988, 86.36548481576094, 85.25626700802171, 85.69126821027865, 85.47391365648392, 85.01141755057199, 85.01141755057199
97.41, 98.69841480187641, 99.48402207143236, 98.11546888348512, 98.3776946030129, 99.70353006976765, 99.68108459182909, 98.34935243468489, 99.32674404492467, 99.58478530984951, 99.47097434562717, 99.34482078728237, 99.77838400885837, 99.99019068170819, 97.96790818174482, 99.20341200939329, 97.84431692966623, 96.05352362704697, 97.44479991798227, 98.051313720442, 97.58179829170872, 97.63689620078978, 96.24113059074452, 96.41455081293103, 91.73758689571602, 91.73758689571602
98.34, 92.90572645111548, 93.01840814079392, 91.3405095819282, 88.2837671384973, 89.95817153146741, 90.11182214635257, 89.70828119105019, 87.17806825738727, 85.25911298499855, 85.94380411421066, 88.26949489354767, 85.28532360526142, 85.81502052580596, 85.24712199800189, 84.75618479052292, 85.88922846168357, 85.8107859662053, 84.52382558249198, 85.8926009680988, 84.73326827916155, 86.9808873246246, 85.73238258670386, 86.68440441127167, 88.92606640523069, 88.92606640523069
96.93, 97.09609952968502, 98.3453359401436, 97.77520402414345, 94.4703748198913, 94.22127873491992, 92.90052030175093, 91.02730316773005, 91.44457870265315, 91.44729782810745, 85.67588852209451, 86.60784929167416, 87.76900147422593, 87.35491308954558, 84.31369739456835, 84.75618479052292, 85.88922846168357, 85.39375365774376, 84.52382558249198, 85.8926009680988, 85.40276178961106, 86.93270699918746, 85.22342075155761, 84.98406826740512, 85.38218091999069, 85.38218091999069
95.59, 96.40103119829335, 98.0639797278969, 98.74446754786642, 96.07967680196101, 95.69324615221824, 96.44379356167732, 95.64466932846973, 94.89750039147371, 93.40543774125831, 93.91737864843803, 94.19563035624682, 93.52284342933923, 92.51873676136917, 92.20896105335929, 92.29720730864385, 90.05549285281532, 89.44004478223077, 85.69840140936829, 85.8926009680988, 84.73326827916155, 84.32939815556858, 85.82486939312408, 86.3603882860194, 85.94457390078696, 85.94457390078696
96.47, 92.82255312237787, 92.13785459357368, 91.15724611608148, 90.23791445416487, 90.3628486920228, 90.7923529141528, 90.82876740966897, 85.74208276718977, 86.82827242292582, 85.67588852209451, 85.96711392591456, 87.1365829662058, 85.81502052580596, 84.31369739456835, 84.75618479052292, 85.88922846168357, 86.38379385477496, 85.4098134839166, 85.8926009680988, 86.70397429784072, 85.87677188273709, 85.91861977525267, 86.30006699989481, 88.05882018774048, 88.05882018774048
96.82, 93.28149882643483, 91.80380290438183, 90.20758415339643, 90.73956259551612, 87.70445855960942, 88.03949915964155, 89.19654909089913, 88.77035713161055, 88.91972095738224, 88.52436332472104, 85.90059678871087, 85.6561489425559, 86.24251671134363, 85.52550373007846, 85.02444034527797, 85.88922846168357, 84.50371598688248, 85.54792165339089, 85.8926009680988, 84.73326827916155, 84.32939815556858, 85.82486939312408, 86.63702393180233, 88.9558677473567, 88.9558677473567
96.27, 96.66360292648677, 96.09131345185143, 96.13623092838932, 91.13529840397166, 91.60359960267702, 89.32488838181193, 89.3405710977581, 90.83172665930033, 90.21505929815969, 86.98133631524826, 88.81645464772879, 90.33361345004059, 91.06163377876673, 92.79257154323706, 91.74809035350813, 88.90707851802782, 90.76232307681934, 92.2580801438668, 86.85928826812248, 86.31144019025078, 88.44085670935145, 89.07316150400644, 86.85956544922503, 88.21712633881616, 88.21712633881616
96.06, 94.9348877237281, 94.6446865030051, 94.98083519399187, 94.22551175856232, 93.64721995762702, 92.1033186686448, 91.04487772732521, 92.09233911897927, 88.71203533413308, 87.32492756991992, 88.47560999698074, 89.74642634443171, 86.30930094963905, 85.91640824425113, 87.58548341412276, 87.9375793899216, 89.41119118500602, 90.45643588498542, 90.00306368685217, 91.26722350291294, 91.09581476642165, 85.68659442819211, 85.41767476745639, 86.29569889847757, 86.29569889847757
96.53, 94.68071631565363, 95.21820572222228, 92.6093891942123, 93.03686674351195, 91.55715163879073, 91.6173458855393, 91.29318179098048, 91.2963915691149, 91.77107964854109, 91.04082284716583, 87.67552935424733, 88.2216805818872, 85.02671902369386, 84.31369739456835, 85.73967649330896, 86.50275021916026, 84.50371598688248, 86.09191105531585, 86.55794323327538, 88.31301072013574, 88.31730488284782, 85.82486939312408, 84.98406826740512, 85.09819431320444, 85.09819431320444
96.18, 94.88796317073148, 94.86126908860989, 94.0141505229271, 89.5205645589076, 88.18377517541346, 87.01200807547298, 87.38430960519747, 85.07192197263107, 85.25911298499855, 85.67588852209451, 87.79004567872407, 89.44186268540153, 86.09169682901329, 88.04853578146628, 87.0639323678517, 87.0397444503607, 89.02232339312985, 89.07552215463284, 88.44038022594087, 88.60370246546078, 88.63397467469825, 85.99828868229174, 86.27456409918598, 88.51588966588919, 88.51588966588919
95.77, 95.80102821030889, 97.52490762864277, 92.0209045112498, 91.57335010464537, 92.53117553280849, 91.22461263515187, 92.03653944525755, 93.27690877103312, 93.25495939547591, 92.87350711362555, 92.17343856590828, 91.1553715477487, 90.66497264445826, 91.43297817187549, 89.38650871715355, 87.86166364643745, 88.35661072287395, 89.66457345588184, 85.8926009680988, 85.67109095979674, 84.32939815556858, 85.82486939312408, 86.90760654385245, 88.25574998205259, 88.25574998205259
96.5, 95.67670348478356, 97.75328806854135, 97.99936386509314, 95.08454960306604, 95.4167483302666, 94.77569575106115, 93.6919743669796, 92.90188695655891, 91.6487533449223, 90.12027497659099, 90.39687728289513, 87.48978489960638, 85.81502052580596, 87.74947419959746, 88.5395487942128, 87.62788216979776, 87.7100023195237, 89.43125945511547, 88.94385288449695, 86.52938737398274, 87.02077681665997, 85.82486939312408, 84.98406826740512, 86.59671310157219, 86.59671310157219
95.91, 97.52888428396527, 97.595314852557, 96.74026253496181, 94.29030652823513, 94.77997506904892, 94.7752117937328, 95.32269755159463, 96.74393276926355, 95.38885288915145, 95.91658167903786, 97.23276456018962, 98.29918365630216, 95.85142760926908, 95.78621289564276, 92.41421854097703, 92.93686146191152, 94.55049825296415, 94.65597399274984, 94.14041600666916, 92.80316614397928, 94.26376700092356, 94.65339772471846, 92.98809591858821, 92.91344092241859, 92.91344092241859
96.21, 94.54595923089252, 95.61613457169102, 92.78056110681696, 89.33224107132465, 90.41132831064617, 90.05187238823952, 91.20605399250104, 86.65824715377909, 86.97610946492492, 85.67588852209451, 87.82895130300743, 88.87736216001252, 85.81502052580596, 86.51160053843357, 85.05927348274952, 85.88922846168357, 87.18532730670952, 88.85066210400824, 87.5719655920427, 85.98714039197387, 87.67313032351802, 85.82486939312408, 86.21345239531324, 86.15777859263103, 86.15777859263103
95.47, 94.33201393266829, 94.25307943008708, 92.63212484992165, 90.25878213496425, 87.56618944306084, 88.2827493782025, 87.46225079241928, 88.91565104880887, 85.89727145788542, 85.67023253366546, 86.87181455114923, 85.00796617836136, 85.33863209754247, 84.31369739456835, 84.75618479052292, 85.88922846168357, 84.50371598688248, 85.95824357268614, 85.8926009680988, 86.11642719113442, 84.32939815556858, 85.82486939312408, 85.1328563654034, 84.18839048711607, 84.18839048711607
96.26, 93.23392516947898, 87.65911208746508, 87.2833729990894, 88.21099901354019, 84.10957757803895, 85.48961899980043, 85.4829156262004, 84.10845337987462, 85.3556426092768, 85.67588852209451, 84.17834927434514, 85.55193694007299, 85.81502052580596, 86.3561565098307, 87.64407043786686, 85.88922846168357, 85.76532625677025, 86.77152627021006, 86.55492348023675, 87.93486188686701, 90.17206678524921, 88.8153231125025, 89.7130065262858, 88.98444471113166, 88.98444471113166
95.61, 96.00766512064541, 97.47454730059313, 97.10254367749548, 94.37488229192338, 93.52796240083926, 90.0696772146539, 90.71810590307402, 92.25529719674763, 93.69754032988271, 91.61620484161767, 92.34789171286992, 92.88787773259297, 93.46700686117941, 93.70234535218567, 94.53979789612401, 92.56461041136498, 93.85150780956049, 91.86229622911122, 88.58434643513137, 87.93022171026034, 88.48456267600292, 86.6732469525679, 86.58026257734416, 86.94531855729751, 86.94531855729751
97.14, 97.68032012670926, 99.83574072138356, 99.26194867751265, 95.98627759151006, 98.1652657801313, 99.01794422644399, 96.00246741971756, 92.3447113524468, 89.62087327947, 87.84318031284913, 89.16191502038907, 87.6477977832811, 86.42258931155249, 84.31369739456835, 85.00013937481796, 85.26276521845247, 87.06506198987478, 84.52382558249198, 85.8926009680988, 87.26498732463916, 88.12236268360542, 85.63957637011393, 85.48100205467837, 86.79820813784326, 86.79820813784326
95.83, 96.73237684833322, 98.11185588326855, 96.27943299640671, 95.44477693161055, 94.48193979331154, 92.27140296044185, 93.17654461718567, 95.30293604283429, 90.68263696837975, 89.68468366498476, 91.9907166831602, 93.29564855259302, 90.55832526294397, 90.65518255605564, 87.89660254030485, 86.12196207395536, 85.71356548265729, 86.04804967035724, 85.8926009680988, 86.47764072370916, 87.88506412381327, 85.65358125366586, 86.88575092731541, 84.18839048711607, 84.18839048711607
96.66, 95.86122107021005, 90.82485797334702, 87.0199816791685, 87.06287038593004, 89.23070522478783, 89.9866080983066, 90.26625092223954, 91.41217412501443, 91.65287813191357, 87.75583449470508, 84.17834927434514, 85.00796617836136, 85.19773743353525, 86.90090716660538, 88.60306045678101, 85.67300826887869, 86.10342032578805, 84.52382558249198, 85.8926009680988, 86.42156114529097, 86.7728792816782, 85.09488305349726, 86.26704219541668, 84.18839048711607, 84.18839048711607
95.8, 95.85389458662125, 96.73060081403962, 94.19404829700869, 90.36562865321106, 91.20032095319628, 87.65484571391144, 87.40760275517962, 87.45293582156744, 85.88426729294011, 85.67588852209451, 85.66520481654804, 85.00796617836136, 85.04960359878498, 85.45712572600117, 86.61531028738338, 85.88922846168357, 86.82508226734774, 84.52382558249198, 85.8926009680988, 86.3756635169506, 86.97653501418868, 87.66659532371324, 88.71894239369718, 90.37591262449413, 90.37591262449413
96.88, 97.7657817493817, 99.72137684074953, 97.48637595273483, 96.9766292267195, 97.20423538628064, 95.11943671904024, 96.00350074907453, 97.75289830436324, 98.4495127604619, 95.92677561056566, 95.89578532966985, 95.15319650042609, 90.65201030412025, 91.45689445436116, 93.17231191006255, 90.45119604515159, 86.31402692174032, 84.52382558249198, 85.8926009680988, 86.22542324843992, 86.7652838901743, 86.81503838066207, 86.18650357478879, 84.18839048711607, 84.18839048711607
95.87, 94.70825234835267, 96.95285387212928, 96.51665554027517, 96.70972375467143, 96.88489855436205, 96.37060069626617, 95.50657683641873, 94.06302036676628, 88.97257997713729, 85.67588852209451, 84.17834927434514, 85.00796617836136, 85.47837992931571, 87.47775279569395, 85.72743993409428, 85.11474955833978, 85.51069041985177, 84.52382558249198, 85.8926009680988, 84.73326827916155, 85.36239396982214, 85.82486939312408, 85.99378758495935, 84.18839048711607, 84.18839048711607
96.59, 93.14162130629536, 94.40130929080846, 94.87066967888632, 95.64109946761495, 94.18386513617857, 91.32443062864314, 92.31260025408707, 93.8940753380898, 92.5488843352614, 93.08353050674873, 91.77605975683957, 85.00796617836136, 85.63858263808898, 85.83446539017166, 84.75618479052292, 85.88922846168357, 86.62826124706221, 85.00440940028841, 85.8926009680988, 85.20859285347575, 85.00816147522085, 85.82486939312408, 84.98406826740512, 86.3811109436317, 86.3811109436317
95.79, 96.62924587595296, 97.5005214043156, 96.18881986405296, 96.48067438634433, 96.55974301747115, 95.68868971146799, 95.34863101397812, 95.12196673403706, 95.7866136400697, 95.44111288964436, 93.43806554824543, 92.79638111905572, 93.3426673996377, 94.29910389890098, 90.96272764460015, 90.38563663855696, 91.98455867823334, 93.62623799520085, 91.69019657614876, 92.41208391345039, 90.83987938076159, 89.11412051020906, 86.58806909101492, 88.01351809244579, 88.01351809244579
94.84, 89.51253593862916, 88.021345833189, 85.68112224577713, 85.25147394837903, 85.88954419782296, 86.51661178737331, 85.4829156262004, 87.05974343613043, 87.63644340163319, 86.15499991829077, 86.83511032353555, 87.99464236840599, 88.37786176113028, 89.82621074233751, 91.02801149020151, 90.5626058784849, 91.27716285634307, 92.42476673017386, 90.24883875474251, 90.92634203915344, 90.45515113785315, 90.83510473235373, 89.72270168652268, 88.87436668790032, 88.87436668790032
95.42, 92.83038771113794, 93.0287116784062, 86.88858278601812, 86.23757423328249, 84.10957757803895, 85.48961899980043, 85.4829156262004, 84.10845337987462, 85.25911298499855, 85.01779739176816, 85.06153072523249, 86.69505743172068, 85.40644536852011, 85.86940322534637, 85.06104739195516, 85.88922846168357, 87.42569876953256, 89.04938419280087, 88.78299149641033, 88.52886345332504, 90.24374751224242, 87.87882615713286, 88.34672153518865, 87.58213544582004, 87.58213544582004
96.59, 97.5854042750361, 95.96453715936973, 96.98797648107704, 94.81697818388247, 93.61593324143244, 94.02287384705531, 91.29295007291616, 91.10601659557106, 90.56585063902038, 90.81848644777095, 92.19856833944544, 93.20112428490407, 92.42911984757987, 94.44780313610303, 96.10654053834249, 94.93640557332238, 94.00041892985574, 94.23824557110237, 89.65875683811475, 88.50530698498848, 84.32939815556858, 85.82486939312408, 84.98406826740512, 84.18839048711607, 84.18839048711607
96.56, 88.98107021502146, 89.47379567740003, 88.78927097089809, 87.25392478509521, 89.89412311020793, 88.48171539498064, 87.55320242172185, 84.10845337987462, 85.25911298499855, 85.67588852209451, 87.03969491509189, 85.00796617836136, 85.81502052580596, 86.49690091445763, 87.5768600982597, 85.29290857431269, 86.1752541245583, 87.57980121973472, 86.10646364938795, 84.73326827916155, 84.32939815556858, 85.82486939312408, 85.02927274278495, 86.31201270787679, 86.31201270787679
94.96, 95.18628969391041, 97.42066126537564, 96.63200243355995, 96.06796364357388, 92.84847761185256, 91.57077487775132, 92.01801109098022, 90.20500762641076, 91.31835649184842, 87.92583512643112, 90.17561056883665, 88.17484972352928, 88.60618670463026, 89.75349031872666, 90.61761465425141, 90.1493040651715, 90.69330788875035, 91.93275482039353, 91.83887303248186, 91.54661707734896, 92.83795319332265, 87.97477432731974, 88.2145272934203, 86.14570094214153, 86.14570094214153
95.72, 95.35954659552094, 95.44998742394368, 93.71844931584133, 94.08768792527545, 95.25992838551021, 94.06823578679537, 94.8837968487564, 97.5471171608426, 94.4355350072408, 94.32652743174698, 95.12680698366218, 93.33350038430696, 89.080455421486, 89.85218121279938, 90.8193447433931, 88.15108229352143, 89.95252320364581, 89.28674899090434, 86.10845731725684, 86.20722616668436, 87.69274516800147, 88.06491069285917, 85.42763755833154, 84.18839048711607, 84.18839048711607
96.19, 97.41268722714852, 97.57645398279914, 90.00244066660683, 91.37626893286325, 93.99554111042244, 94.48194035790269, 94.42898878545512, 96.36296952449436, 95.93542103398616, 87.05113903080786, 88.08862593026338, 89.4465251561458, 87.65670935186368, 85.55548816286473, 85.8571254897427, 85.26665545724795, 84.50371598688248, 85.37200036665986, 85.8926009680988, 86.49883150792674, 87.91068812881677, 87.58097475300016, 87.30759624075564, 88.62670533951238, 88.62670533951238
96.64, 92.22079150368896, 93.73489778724543, 89.8162533887308, 89.05275023238043, 90.73285928190253, 90.93600787689702, 91.39171460852256, 93.11656308633366, 92.94392103029547, 90.98494449612458, 91.09449904109798, 90.56044682188319, 90.32682862777068, 92.45353196800437, 90.2449887776417, 86.21489238229213, 84.50371598688248, 85.63855930190596, 85.23742727366047, 85.36125686665311, 85.90914174354195, 85.82486939312408, 84.98406826740512, 85.18110147845258, 85.18110147845258
95.9, 94.53362587458665, 91.41290646227341, 87.57423457482113, 87.66938864038005, 84.10957757803895, 85.48961899980043, 85.4829156262004, 85.25829813544354, 85.27821719418911, 85.67588852209451, 86.26778845570672, 85.00796617836136, 85.81502052580596, 87.28188592400205, 84.75618479052292, 85.88922846168357, 87.64265144998546, 88.99273273733857, 86.81683533496212, 86.84602821308573, 88.50615851330457, 86.52015152078424, 86.87220767065072, 87.42225029322378, 87.42225029322378
97.02, 96.86750401776649, 96.81455316611536, 96.33056803059718, 94.79899103705715, 87.59992421935861, 85.48961899980043, 85.4829156262004, 84.10845337987462, 85.25911298499855, 85.67588852209451, 87.39032125992335, 87.36767580853095, 87.50581541315827, 86.85653815020937, 85.20628686911026, 86.03383035587457, 86.3122658820937, 87.99791878863479, 88.34596835811078, 86.16219876955067, 84.32939815556858, 85.82486939312408, 85.94656437015037, 86.60549157481996, 86.60549157481996
96.4, 97.76953786948084, 99.99056099158216, 99.52693419641167, 99.80148341468156, 96.19500536897286, 95.840132644483, 96.8361677468319, 97.82055706181022, 98.37732490896144, 97.31847434242226, 99.80551744371505, 96.31325489150383, 96.92327250956875, 94.3132075785654, 94.71152829462844, 93.77093330108713, 93.73132977928542, 94.67482316887691, 94.85080905845433, 94.72925049404927, 96.786357133385, 95.07357875045683, 96.30893476347931, 97.73508709137403, 97.73508709137403
95.54, 95.86791076615224, 96.35314500169704, 95.74763510933047, 96.595482337779, 95.84899298402631, 96.36433173890666, 95.2790471465085, 93.36581434214216, 89.61314091644651, 85.39205854322972, 86.82680216135618, 85.00796617836136, 85.81502052580596, 86.95356741106407, 85.76217795952228, 85.88922846168357, 84.50371598688248, 84.52382558249198, 85.8926009680988, 84.73326827916155, 84.32939815556858, 85.82486939312408, 86.52990940462266, 86.26530597546929, 86.26530597546929
96.1, 93.84059183502909, 95.18168567646177, 95.00407882356393, 95.60252376395475, 95.7955293751134, 96.35662857705654, 97.28693617560248, 99.68300772570166, 96.3337168450009, 95.5696348107697, 95.3905822752739, 94.46215186657426, 94.31230829444952, 95.70832407538684, 97.66890513880458, 97.29817680462705, 94.33997387167499, 94.85784136156259, 95.33281133286928, 91.63718796873799, 94.01813215567483, 92.28561085376627, 88.49310034880183, 88.94955971180441, 88.94955971180441
94.93, 93.74929535571927, 92.66861269924532, 91.63162225393509, 88.988668701792, 90.0677259521726, 88.88706776754385, 86.58743695716186, 86.23294701884736, 85.50017870659461, 85.74770913781236, 85.22824196719995, 85.00796617836136, 85.1103295092523, 84.31369739456835, 85.0297153273512, 85.88922846168357, 84.50371598688248, 84.52382558249198, 85.8926009680988, 84.73326827916155, 84.32939815556858, 85.82486939312408, 85.51949957733713, 84.18839048711607, 84.18839048711607
95.61, 96.03221967355762, 96.79267793322805, 97.18415225008906, 96.18251939896088, 94.72516094027114, 92.6797519562255, 90.43291423136651, 91.62791689431396, 92.25534104711744, 92.81891651116253, 92.42822401598917, 92.8013239231071, 91.1340067145321, 90.65630803551339, 87.44971206057022, 87.8328323263037, 87.70583973733763, 88.11784986612741, 86.20771311393138, 87.15717912484202, 84.32939815556858, 85.82486939312408, 84.98406826740512, 85.47437208958328, 85.47437208958328
96.23, 95.8824238347522, 95.47883658248502, 89.49648564391184, 89.640442618786, 91.32200899339514, 89.27106028766757, 86.82726226838474, 86.4448222773628, 85.25911298499855, 85.26610946728408, 84.17834927434514, 85.00796617836136, 85.81502052580596, 84.31369739456835, 85.33501749988207, 85.88922846168357, 84.50371598688248, 86.00968003102356, 85.8926009680988, 84.73326827916155, 85.84299261556193, 85.82486939312408, 84.98406826740512, 87.41457551369425, 87.41457551369425
95.87, 94.11599439262986, 96.38869677146033, 96.35765753897881, 96.47673027661317, 97.76495657953762, 96.82635728005779, 94.41576263392318, 96.68890400028356, 96.53205593752051, 95.45380713802241, 97.17071398469064, 97.14402342405414, 96.34533008748487, 92.19730979203001, 93.25480290257377, 91.59643465862582, 91.22913973387058, 85.78678766630695, 86.3758189495375, 84.73326827916155, 86.68977942968684, 85.82486939312408, 84.98406826740512, 85.98315483103563, 85.98315483103563
95.21, 91.9024524218089, 93.59672876822718, 92.60674925850154, 92.47062269254687, 92.20811437527627, 91.37421468474209, 91.09111036724833, 91.79836749918464, 88.3865467724848, 87.72845826892686, 88.12668200792123, 86.45881541968961, 85.55682521870474, 87.2354195886249, 85.73850703783684, 85.93529656020422, 87.2963419321682, 87.973770405597, 85.8926009680988, 85.03904714870971, 86.62899115181565, 86.12310338651203, 86.47819261045146, 88.57772465104833, 88.57772465104833
96.64, 93.67394000116988, 95.85691715762546, 95.29251114192542, 95.97727694079877, 97.73606309776923, 94.03890613864787, 93.37694910398648, 93.57722616170778, 92.92043803931968, 91.51892371550888, 89.88100089438942, 91.29904034776011, 90.6563375869258, 92.38875827155154, 91.57547887988284, 89.64307820094653, 87.6662132913292, 89.75179379663113, 87.58415078764554, 89.0127309844819, 91.46271082307419, 89.08181023967879, 90.24643787407405, 91.57277776535449, 91.57277776535449
96.09, 93.82103833033358, 96.11759926785496, 92.49344532401015, 90.92814015650501, 84.10957757803895, 85.48961899980043, 85.4829156262004, 86.31042836116762, 87.09443895640435, 87.59494797813963, 89.49119378452417, 90.71884435762439, 91.19211153327532, 93.07918270214951, 92.68193661445272, 92.6805886954451, 84.50371598688248, 86.2474616703928, 86.85139335248081, 86.86177781897908, 87.87052885413502, 85.82486939312408, 86.0883074263245, 86.42094649296989, 86.42094649296989
96.91, 96.62284785326837, 96.89837675892552, 97.1761894892353, 95.61681981344478, 97.30497629597791, 96.96117288188866, 97.79277379894059, 97.80609897310751, 97.31299795298314, 97.81322286693106, 99.32457261271935, 97.93968928168378, 95.15444661040836, 95.76382967473755, 95.52215468640973, 93.45242903025223, 93.06635469964922, 92.04214580410428, 91.85145312177362, 93.39431135035638, 92.55875750385252, 85.82486939312408, 85.69887505063122, 84.18839048711607, 84.18839048711607
96.9, 97.9888722221322, 99.17907847125859, 95.59416496904538, 94.36566990019278, 96.15500879320936, 96.68184994401743, 94.21812660250498, 94.27092419240859, 93.92529927205243, 92.77933254292897, 93.18548247192798, 92.89011938089995, 93.35031835637454, 90.79161283912075, 91.64300001327217, 90.20507037899984, 90.23354609495885, 90.3533012490493, 85.8926009680988, 86.80900073237886, 87.20991754422573, 85.82486939312408, 85.79220455317478, 88.09379887004815, 88.09379887004815
96.25, 95.88540877494637, 95.74613616815218, 94.1411336961376, 93.97716694447315, 95.03858255379141, 96.08616397733468, 94.35090167102423, 92.47710590107746, 92.18192482098816, 90.49061076293215, 89.57998069025149, 90.70385542648802, 86.39744852982035, 84.31369739456835, 85.25914858417211, 85.88922846168357, 84.50371598688248, 84.52382558249198, 85.8926009680988, 85.22478229640903, 86.5270707887659, 86.54338092456139, 87.59022920104195, 87.73367506796124, 87.73367506796124
94.3, 95.71363759998201, 92.82211836616855, 92.98602613637837, 89.76942550622054, 89.88267106737023, 89.29752608067864, 88.05928640788159, 89.49012202360731, 89.56641003211158, 87.27944155995675, 88.8348102968166, 87.85265441682901, 86.56711025909335, 84.31369739456835, 85.82065899286957, 85.88922846168357, 85.60154737073701, 86.0113161508742, 85.3867015173209, 84.73326827916155, 85.53394089368028, 85.82486939312408, 87.17862677762818, 89.46824574116418, 89.46824574116418
96.72, 98.17324369699142, 96.94437880311514, 94.9284218329784, 93.36867111638277, 91.61714812497364, 91.38419604503159, 91.10305568307889, 92.72931095457443, 94.12366567366973, 92.31771735322332, 92.32247274677397, 93.79811504511962, 93.77572860011904, 95.154311956864, 93.63876433489362, 91.34725011245409, 91.74537482377555, 92.48896499675045, 92.86740817738638, 93.72468511246691, 94.7409610601907, 92.81541607946566, 92.86388938138526, 94.97626593321799, 94.97626593321799
96.47, 96.98998146801958, 95.05605978965664, 94.1131232492721, 93.98929125218426, 95.77138757099696, 95.9148012550819, 96.72690077590444, 97.92599007451452, 98.76065182388007, 99.23079178056445, 100.34391085364949, 100.31183662259252, 98.95164712903022, 100.37407346144153, 102.27161689696786, 102.34009057909455, 102.92242278968165, 100.14815944418355, 98.9928852701252, 96.98017523838995, 96.62282879456006, 97.00614611156779, 95.49540325897092, 96.82244872861276, 96.82244872861276
96.18, 91.07096608017197, 91.82553108203034, 90.7357256963511, 90.28934713091363, 89.81371245268953, 90.36547717963794, 91.0790164105722, 91.67834447455073, 92.20596175476113, 90.34158829831837, 90.90081397232233, 90.53081631966649, 88.94640349391908, 89.28093079207832, 90.30262096836371, 87.63392130244206, 88.23594900869121, 86.23363638596746, 85.8926009680988, 86.13701017614703, 84.32939815556858, 85.82486939312408, 85.26609504027087, 86.27625938298075, 86.27625938298075
95.83, 96.79321547872756, 98.48846809959602, 98.73711623894069, 89.46502534886147, 90.25547088062494, 89.31360522003858, 88.75478471136836, 86.37271334500434, 85.25911298499855, 85.67588852209451, 87.62051098627178, 87.1360637897657, 85.81502052580596, 85.32956518591246, 84.75618479052292, 85.88922846168357, 85.8450495989831, 86.0348426532153, 85.8926009680988, 84.73326827916155, 86.35178552758764, 85.00086676420155, 84.98406826740512, 84.18839048711607, 84.18839048711607
97.3, 96.31211936293423, 96.83862067751326, 93.18006824550204, 93.76808240385836, 93.32736108012193, 92.12344665368337, 90.74818070508985, 93.17036579242507, 94.18021629478005, 93.36784334931205, 93.68285547231835, 90.31716420327699, 90.2370519413299, 89.75907400620363, 89.8189775690228, 89.59818771277958, 90.61677842033174, 90.08062984304235, 88.42602258059188, 88.54522622298273, 87.7504856069226, 87.16076479437464, 87.3620047618391, 87.26970933468421, 87.26970933468421
96.04, 93.82997039699008, 94.15315170444757, 92.55186201508573, 90.96314478653862, 91.73189259979658, 91.78351441507684, 85.4829156262004, 84.10845337987462, 85.25911298499855, 85.67588852209451, 84.17834927434514, 85.00796617836136, 85.81502052580596, 85.60736644778731, 85.80545319885059, 85.88922846168357, 86.83307375723732, 87.3180212524547, 85.51487233705073, 84.73326827916155, 84.32939815556858, 85.82486939312408, 84.98406826740512, 84.18839048711607, 84.18839048711607
96.02, 96.02873998199426, 96.10790721304268, 96.70207069152075, 97.54006098817149, 99.09784242736323, 97.9854171852454, 98.98602220598295, 98.54237288487776, 99.06621024308942, 99.41517999475796, 94.77459702956789, 96.2354317519669, 87.06821715403646, 88.54662568135149, 88.04253156020863, 87.11222902974974, 88.82344192899878, 86.79042390424577, 85.20897150771286, 84.73326827916155, 85.93441033317264, 85.82486939312408, 86.20870979499321, 84.18839048711607, 84.18839048711607
95.16, 89.18134660372448, 90.92708250948704, 89.3441665240437, 88.68677492967957, 88.70992736385888, 88.40397448893208, 87.12996485709475, 88.7394003261597, 86.86880887260168, 85.67588852209451, 87.45164789969841, 86.93468033933011, 87.07686174330198, 88.89941298574048, 88.87741246544239, 89.52653365700915, 89.5753184459009, 88.67390844812326, 89.42046164996346, 86.9310359816174, 87.58883838559478, 87.95987257869172, 88.89179533961213, 88.66492449045607, 88.66492449045607
96.78, 97.15457256334726, 95.5484975918939, 90.0624434703314, 89.94386672023137, 90.7715189838879, 89.03831469986429, 87.79919643114516, 88.98637144086321, 87.75336261557636, 88.06103890484334, 89.85211394506892, 91.06768078212416, 86.99658838974669, 87.24358393321641, 88.9121179862802, 88.50211915002672, 89.55148828727401, 89.42316647685763, 88.71590595705781, 88.96142626045143, 90.10380291656757, 86.83493340553603, 85.29337310356942, 84.18839048711607, 84.18839048711607
94.75, 94.1590383222093, 95.59904142326427, 90.36388218266413, 90.77443391804788, 92.6862554821609, 90.23174845667634, 90.56045715739587, 90.50142590279442, 90.53061308482721, 88.30972324358922, 90.6464270682585, 90.99177594203726, 90.70541965204934, 92.46413494350321, 92.20626395053593, 89.45253037260632, 91.60718735179582, 93.39981827795867, 93.44459850186222, 91.98561973913382, 91.1423587797298, 91.19122370250582, 84.98406826740512, 84.18839048711607, 84.18839048711607
95.92, 95.50091211308457, 96.25147789693085, 97.30048295970629, 98.07984734782552, 96.99126787291105, 96.74637849327853, 94.97308157373804, 97.16609450789754, 94.92659973654995, 92.99153242361555, 93.01611587689442, 91.53648886127583, 88.64290657719826, 89.18855138758279, 88.01779720443683, 86.43112799658554, 87.50662537889794, 89.16421239607303, 87.16003027567699, 86.49813288843905, 86.71216116498587, 87.43671804433387, 85.98805668607771, 84.18839048711607, 84.18839048711607
95.79, 96.26938399125811, 94.36657025010862, 95.22109610904329, 92.93120085676452, 94.58861327482285, 93.77294952102068, 88.57549619698956, 86.85718815064575, 85.25911298499855, 85.67588852209451, 87.34339110382626, 86.57492618010734, 86.90172497323474, 87.9487439411705, 88.90062459256526, 88.47618754695945, 87.81107008397615, 86.51212760718799, 87.11548639832162, 89.01556508257853, 87.06430133128133, 86.8456725001349, 87.01549450399669, 86.08168003270978, 86.08168003270978
95.91, 97.23058922754538, 98.08104126484841, 91.01862455114572, 91.65777783536305, 90.96912130056884, 86.83578085276602, 85.4829156262004, 87.7608394878319, 88.62904000160091, 89.61496589226859, 84.17834927434514, 85.00796617836136, 85.81502052580596, 87.98438460576006, 88.72498544079502, 88.16442329127946, 89.7086421894278, 89.99632299104726, 90.17120704717306, 86.81766117362065, 85.766829771687, 85.82486939312408, 86.03744312146864, 86.51976433615467, 86.51976433615467
97.75, 97.357857645619, 97.28432271555442, 97.48650016298284, 95.29030235016403, 96.11113480718879, 87.09641189221159, 85.50673790955452, 86.81170385098719, 87.2406047378712, 85.99753972313665, 87.11241358337261, 87.46130837526854, 86.37408019865444, 87.40898104272092, 84.75618479052292, 85.88922846168357, 86.40795489806831, 84.52382558249198, 85.8926009680988, 86.01085216299265, 84.32939815556858, 85.82486939312408, 86.80145061589921, 86.84575305982409, 86.84575305982409
95.82, 94.15287001103066, 95.51985938297891, 94.9029741238574, 94.35182161640472, 94.70507219843898, 93.9830457012513, 94.20405351120658, 95.63209935930495, 91.14025278957635, 85.4531498991181, 86.06287981159794, 87.08320499022598, 87.29160122666521, 84.31369739456835, 84.75618479052292, 85.88922846168357, 84.50371598688248, 84.52382558249198, 85.8926009680988, 84.73326827916155, 85.29142112925162, 85.82486939312408, 85.0626827225053, 86.77882882557155, 86.77882882557155
96.69, 95.67281568256756, 95.90164241241985, 94.45763916568824, 91.80469400442985, 91.6772715467646, 89.5657109594489, 90.35258191403271, 88.56978751996596, 86.94492627336129, 85.3915877732989, 86.15456995970149, 85.00796617836136, 85.81502052580596, 84.31369739456835, 84.75618479052292, 85.88922846168357, 86.95298579591346, 84.52382558249198, 85.8926009680988, 87.56536877724884, 88.23357209756014, 88.62850034777726, 89.75171459045997, 87.903701867857, 87.903701867857
97.03, 95.82568438644566, 93.70473524364172, 92.91806620681228, 85.31571305208062, 85.94793061565105, 86.06411764873386, 85.4829156262004, 87.37117986966324, 85.25911298499855, 85.67588852209451, 87.09688622309078, 86.08903912338843, 86.08740843236768, 87.29675060672213, 87.38875458759367, 88.20529380435327, 88.60062086915694, 90.65351706394921, 88.19556982155528, 88.75485884190006, 84.32939815556858, 85.82486939312408, 86.08812684536338, 85.88264473814773, 85.88264473814773
96.79, 98.26535847694907, 98.23759335122476, 95.38705300605977, 96.17453352750304, 98.3193721529779, 96.08789061928881, 94.57023684432828, 94.56712505008109, 95.81861135105102, 90.55684465199317, 92.14770701706043, 93.13442395714925, 91.3994855343444, 88.29373078255195, 88.77005133712846, 88.91517227363249, 87.1341136049782, 87.39630559455209, 85.51245384955978, 84.73326827916155, 84.32939815556858, 85.82486939312408, 84.98406826740512, 84.18839048711607, 84.18839048711607
96.06, 92.51035928507173, 91.01092316083664, 91.25024605246303, 92.30160814494742, 91.70324441153258, 89.23281727071361, 87.25031752783096, 89.47302761336886, 88.22605820811636, 87.47249123620979, 88.68973907407167, 88.65669931742958, 89.00143194761357, 91.28770329011893, 92.29523103843074, 91.96803307754068, 92.82671687890007, 93.41504985418271, 85.8926009680988, 84.73326827916155, 84.32939815556858, 85.82486939312408, 85.89393001328882, 84.18839048711607, 84.18839048711607
96.08, 95.13759630144679, 94.5577520236848, 93.26507616224046, 93.87062133660883, 94.31457036077802, 94.83380649444919, 94.73865348697832, 96.21731366006435, 94.2388862347364, 94.38514387138873, 93.3545197834448, 94.71793892179825, 92.39845193836994, 93.10627400898198, 94.54215969589971, 93.44142805019918, 95.04428503651991, 96.73996315258918, 97.11600472794153, 96.15554460385673, 95.58940503077741, 93.0923029701799, 88.90997928749239, 90.72477966034681, 90.72477966034681
96.39, 96.7619858098746, 97.39206279100259, 95.03686520838448, 96.0675600641183, 96.62878574096075, 95.71563914557834, 94.90508496343801, 86.297736279284, 85.19051355699729, 85.39422145204607, 85.4208399481642, 85.00796617836136, 85.4373274030036, 84.31369739456835, 84.75618479052292, 85.88922846168357, 86.12305685154985, 86.74448214302862, 85.98935120451897, 86.71868972380861, 86.00263433154501, 85.55108065643729, 86.10034475658924, 87.14739215572654, 87.14739215572654
95.11, 96.55338923590524, 95.28835788970957, 94.74073977866176, 89.5512047447165, 90.37901751583705, 89.5812037451508, 86.61966659454673, 86.04207421135106, 85.97394689446806, 85.91158261704003, 85.03049345760928, 85.00796617836136, 85.81502052580596, 86.37438169926536, 86.18433563143154, 85.88922846168357, 85.12694956716905, 86.88193403845665, 86.84634761242003, 86.76707164273937, 88.5990615719991, 86.50634988259861, 84.98406826740512, 85.5838394125396, 85.5838394125396
95.05, 95.79646314457733, 95.91890179046419, 90.21710939791882, 91.17070329305444, 92.57563250225603, 92.61432092974749, 90.52255616554662, 85.19905666108545, 85.14067098977506, 85.67588852209451, 87.761616604236, 86.1483033203944, 85.81502052580596, 84.31369739456835, 84.75618479052292, 85.88922846168357, 84.50371598688248, 84.52382558249198, 85.8926009680988, 85.94474324318853, 84.32939815556858, 85.82486939312408, 84.98406826740512, 86.81594182998907, 86.81594182998907
95.4, 95.04884564619503, 94.57866462853836, 93.89446616473018, 92.97571394237237, 91.15491149769322, 89.71891952528574, 87.14895394592149, 88.26523911978055, 87.63786030475885, 86.652178311396, 85.03284454723203, 85.00796617836136, 85.81502052580596, 84.31369739456835, 85.48695099164317, 85.01475221376232, 85.93017129586069, 84.52382558249198, 85.8926009680988, 84.73326827916155, 84.32939815556858, 85.82486939312408, 84.98406826740512, 86.08279300476549, 86.08279300476549
95.3, 95.591905777534, 97.49245418195589, 93.07494724340837, 91.65529834899468, 92.33301550094984, 92.32321539419632, 91.59396108071033, 92.35550540203327, 89.78041472526031, 87.21453643883031, 89.11073645502066, 88.00531855223916, 85.81502052580596, 86.25248599417559, 84.75618479052292, 85.88922846168357, 84.50371598688248, 84.52382558249198, 85.8926009680988, 85.65780491927293, 84.32939815556858, 85.82486939312408, 84.98406826740512, 85.46190777512574, 85.46190777512574
95.46, 93.47939832475109, 92.30830968366216, 88.2931522021465, 87.80158370137057, 88.32626996845619, 85.48961899980043, 85.4829156262004, 85.72126344860082, 85.25911298499855, 85.67588852209451, 84.17834927434514, 85.00796617836136, 85.81502052580596, 84.31369739456835, 85.7374154751374, 85.88922846168357, 85.72544065081863, 87.40506456145638, 85.47548076412794, 84.73326827916155, 84.32939815556858, 85.82486939312408, 84.98406826740512, 86.37989069346713, 86.37989069346713
96.13, 95.84291419851542, 95.50212764149988, 96.01398461768085, 95.89102081958309, 95.17028647966106, 94.02879474523088, 94.26405019466813, 95.9655648387284, 94.30013282741862, 92.55465621133861, 93.8967678974, 93.68747233808304, 94.39883088091501, 94.82099715849166, 95.88638069898121, 93.0085047987087, 92.27272184758068, 93.49167305180151, 93.75753898156825, 95.51503626870078, 96.51506144449144, 94.68354498489207, 89.82802098688786, 92.02984762327222, 92.02984762327222
97.12, 98.34580150524549, 99.423821325469, 95.88884771000154, 96.736702949137, 98.08770529481855, 96.92684267662516, 93.9201656548385, 96.20156496489464, 95.62863251696788, 95.82046179356969, 97.21812677988459, 97.09012937362601, 95.01970908639822, 94.75416654924695, 95.11657260111862, 92.70983114048344, 92.67218865631244, 94.19103873766034, 94.31215880546186, 93.75159450479842, 89.99761429847175, 88.72139429408476, 84.98406826740512, 86.74692467671281, 86.74692467671281
96.1, 96.51366154919585, 96.23692202841633, 95.99562006359744, 95.91815626212176, 93.73303784857308, 94.32727501032699, 89.85902775544974, 91.01407649821965, 89.29471364704226, 85.32865064191044, 87.49080850742187, 87.56749037264105, 85.81502052580596, 84.31369739456835, 84.75618479052292, 85.88922846168357, 84.50371598688248, 84.52382558249198, 85.8926009680988, 85.08402671888524, 85.38276161977701, 85.18780418753316, 85.23674194588513, 86.9342897160424, 86.9342897160424
96.15, 97.17715565951825, 94.74680273965697, 93.12736430247566, 93.67084133774715, 90.10192182616066, 88.157945724545, 87.35576662805583, 88.18798065470483, 85.25911298499855, 85.67588852209451, 86.40927668301565, 86.53123192901631, 85.81502052580596, 86.15290117035552, 86.02704816437691, 85.61713450312354, 86.17737913335183, 84.52382558249198, 85.8926009680988, 86.45984179490608, 84.32939815556858, 85.82486939312408, 86.28915098689811, 87.99238198865511, 87.99238198865511
95.97, 96.44661296653621, 96.60522617079607, 95.11754851597995, 91.4088868162682, 90.75822791858138, 90.11157949608535, 87.50738221565291, 85.98951426870508, 87.3150284100502, 86.879425609056, 87.61508278345381, 85.87060781156009, 85.04003494970077, 84.31369739456835, 84.75618479052292, 85.88922846168357, 86.79620555676925, 84.52382558249198, 85.8926009680988, 87.36785854258082, 88.49730801937002, 88.74972457027864, 89.32762943361513, 91.51278154481021, 91.51278154481021
95.57, 95.6773393495325, 91.33933369070812, 89.32340166411164, 88.88087841725257, 90.63106662481536, 89.68408810133285, 88.21123531227043, 90.40605965192725, 87.57476754724179, 87.01385107613649, 88.64588736130814, 88.30040991033667, 88.608779960682, 90.09250751219085, 86.70372970055936, 86.3657686456281, 84.50371598688248, 85.3796300123885, 85.8926009680988, 85.6773884059419, 85.29604186618982, 86.04867622513632, 87.30185365222901, 88.77839591039438, 88.77839591039438
95.7, 95.58557375863022, 97.12403392118732, 97.0028230643368, 97.78732024105233, 96.30561798957574, 96.80404668652682, 94.77129090337753, 93.82360606538997, 85.74302423537064, 86.15914722905184, 88.15499617182377, 88.38463037319337, 88.917059442989, 85.74172007820492, 84.75618479052292, 85.88922846168357, 84.50371598688248, 85.0542743196932, 85.8926009680988, 87.29079449367585, 87.80578867623983, 87.10330826087657, 86.49719460384651, 88.09252161546554, 88.09252161546554
96.04, 92.99752780384839, 91.3199516776282, 90.1405399424228, 89.74485805322675, 91.3141080207362, 91.2948537780415, 91.15181036010877, 93.13603421321255, 90.88420113689962, 90.02271351031003, 90.53392191535026, 89.55306507955535, 87.01625530791551, 84.31369739456835, 84.75618479052292, 85.88922846168357, 84.50371598688248, 86.47910324025233, 85.44129083786171, 86.69085157634369, 88.09521253148739, 86.96225727616849, 86.92376778644098, 85.26447270689141, 85.26447270689141
96.42, 96.7926053759693, 98.61131402030887, 99.01262477762828, 99.69527890975735, 98.0854191635799, 99.20046648733758, 99.28174500231071, 99.33523083546845, 99.12928031215816, 99.48855043958667, 97.53568048778948, 97.22670967373928, 93.721055342836, 93.91131620795349, 91.8006103387125, 88.1830945837096, 87.17308386445326, 87.3149711692944, 87.90481892652363, 89.39222646603395, 90.60826918298237, 87.00342363440767, 87.78885410886943, 87.06959051608267, 87.06959051608267
96.51, 96.15288112822077, 95.87336079740415, 94.56677691487207, 92.27343761797107, 94.21463573731083, 93.76661636133075, 92.9488111117907, 94.02215258722576, 94.51820524079253, 92.44671832320847, 92.91355722345592, 93.3688742652187, 92.16180591343863, 92.87661849966862, 89.74363699718782, 86.004523463627, 87.65103508032696, 84.52382558249198, 85.8926009680988, 84.73326827916155, 84.32939815556858, 85.82486939312408, 85.74203840735295, 86.20650198634722, 86.20650198634722
94.53, 94.4296201680481, 93.43338344945678, 92.52363236989707, 93.5229931961854, 95.975886171705, 96.71228071959158, 94.95503882054658, 96.91873930539784, 97.0727005148616, 93.77219983393262, 94.35811058308107, 86.83397725675073, 85.81502052580596, 85.6390242264167, 86.22311432129918, 85.88922846168357, 85.22934360842719, 84.52382558249198, 85.8926009680988, 87.6099939462702, 88.07452595803373, 88.69776680779322, 88.23833444699068, 86.90896579229846, 86.90896579229846
97.37, 99.04703509357645, 99.77673972569958, 99.71464708553476, 100.96540015850218, 101.84874977318135, 99.8714333728186, 98.80796537710519, 99.93033619457155, 100.68289057636923, 99.59468087303249, 95.79225863264725, 94.66497353623589, 92.98947872927003, 93.21477985190867, 94.19719677001562, 91.90041999351672, 93.6971152083683, 93.27370670730305, 90.31436325739406, 91.28792763822042, 89.4368414026678, 88.43797667171408, 88.45648503833979, 87.72491153068866, 87.72491153068866
95.69, 96.31862675314787, 97.742430925236, 96.9150114847716, 96.12445716259442, 97.65082520192301, 95.80519491216818, 93.69054078590275, 95.44807807118912, 95.4222141390012, 95.30903189006897, 97.11042819647268, 97.39649354019302, 96.8202909849887, 98.43036033080162, 98.74658956565158, 97.18642378128797, 96.21588727920489, 93.63535522304983, 91.85090661931447, 91.89876010256185, 92.11020530595937, 92.49912118727323, 89.45765599221969, 87.30944694697723, 87.30944694697723
95.22, 93.26180016879357, 89.40443453369744, 87.44575545993601, 86.31620961729956, 85.18349335009036, 85.48961899980043, 85.4829156262004, 86.20455772128203, 85.25911298499855, 85.67588852209451, 85.04593145841731, 85.00796617836136, 85.81502052580596, 84.31369739456835, 84.75618479052292, 85.41447163058278, 84.50371598688248, 85.18478405856492, 85.65773610944521, 84.73326827916155, 86.21129210748776, 85.28543221301214, 84.98406826740512, 84.18839048711607, 84.18839048711607
95.07, 93.45446021405581, 95.48605875653642, 95.61830891125665, 94.55357580766466, 93.89246326876014, 89.91495098151523, 90.20300911198099, 90.3187253247462, 90.19262582706057, 85.29995151955431, 84.17834927434514, 85.39512627119824, 85.81502052580596, 87.02058662244076, 84.75618479052292, 85.88922846168357, 86.54090232002113, 87.27942824189978, 86.21608239948081, 85.53145564176079, 86.94624159657883, 85.82486939312408, 87.41621076823603, 85.63653970297422, 85.63653970297422
96.75, 98.21788611066948, 100.19335770046834, 98.17274611437225, 98.83373589028331, 98.45725053117256, 96.62687952201172, 97.72917555522586, 98.56754802362131, 98.20668288140509, 98.10480566151082, 98.42375309405026, 98.28722938576132, 95.20465911419909, 96.42924338075188, 96.05152398484715, 94.04801095923028, 92.13119028101494, 93.76004502278641, 92.72608232777569, 94.51532117662902, 90.16395509408616, 87.87906270462473, 87.01275285847021, 86.46884439530785, 86.46884439530785
97.31, 97.38386459978427, 94.30876820700169, 91.82385363199766, 91.22912757924091, 89.95704972691767, 90.76900721037813, 91.07305302339451, 88.80538961437055, 88.9915981207455, 85.67588852209451, 87.24464959535933, 88.07677901446354, 87.95046259838288, 85.6402799037044, 85.03506835398372, 85.88922846168357, 87.04589229230537, 88.30248814775788, 88.07692580246935, 89.86941472270072, 91.23410263122226, 91.55684516058564, 88.59294641257078, 89.43868667242063, 89.43868667242063
95.16, 96.20147028710223, 97.98386815066311, 97.42165845373022, 93.17309166650384, 90.79529687117711, 91.40618999176996, 90.4487278120231, 91.6519610455677, 91.95727431097106, 90.94801015213282, 92.7620358578491, 92.63704296892928, 91.48816449120739, 92.29539441058492, 88.93657211062722, 87.37399672049796, 87.23246476488393, 89.10495547393377, 87.40102158431748, 87.3817255179727, 84.32939815556858, 85.82486939312408, 86.92002903125164, 87.52148532389029, 87.52148532389029
96.33, 94.4268794387875, 95.03089026995295, 90.75177040122675, 85.82349639933408, 86.8316131260576, 86.9362172703282, 85.4829156262004, 87.66849760552667, 88.42693169312791, 88.31261881451167, 89.67339935917614, 88.52544478241919, 88.6642959064323, 88.41627462712141, 89.43680578440893, 89.07741656448336, 89.60478197670379, 89.67497338792343, 86.24731306677481, 84.73326827916155, 84.32939815556858, 85.82486939312408, 84.98406826740512, 85.03008482875288, 85.03008482875288
96.13, 94.22441167481276, 93.87665640876241, 94.53574286531722, 93.29574595503664, 88.31146622226724, 87.4072608364829, 88.47297226399749, 90.26936088778858, 90.11004903495919, 89.5126727972647, 90.66253236012615, 88.97018158582915, 87.2119501808603, 88.83601484395108, 89.70732282142002, 89.76716324514857, 86.8005271032052, 86.66531978807548, 85.8926009680988, 84.73326827916155, 84.32939815556858, 85.82486939312408, 87.16232210875192, 86.24770907479946, 86.24770907479946
96.38, 97.50419564000383, 95.9531486218417, 95.64428004175173, 96.18066596804228, 96.59235915138574, 94.74938686806144, 95.31034125762885, 93.89931097506569, 90.85157701345344, 91.07725164364805, 92.61690414967892, 92.54444343177077, 92.79146024222648, 92.98511444629126, 94.75567173360344, 93.09042417389567, 91.1545302700092, 87.9369452224041, 85.8926009680988, 84.73326827916155, 86.43458246563453, 86.98036582228987, 85.87599210427894, 84.18839048711607, 84.18839048711607
96.38, 97.36284874478139, 97.11738632262222, 96.35835688587112, 96.10303027585472, 94.92484883758479, 94.67072522666489, 94.49009454100018, 91.19821553263407, 90.56333444651703, 90.99643839198367, 93.19536059003914, 93.20549176239092, 90.1068036034194, 91.62900783547036, 92.65191960821909, 93.06580844931233, 94.25377430635292, 90.76102673782214, 91.1515349529752, 89.78783180527962, 90.2439553913572, 90.9221841346941, 91.54565656406118, 93.01240876792704, 93.01240876792704
96.11, 96.95527703472887, 94.7687816870893, 95.18758162306757, 94.99680704187503, 95.89192599254616, 96.78955614566199, 96.56421985803863, 95.47896971441398, 91.40803638911976, 91.14617338069215, 92.89449771770067, 94.23547769549738, 92.81613512556922, 92.70996768753932, 93.00139242690074, 92.01388430593606, 92.50093251203768, 92.27636249853141, 92.16944794218394, 91.6138576551065, 85.06500004835016, 85.01042763904279, 86.09109442992056, 86.20351013934813, 86.20351013934813
95.88, 94.56315961036263, 95.78617912265986, 95.55755957151531, 91.12169735119213, 89.95396039191775, 90.6157350977294, 90.08214761645904, 90.74285899553745, 90.42370455152168, 88.1385752631891, 90.3054425135916, 85.00796617836136, 85.81502052580596, 85.59545569508269, 85.91587654575032, 85.88922846168357, 85.66905968861751, 84.52382558249198, 85.8926009680988, 87.31925851070966, 85.833907159429, 85.82486939312408, 86.6761642229855, 85.29385903187982, 85.29385903187982
95.36, 93.77299077183892, 94.40597763114555, 89.83195588527492, 87.26345113203321, 88.5042950967715, 88.50513029317138, 85.28866490320995, 87.18210352502503, 85.25911298499855, 85.67588852209451, 87.23307694069923, 85.93358741000554, 85.65213210995009, 85.3883750310754, 84.75618479052292, 85.88922846168357, 85.29449053198911, 86.17515437822992, 85.8926009680988, 84.73326827916155, 85.17076429375231, 85.82486939312408, 84.98406826740512, 85.48300672663851, 85.48300672663851
95.49, 95.91564573182717, 97.00646149852169, 96.58071835629454, 97.13897974185618, 96.51329913981877, 94.95286410319441, 94.81982858591837, 92.02493856442288, 87.4896068673155, 85.45568764357122, 86.95981336809741, 85.46908744261587, 85.81502052580596, 85.28340442159549, 84.75618479052292, 85.88922846168357, 84.50371598688248, 84.52382558249198, 85.8926009680988, 87.34888391258391, 84.32939815556858, 85.82486939312408, 85.23106137749893, 86.20692793326268, 86.20692793326268
96.43, 97.40696900123902, 98.7646229498402, 98.00561556090938, 94.15379149324531, 95.3382632237279, 95.00884139246676, 95.29449617916175, 96.9133249528748, 95.85365958645971, 93.79922741148185, 94.83047598534795, 94.48159230991438, 86.7361341006255, 86.90877578713837, 87.07442545184246, 86.42077097172586, 86.03743511645611, 85.29784823899746, 85.92053098637396, 85.63081585179167, 85.71305726990062, 85.5518605445702, 86.0801089291039, 84.18839048711607, 84.18839048711607
96.58, 97.02406926899351, 99.55217877837688, 97.9903366413353, 95.82961706395139, 95.59314171016091, 96.06148921089705, 91.21822377278166, 90.23047053163891, 88.54568838950381, 89.15144459947098, 89.95566704228851, 88.1346078563218, 87.82141853746703, 89.13604805105878, 89.4220170345128, 89.33360879672854, 88.44349857951886, 85.30062109903498, 85.8926009680988, 87.40723135743802, 87.9275326862653, 86.59689297322397, 86.36220827349347, 85.01410389037036, 85.01410389037036
95.91, 94.3123297832831, 96.7728932131685, 94.7267707840771, 94.82020862625788, 94.65273588766416, 91.80741300835211, 88.53512429584505, 90.02017394003093, 90.89525213326492, 88.84290679329108, 90.79657199889206, 85.00796617836136, 85.81502052580596, 87.96209530506597, 89.77540510938827, 87.80575121662122, 89.1805673006556, 90.67505269131696, 91.1873448870929, 90.33944298498368, 91.07297433955607, 90.21261684841993, 91.43911051152685, 93.06568667764905, 93.06568667764905
95.8, 95.58459801693498, 96.1687186366699, 94.70177699727196, 95.62306326463363, 95.68076841391054, 85.75152346844159, 85.74794156811701, 84.10845337987462, 85.25911298499855, 85.67588852209451, 84.17834927434514, 85.1231027409887, 85.81502052580596, 86.91256015368714, 84.75618479052292, 85.88922846168357, 86.7063257157598, 86.03937977489687, 85.8926009680988, 84.73326827916155, 85.37936613616984, 85.82486939312408, 85.28220753390958, 84.18839048711607, 84.18839048711607
96.57, 96.0076605168292, 97.6302158828386, 96.93459786539778, 93.6923278333313, 93.0643957402033, 92.55852912068552, 90.59827412933898, 90.88147190879225, 90.40514460082252, 88.21241100118783, 89.44461089792651, 87.88619928264878, 88.11918029457883, 87.5528403918914, 84.75618479052292, 85.88922846168357, 87.49017513126712, 84.52382558249198, 85.8926009680988, 85.51251823264252, 84.32939815556858, 85.82486939312408, 84.98406826740512, 87.42565673938532, 87.42565673938532
95.85, 95.70142195320877, 94.99867221911917, 90.84276197987217, 89.09757034760976, 90.3501409502315, 87.2074044041619, 86.51333598172833, 84.10845337987462, 85.25911298499855, 85.67588852209451, 84.17834927434514, 85.00796617836136, 85.81502052580596, 86.67432987559995, 86.5947054251555, 87.41204831027886, 85.1526101835288, 84.52382558249198, 85.8926009680988, 87.32978562017165, 88.27007030624955, 87.59092276265734, 84.98406826740512, 85.26759502914696, 85.26759502914696
95.72, 96.23674428630915, 93.26587711315024, 93.06674937557352, 91.7230583017463, 92.20533711272738, 88.74421509566896, 88.24222627413342, 87.54944332389313, 85.25911298499855, 86.24195639215277, 86.6152326568155, 86.81386097267306, 86.43301507188482, 87.53688744966044, 87.60572786514206, 85.88922846168357, 87.39744334718739, 89.26035993322563, 89.42055313025753, 89.32471413982302, 91.32501889102929, 91.67367718101347, 90.87075007895712, 92.7386146459787, 92.7386146459787
96.35, 96.2894037941515, 97.0741658791377, 97.54725058966004, 97.77817203084932, 97.35216067622352, 97.96594751581894, 98.2485520966398, 96.49503113934608, 93.75394670157274, 89.11128124214083, 84.17834927434514, 85.00796617836136, 85.81502052580596, 87.17283144113824, 89.12421616451779, 85.22294472231495, 85.42753180433577, 85.55796295365013, 85.8926009680988, 84.73326827916155, 86.02845131196594, 86.05777732175865, 85.47092196583095, 84.18839048711607, 84.18839048711607
95.16, 95.39610747543462, 96.18075744084449, 90.06129726192994, 91.45946889844099, 93.32911878264012, 91.99478088635372, 87.54946168463778, 84.10845337987462, 85.25911298499855, 85.67588852209451, 86.11531181264513, 85.00796617836136, 85.81502052580596, 87.56769666095042, 86.28120128235713, 86.3532792425873, 84.50371598688248, 86.44047830328122, 85.8926009680988, 87.46241610824116, 86.2708102057572, 86.23887471785932, 87.1734390234492, 84.18839048711607, 84.18839048711607
95.88, 93.57125957405641, 92.62711842368437, 92.33646664162632, 92.79007145141118, 94.23605523479958, 94.80798481521002, 93.04118486330918, 91.07283858663628, 87.83317135680436, 85.67588852209451, 87.57210960079904, 88.95848677816993, 85.81502052580596, 87.42675779576156, 87.35652170721711, 86.77313061355505, 87.14998302152975, 87.61129269460989, 87.55068017257746, 88.64245631354163, 85.73955026425601, 85.17309798746953, 86.28168962900024, 86.61426522675414, 86.61426522675414
96.56, 94.8480584025354, 89.13980993382006, 87.39265916219674, 86.93879966084212, 87.34998762149272, 87.08898669620923, 87.84658152765469, 89.13038337154639, 85.25911298499855, 85.67588852209451, 86.9283743237753, 85.00796617836136, 85.81502052580596, 85.60690180943824, 84.75618479052292, 85.88922846168357, 86.91384156023311, 88.55323529224653, 88.39311285463833, 90.33392970817395, 91.51379757357086, 90.2977211538131, 88.95158980226971, 87.468733820029, 87.468733820029
96.82, 97.78064445086166, 97.86077296119757, 95.75612656853465, 94.14564847730605, 96.5376252826627, 94.3084003735486, 93.41735844242187, 95.01181441937412, 90.97978389326005, 89.04378166643484, 88.17282148656996, 85.00796617836136, 85.81502052580596, 87.66950019872036, 89.20069935356716, 88.93679986014678, 90.04072795550265, 87.96200035606515, 87.10383324198817, 87.73929100488621, 87.19167693517427, 86.53920669037477, 86.93258385137062, 86.69703877223479, 86.69703877223479
96.98, 95.39670131701105, 97.30506998181565, 94.09645772237891, 93.31383718900105, 91.66526367324921, 91.94352750965926, 89.09084542071939, 88.88436847634334, 88.58186899737119, 86.76155355327226, 84.17834927434514, 85.5975794641522, 85.4635935179764, 84.31369739456835, 85.08701266995769, 85.88922846168357, 87.16151168842325, 88.5775581367856, 87.78302835568205, 88.38550430971982, 89.26575458601174, 86.87479039935418, 86.8216370100647, 87.35119635227652, 87.35119635227652
96.8, 97.050431466341, 94.85402754995536, 95.47172144748828, 95.09749500859267, 96.77994153407185, 94.7549734560692, 92.70709309416979, 93.49229814805895, 94.00926482058357, 94.02591468444781, 87.43766417528556, 87.64608345005297, 85.81502052580596, 84.31369739456835, 85.96572609356966, 85.88922846168357, 87.49813784112493, 85.00018066883199, 85.44129865114894, 86.887624061751, 84.32939815556858, 85.82486939312408, 85.16981814101375, 84.18839048711607, 84.18839048711607
95.81, 90.46876964057864, 91.73831556031023, 88.01747757259619, 87.23080922012599, 84.10957757803895, 85.48961899980043, 85.4829156262004, 84.10845337987462, 85.25911298499855, 85.67588852209451, 85.6084783543741, 87.13777773056238, 87.13183575207933, 88.42072840431831, 90.27704671558001, 90.03198965434756, 89.19887667299338, 90.76640407192119, 88.32188098519275, 87.87859499975112, 86.8095391644641, 86.02019755237036, 84.98406826740512, 85.66834569095839, 85.66834569095839
95.15, 85.0, 86.0547919094141, 87.05543027603645, 85.23550999868904, 84.10957757803895, 85.48961899980043, 85.65316355488953, 84.10845337987462, 85.25911298499855, 85.67588852209451, 84.17834927434514, 85.00796617836136, 85.81502052580596, 88.14564882231362, 87.502441145626, 87.5224087518746, 87.29745259755393, 84.52382558249198, 85.8926009680988, 84.73326827916155, 84.32939815556858, 85.82486939312408, 86.06486808669348, 84.18839048711607, 84.18839048711607
97.22, 95.1768852464542, 96.52404188732241, 96.21589063121866, 96.79844313385826, 90.72405073499954, 91.40029512705456, 91.57638526261678, 93.52520808208706, 89.92050731185985, 90.47458554765993, 92.49765708110985, 93.17375338906479, 92.40846729853253, 93.80642772035347, 94.91188335206037, 90.49738817651424, 90.71427311421066, 89.92190218237967, 88.41287909517224, 89.9328039975046, 91.44100778880838, 87.85141275780518, 87.62538679989336, 87.68596762025913, 87.68596762025913
97.66, 94.08533928780253, 95.90607072985038, 92.75453813354952, 93.57966184794519, 93.53241280457954, 91.78836555175465, 90.35671785388034, 92.29093846275615, 93.43074644371752, 90.4964504329353, 90.78578965068034, 91.85831361055449, 91.12314012751233, 89.6400591926872, 90.8544071810418, 90.69308099530012, 92.51257563038133, 92.50954789832579, 90.94150621031801, 91.93708950042452, 92.60361184706214, 92.67315786457107, 93.65153131987488, 94.38484051248048, 94.38484051248048
97.23, 95.74362313340005, 95.57527722714384, 87.4865698809736, 85.25147394837903, 85.94123401145211, 85.48961899980043, 86.42234718753144, 88.16018004531307, 88.36214075302718, 86.77444783680812, 86.6072284572975, 86.71927037094261, 85.81502052580596, 84.31369739456835, 85.45741133269016, 85.88922846168357, 84.50371598688248, 85.21814803104806, 85.8926009680988, 85.65980701848002, 87.38811891900274, 88.10330905798386, 88.65744595156403, 90.20959446112087, 90.20959446112087
95.73, 92.56011370157086, 94.94765886498534, 94.59545732274928, 94.01298466019439, 95.93428347734702, 91.85576084714997, 89.5121324820444, 89.63053536922875, 88.15633515274074, 88.16185635296875, 88.84797771824385, 87.60007367157213, 86.29276970144659, 87.04204439095446, 86.57798688900118, 85.88922846168357, 84.50371598688248, 86.05480148290665, 86.58453818306218, 85.58671869506216, 85.37942134265326, 85.82486939312408, 86.86148431493034, 88.3697658788302, 88.3697658788302
96.15, 97.51006789718741, 97.01364691310997, 96.73826576956274, 96.9208502681391, 95.33121653353986, 96.5746307587972, 96.59024826851508, 91.41844802127247, 90.41167315998503, 89.33785940756417, 84.17834927434514, 85.00796617836136, 85.81502052580596, 86.50446071569456, 86.95453910425624, 85.88922846168357, 85.54635653492511, 85.22250234192325, 85.33995992777866, 86.83126709691024, 86.03868101603541, 86.82919132298879, 85.9362589514, 87.9328900916881, 87.9328900916881
97.81, 94.21429327827592, 91.22493170022803, 88.57103895499971, 85.25147394837903, 87.78946094631289, 88.20264043216675, 88.37423643962946, 85.59181542837706, 85.25911298499855, 86.22059441518661, 88.0089711342824, 87.85837384367103, 85.81502052580596, 87.29025027591597, 84.75618479052292, 85.88922846168357, 84.50371598688248, 84.52382558249198, 85.8926009680988, 87.20355438116674, 88.3403042844899, 89.08444122232426, 89.14391349413359, 89.56223735734416, 89.56223735734416
96.3, 97.73777353418981, 99.4285654305643, 96.14093930370926, 97.24257378350639, 98.30190583148364, 98.06711033501965, 97.79621613889869, 97.09640399592071, 97.09890313944716, 96.36392922093825, 96.25063596008911, 97.11394249529623, 96.75664670327085, 98.80093840041219, 99.7112551082345, 100.08065242914313, 99.48653066731649, 101.35021540307508, 94.76862958189231, 94.65074660239725, 94.91756294052337, 94.58020699022858, 95.2889234133881, 94.09121326266438, 94.09121326266438
95.44, 96.55287648875557, 98.77346234338178, 98.89646770071424, 99.09239980659693, 100.6728136411038, 99.80745890678382, 100.48574828515581, 102.57017476954432, 99.42219654375418, 98.83978147399084, 99.2368590490557, 100.30286767792623, 100.19600600618674, 99.08741080402628, 97.49801242672682, 96.89233664048854, 97.53707134831048, 98.94797020676967, 97.83394101683494, 97.4509363994429, 97.20205269004407, 95.71154895791182, 93.86646837321543, 92.8490521437737, 92.8490521437737
97.19, 96.31031695632419, 96.6734352723119, 94.83040182110622, 91.66521750263243, 91.9277353410667, 92.11776479227535, 92.3082310599805, 94.57819578794779, 94.51124802206103, 93.868321614253, 95.64650625474655, 94.15945349207881, 93.49688615909228, 87.46593071343223, 88.64823209489299, 88.06519334700324, 86.94985962088776, 86.69650178885847, 86.01683686503688, 85.95029173170293, 86.3813191925424, 85.82486939312408, 86.41785594261566, 88.72876370328508, 88.72876370328508
96.08, 94.75262003364216, 95.5173722036683, 94.92346454282224, 95.07805212830074, 91.31793191967255, 91.14520713023292, 89.03859412112799, 90.46365367717007, 89.1109680986367, 88.52055578140923, 86.20754644685204, 85.78636138146875, 86.20110282190691, 87.93011850741092, 88.37975508260499, 86.12169882415562, 87.93510246011564, 88.42075783977668, 87.06467819003669, 88.29987707301909, 88.69979070106535, 89.50252721412349, 88.84015523736693, 87.49890237691885, 87.49890237691885
96.48, 94.87731519410123, 95.88668943777708, 95.72176916811442, 96.77597642559532, 96.9920994431404, 93.09491672526454, 91.31063272516658, 92.57872568074276, 91.67601332429717, 89.5142250267637, 89.86412698974293, 89.36214119011754, 88.067010462286, 88.19819306376895, 88.73411290177255, 86.76617870045588, 87.41321645413706, 88.49785605322313, 85.8926009680988, 85.42048913665177, 86.2855155912422, 85.82486939312408, 87.03135340461824, 87.31457413891494, 87.31457413891494
96.46, 95.23369777313715, 93.39207198363711, 90.62116980704785, 89.85442797994656, 90.74461470990559, 91.21837638995538, 89.06848978642974, 84.10845337987462, 85.25911298499855, 85.67588852209451, 87.37302155645385, 85.00796617836136, 85.01862279078178, 86.6762354878501, 86.58098770589956, 85.02136769955366, 85.30878303228997, 85.86199152163188, 86.49098271407547, 87.36842032986038, 88.35759140792267, 87.68671970114558, 86.95121839648588, 88.50153278434675, 88.50153278434675
96.34, 96.92011775383429, 96.52900501881672, 96.29941512201356, 91.57850817963927, 89.21649184546018, 86.7457539694541, 86.38314870327474, 86.18443690851188, 85.25911298499855, 85.67588852209451, 87.62297291205604, 85.7720306031132, 85.81502052580596, 87.75244261098526, 87.37457322755124, 85.0984404901429, 86.93928788437694, 84.52382558249198, 85.8926009680988, 85.89203691945735, 86.59769749013252, 86.66847355971213, 87.93696119866476, 88.37802766269218, 88.37802766269218
96.61, 96.27578405838491, 95.64503214752932, 94.4171895549214, 94.11176289699851, 95.37407496672914, 92.56643283371685, 86.74063011582304, 84.10845337987462, 85.25911298499855, 85.67588852209451, 85.69225283635924, 85.00796617836136, 85.81502052580596, 86.2475093228719, 86.71651169930126, 86.31681242884844, 86.16637264909205, 85.09685172996953, 85.30795148229511, 86.42809935373793, 85.78226834440545, 85.82486939312408, 86.13060915191605, 85.22856549348543, 85.22856549348543
95.09, 94.84442733336112, 96.69129421171652, 95.79762809298245, 95.39085454152436, 97.15208187468312, 96.46326790308456, 96.94462943576497, 98.43495982175307, 98.8901335973516, 97.96364574363832, 99.42382131652215, 100.11109647163704, 100.86785155767022, 102.94954927145352, 100.2355630222963, 98.49952504850644, 99.86330783941347, 98.4358671803796, 98.93220559878205, 97.15656450725248, 97.72881854402874, 96.73342974833004, 96.60391415579399, 98.23222804384913, 98.23222804384913
96.41, 94.35918631176203, 96.14803467304827, 95.81713654702001, 94.25104951261577, 94.85095920394424, 95.08883193741153, 95.71208516066375, 96.00650718016708, 93.69362651867657, 91.78657682655994, 91.70365583845994, 85.0541033038346, 85.81502052580596, 84.31369739456835, 84.75618479052292, 85.35660598340627, 86.57162397851901, 86.31638430772588, 86.18103369292052, 84.73326827916155, 84.32939815556858, 85.82486939312408, 87.42220692110128, 86.6277028380288, 86.6277028380288
96.44, 97.76191539121848, 97.18966806631242, 95.16491666520695, 93.97196418649857, 94.59178593440126, 91.83627155820668, 91.27636992435505, 93.46845375263825, 92.6906453494704, 91.66094822508397, 92.75404599392259, 92.74808785865837, 92.40066967446482, 92.29116048886179, 92.39605779043848, 91.09070704388084, 89.56082125245096, 90.2859821955033, 87.42799498739953, 85.09076209972865, 84.32939815556858, 85.82486939312408, 86.7417682420951, 84.18839048711607, 84.18839048711607
96.5, 97.34284636196811, 97.44104912058852, 95.45931096147176, 95.65157064904714, 97.8742089836536, 97.96227705768233, 97.49637582103905, 97.79386488037466, 96.05691050828435, 93.11566979468029, 91.56577575580147, 91.40468655296127, 88.65745229865678, 89.4142291762019, 91.09404009304303, 90.60174736731143, 90.57118425392981, 90.59593198695421, 88.21703916683056, 88.320258060167, 89.34463560654459, 88.79710740738238, 89.78286262102635, 91.83784818173724, 91.83784818173724
96.37, 96.10337608320553, 94.64456929460094, 94.79689554418528, 91.77889645340345, 90.06018306172756, 88.19054217489735, 88.16441683409485, 89.77780400591828, 88.30954056900488, 88.36861609553662, 85.34513784245088, 85.00796617836136, 85.4807286490835, 84.31369739456835, 84.75618479052292, 85.88922846168357, 87.3424230081133, 88.35799185772434, 87.27162248501084, 85.65728373040473, 86.68875510165962, 85.82486939312408, 86.83198154717, 88.36086517795094, 88.36086517795094
96.68, 91.35504597423507, 93.10645159734608, 90.63252566441403, 90.944957934142, 87.77242889421845, 85.62669190688241, 85.4829156262004, 84.10845337987462, 85.25911298499855, 85.67588852209451, 85.02127875374806, 85.00796617836136, 85.81502052580596, 87.92065172201265, 88.0263999467779, 85.5969820407733, 84.50371598688248, 86.03490991848842, 85.8926009680988, 85.24430067532946, 87.23313689850843, 85.82486939312408, 84.98406826740512, 84.18839048711607, 84.18839048711607
96.41, 94.144352026223, 94.92520605648922, 92.7697044577343, 90.35461967217984, 92.04434769387495, 91.48723705710371, 92.1028643035818, 92.6562442870208, 92.04744392970163, 91.07766190622691, 84.17834927434514, 85.00796617836136, 85.81502052580596, 86.34910227242395, 87.9231568686026, 85.88922846168357, 87.99819592991525, 89.97083268828663, 90.15599081638696, 90.54524939801387, 86.46946339371961, 85.33692675081424, 84.98406826740512, 85.37430815175455, 85.37430815175455
96.34, 91.95418183471625, 92.91398868245865, 91.93654248675044, 92.78127013184276, 88.44724692510664, 88.28206375045735, 85.4829156262004, 86.10416078148333, 85.76256845670166, 85.67588852209451, 87.53133545223574, 88.09150503942216, 87.14696203497039, 88.51466311504718, 85.03818773628304, 85.88922846168357, 87.39292832444748, 87.90099542546906, 86.8120951174381, 85.61144823586423, 86.72373255291228, 86.44387803639908, 87.63324768472317, 87.5679570670558, 87.5679570670558
95.45, 95.88517431671488, 97.42680144629998, 97.93034360086945, 95.05401991929888, 94.71606894529677, 92.2848467566145, 90.11309081490627, 92.26408489513413, 92.65959432136405, 90.72475295694053, 92.12516358248918, 93.1663243378515, 93.3753579052416, 90.12032129909021, 91.12505585331277, 90.34199552863487, 88.88181973034985, 86.53953316355886, 85.8926009680988, 84.73326827916155, 84.32939815556858, 85.82486939312408, 84.98406826740512, 84.18839048711607, 84.18839048711607
95.49, 93.02798161594248, 94.77925903518992, 92.24543262422631, 90.85423019241082, 91.34031854698364, 89.17488471879868, 87.76569022323315, 88.89210881146577, 89.42201203112329, 87.26635854280175, 87.03826282037234, 88.3573473431449, 87.83724962078904, 84.31369739456835, 85.29714931878567, 85.88922846168357, 87.5457683537978, 87.58991262330579, 85.02263865608774, 84.73326827916155, 86.16096738535836, 85.69614057193532, 87.07785369930947, 85.4399265568213, 85.4399265568213
95.76, 95.3661576459452, 94.41810182127048, 92.54971457770556, 90.52600445053467, 86.60826614009879, 85.48961899980043, 85.4829156262004, 84.10845337987462, 85.25911298499855, 85.67588852209451, 85.84212820369862, 87.29386568168138, 86.9787888066245, 85.82907651764219, 85.98760755363692, 85.58339418078968, 86.14449465602812, 84.52382558249198, 85.8926009680988, 84.73326827916155, 84.32939815556858, 85.82486939312408, 85.15422257288236, 86.19441414108995, 86.19441414108995
96.44, 95.79592805926464, 97.81177608528041, 97.73559999460203, 98.61559803548592, 97.98900265045494, 96.82847089490473, 97.85905222777046, 98.26981421740304, 97.3603636858331, 97.41532932525642, 93.12912673870836, 93.35143899096502, 93.73861066465226, 93.16598063720723, 92.89547529525412, 89.9782522382935, 90.7797126184492, 91.61068294321566, 90.5829863641214, 90.95450446449978, 87.42218102756367, 86.61280191972052, 86.61822477675639, 84.18839048711607, 84.18839048711607
96.42, 95.72847126603101, 96.90372110173199, 95.44947534168838, 95.59152710775018, 93.35023059393087, 92.62623299319246, 90.6193280311988, 91.85524084119798, 87.1677253055063, 86.53265603979374, 89.03917675320488, 88.70600135846004, 87.84392919400794, 88.97239603219977, 88.72693115372675, 87.82263145540381, 88.8107069626836, 87.29313143460725, 85.8926009680988, 84.73326827916155, 85.69222489015787, 85.82486939312408, 85.4489880203271, 84.18839048711607, 84.18839048711607
96.6, 97.06332996360118, 98.140870982532, 98.03810743291588, 91.34355176424968, 91.47804810446611, 90.608416833289, 87.91202724742067, 85.50040302186812, 86.21120054809847, 86.65491462017755, 86.74183566649025, 86.45825102199167, 85.38841999728054, 85.69187340516609, 87.25993878749775, 85.88922846168357, 87.56557996337216, 84.52382558249198, 85.8926009680988, 86.31674358289665, 87.13739503076633, 85.82486939312408, 84.98406826740512, 84.18839048711607, 84.18839048711607
95.5, 96.46589065764145, 96.4184141285978, 96.63176225396721, 96.79904990031152, 97.13913758846057, 96.24526727475603, 95.77280359351542, 96.31169030155786, 96.30417176738788, 95.49737277202232, 95.62274713360465, 96.13681290598672, 95.4030052443984, 96.39027879162666, 97.02112924950409, 91.36079224034268, 92.66426839588748, 91.48186426360868, 90.19391815797374, 91.41507114691134, 92.74612955862935, 90.09555285484156, 91.20905955865155, 90.25447022577283, 90.25447022577283
95.9, 97.42740717518141, 96.71292748389908, 96.76338025354065, 95.22910727614484, 96.0086883682822, 96.59830176175642, 92.47810164251148, 92.48507100924589, 92.97289898483373, 92.66199148639623, 94.62684809057744, 95.6062619099514, 93.53749291276186, 95.26478143666556, 96.37285634552809, 95.28721194021115, 96.85604940714299, 96.94689838847319, 91.44451806758855, 91.65615923583927, 92.22754673183948, 85.27853808077856, 85.03858033975757, 86.26026936519814, 86.26026936519814
95.82, 97.29410469144129, 99.23029939229585, 99.68525738404105, 98.69568316167937, 101.08858662093924, 97.54719497520554, 93.66363674886131, 94.44463756736293, 94.823434595811, 91.70171885129254, 87.4594175657221, 85.00796617836136, 85.81502052580596, 87.58227808684896, 85.2055158483778, 85.88922846168357, 84.50371598688248, 85.23790827468952, 85.8926009680988, 84.73326827916155, 84.32939815556858, 85.82486939312408, 85.16077418429184, 87.18769547248705, 87.18769547248705
95.76, 97.09855881009862, 94.47006482346336, 94.4801212240349, 94.78728985284306, 95.74421735169558, 91.48683873648966, 89.64901239503118, 91.59282450873867, 92.7513539036108, 93.00881959380587, 93.19337867708961, 91.15574969166113, 91.5019581005958, 93.86168532050695, 91.73801897477195, 91.26075884953174, 93.13513246563011, 95.3153068022622, 95.15638048626482, 94.76569240604732, 95.9314042229318, 95.76530801218004, 95.3814369206296, 95.33708234495603, 95.33708234495603
95.88, 96.58258777325779, 97.26658676301734, 95.92451075828025, 93.54238001705275, 92.45107164589899, 90.74170109507617, 90.06514702928116, 91.63011924504903, 92.42529768725188, 89.32149730938536, 90.89804281199342, 90.34102789937117, 85.0697737763718, 86.69875397069276, 87.37496612852144, 87.23058525576845, 88.96270665835235, 90.7291877419408, 89.3272509275367, 90.77161322511098, 89.73798470905756, 87.69574038348061, 89.08121159290702, 86.92958750341441, 86.92958750341441
96.19, 97.65099787989038, 96.11319022765518, 96.82383435610369, 96.69641268914232, 89.5283140125858, 88.65100101506765, 87.89309358020137, 90.39215572599765, 89.01871188907478, 87.46520666121683, 89.11677164383968, 90.18003119486302, 89.48171736805162, 91.14686375280685, 87.91950696037529, 85.88922846168357, 84.50371598688248, 84.52382558249198, 85.36390198378376, 84.73326827916155, 84.32939815556858, 85.82486939312408, 84.98406826740512, 85.58002422915978, 85.58002422915978
95.86, 97.36014674890508, 98.92859944902959, 94.20076699017417, 93.77196228969461, 93.82783963461794, 93.9657607941994, 89.45245370100434, 88.28066062097439, 89.1403583595666, 86.92668238629145, 84.17834927434514, 85.00796617836136, 85.81502052580596, 85.43242366934221, 86.51527819445631, 87.18301954281925, 86.81458242080284, 86.10093403798793, 85.8926009680988, 86.15204943090905, 84.32939815556858, 85.82486939312408, 84.98406826740512, 86.37246975442531, 86.37246975442531
95.99, 96.66273259049069, 95.8014188155088, 95.78047166195965, 96.20366961576177, 97.26657941403002, 97.53183451293754, 96.3888606542595, 94.82884189231402, 94.327834113444, 90.66214581024849, 92.65074103694785, 92.2994426466253, 92.98743938623718, 93.03871552687079, 91.77724567741018, 91.38059625369067, 91.73407608215517, 92.78203549700174, 89.09846612076026, 89.28691988632933, 90.24332550509934, 85.82486939312408, 84.98406826740512, 84.18839048711607, 84.18839048711607
96.05, 96.26987491223431, 95.30904724517144, 94.66782196209536, 90.2674589719626, 92.71672684530654, 92.13475904486859, 92.713581010676, 93.36222204680311, 94.59086135695337, 92.10301687828922, 90.2072185898304, 90.12073125819148, 86.55592524104566, 84.31369739456835, 85.43989440483604, 85.88922846168357, 86.9765827249728, 88.29747779292664, 88.20570496689307, 87.26243136755681, 86.6206916658051, 86.31187814041012, 86.24682469160717, 87.14454030233709, 87.14454030233709
96.3, 97.00223659754374, 92.14634893064289, 91.18391952451499, 85.71183349767871, 84.10957757803895, 85.48961899980043, 85.4829156262004, 86.94890456770521, 85.25911298499855, 85.67588852209451, 87.08743349596357, 85.9253322580112, 86.05765935628301, 86.47634410057454, 85.50129169777449, 85.86083304012068, 86.99426784472907, 88.67080281966678, 88.82445118022505, 87.82028051866261, 84.32939815556858, 85.82486939312408, 84.98406826740512, 84.18839048711607, 84.18839048711607
96.38, 94.8835038145871, 97.15943585973251, 97.87692329267897, 94.55444070770181, 95.25396896510789, 94.1269701441298, 94.68123697871495, 93.04803841037825, 91.00402165004915, 87.13787684152179, 88.58437164703601, 88.76615474073436, 86.86409527807912, 89.20383202692139, 88.8311281934884, 87.63130265921403, 87.98333855311749, 89.59774106661293, 90.31908291768075, 90.88196712548465, 91.19619014795731, 90.54018679385148, 90.98763363668058, 92.01561444372959, 92.01561444372959
97.56, 96.9662717332058, 98.1916069157183, 95.89226320950334, 91.08681847544132, 90.26884170648853, 90.6372531582356, 89.49726891141798, 88.63212517503584, 86.79246700500444, 87.2126293170779, 86.38089590082552, 85.00796617836136, 85.81502052580596, 87.98137017218097, 84.75618479052292, 85.88922846168357, 87.28110078507007, 88.52092414094255, 87.73138912847307, 87.77274071234135, 89.84612488045472, 90.0314333992371, 91.24848634441562, 92.44974959573841, 92.44974959573841
97.19, 96.50410800775117, 98.62034789634897, 96.13599710372779, 91.85726906079645, 92.96884094092485, 88.9259103405128, 85.06999819132388, 84.10845337987462, 85.25911298499855, 85.44350231853207, 84.17834927434514, 85.00796617836136, 85.00062001014076, 85.57658697638709, 84.75618479052292, 85.88922846168357, 86.83015051246208, 87.48145501005726, 88.06500970844111, 89.11128379648758, 87.97770094809171, 85.18628425884367, 84.98406826740512, 86.0411384650715, 86.0411384650715
97.08, 98.56275213828319, 97.2541597146877, 96.95023269695689, 97.23060687617496, 97.9297739433063, 99.05977990320875, 94.39276447463831, 94.12379381861692, 94.59457173980752, 94.02601644496882, 94.03231473708273, 95.0305874615589, 93.32886540337306, 94.71629192465856, 94.02206714754573, 94.40706440508549, 95.32859731893265, 95.44292405707063, 93.13165688048538, 93.42433066438352, 94.58673344762472, 91.56420697557563, 92.45716730511212, 93.54864230560916, 93.54864230560916
96.22, 97.14071765416436, 97.5321495844249, 91.14198459265036, 89.53132286878153, 90.91891975409693, 89.26266170511288, 88.77813249656205, 85.97158033264488, 86.50088859188153, 85.67588852209451, 86.74662571174268, 85.00796617836136, 85.81502052580596, 84.31369739456835, 84.75618479052292, 85.88922846168357, 86.09903919510923, 87.02603543177878, 87.13491844923047, 88.17892321940312, 90.31262913037332, 90.72824615230654, 91.24450204859664, 89.64438217396986, 89.64438217396986
96.37, 96.37597462717945, 95.07058481954323, 95.50545750204869, 93.1711831791765, 93.27828884633668, 94.46303938834497, 93.88686689703451, 94.6011540781134, 91.11975793429222, 86.87150609550622, 87.81856843420236, 87.50208665510004, 85.81502052580596, 87.44213114086523, 86.73680049916567, 85.88922846168357, 85.21517164954498, 86.50144077923186, 85.96138208806207, 86.28721800090409, 84.32939815556858, 85.82486939312408, 86.534207797211, 86.22231225770419, 86.22231225770419
95.84, 96.83679781588359, 97.80982417778229, 94.63474420234232, 94.2087631355855, 92.59504166811112, 93.4943005370955, 94.4320674071617, 96.04883446644571, 95.54528609237774, 95.53638743181682, 95.46800244196193, 94.41271831185708, 92.74492760909932, 94.19708080805304, 94.41931335290185, 94.60478065099434, 95.98786140018112, 95.30383355058206, 93.06207237002566, 89.0768246798216, 89.60932805766933, 89.09472415088473, 89.34997047652352, 88.42730431069442, 88.42730431069442
96.39, 95.39747982894319, 93.44912701079544, 94.33755682330107, 93.15728905326407, 92.81523663654555, 90.64080477265283, 90.85719383125075, 86.56117417397797, 85.25911298499855, 85.31108384847073, 84.17834927434514, 85.00796617836136, 85.81502052580596, 86.0325305621451, 87.4921886018725, 86.20537405925008, 86.17454809414261, 86.26873964770543, 85.6189843726348, 84.73326827916155, 86.1170689713624, 85.82486939312408, 85.63665558771889, 88.22230744817047, 88.22230744817047
95.48, 94.2443396393773, 92.7223865273792, 87.93768668631284, 88.98951806817544, 89.9324614560573, 89.74543883028758, 90.63039906688965, 91.31371702858837, 89.6573125704402, 88.99418673246078, 91.21531493299722, 92.4045939859646, 92.74685759381944, 93.05009974080149, 91.22415866690055, 91.27283477895232, 91.6942020715654, 85.9355376287361, 85.65785709142665, 84.73326827916155, 84.32939815556858, 85.82486939312408, 86.25902312316241, 86.92399236837845, 86.92399236837845
97.16, 97.68444638810311, 99.03094898483904, 99.15842294653756, 99.67040066699266, 101.98247699567062, 101.63729000504331, 96.23193575801288, 92.21656917072248, 93.04619961306598, 92.39790581547463, 93.18454336679201, 94.0173287872138, 92.79336305000119, 93.55713471102227, 93.18538305078427, 92.82854216802302, 93.98400505363719, 94.33889589082219, 93.54584227546584, 88.42735700239606, 89.77944886239936, 90.49617659465757, 90.12243499241687, 91.13266536839747, 91.13266536839747
96.31, 95.81185923214716, 94.49018153501663, 92.37137018359094, 92.09843343529884, 94.33122102079066, 93.73116978276933, 93.80543249857895, 95.69832453870903, 92.85981717116016, 87.6071698134794, 88.19686478693626, 88.95760081485646, 87.84317109119529, 85.42737713820873, 84.75618479052292, 85.88922846168357, 87.68685063324948, 88.68909119496973, 87.67255887145257, 87.78598619468035, 89.47151295475352, 86.09620908580621, 86.9754071018219, 87.7428495652988, 87.7428495652988
96.49, 92.87544494183336, 94.3409650575268, 95.10826209879853, 91.82855195046169, 92.33904497253208, 86.42286684938746, 85.4829156262004, 85.45932219491968, 85.25911298499855, 85.67588852209451, 85.85353301309519, 86.6500862554389, 85.79164409565662, 85.140092355214, 85.0252542601199, 85.88922846168357, 86.36628088931825, 86.81589351740112, 85.8926009680988, 85.72723580528576, 85.68014245935562, 85.82486939312408, 84.98406826740512, 85.7953170391422, 85.7953170391422
96.28, 97.70900108878239, 96.13596813277015, 96.84738864820402, 96.77707400374514, 97.57705755389482, 96.69023924387119, 96.61946412238552, 96.4611625198454, 97.30134836594024, 95.61038517133552, 96.32315110959351, 96.35649153545211, 95.14707791628516, 88.6748061872757, 87.984430629979, 87.75667907968631, 88.56539269164728, 90.41804520410138, 88.93409536085802, 87.57929370870964, 84.32939815556858, 85.82486939312408, 85.97641037364876, 86.41182432573711, 86.41182432573711
96.62, 95.03416603071527, 91.64949246275253, 92.286531047431, 91.96863439671888, 89.49545515982673, 89.79453009931201, 88.66288551492637, 88.96530993620074, 85.25911298499855, 86.36969460385863, 88.18648728163197, 85.00796617836136, 85.81502052580596, 84.31369739456835, 84.75618479052292, 85.88922846168357, 87.33411803855952, 89.26732198372689, 88.48680534627591, 87.72741370007766, 88.68583221261557, 86.75205043096403, 87.28591672284425, 86.94168161491051, 86.94168161491051
96.2, 94.72263481565632, 95.13429166270771, 95.03369374474654, 95.98075737024482, 98.35937574133787, 98.33449388526807, 95.50816290072692, 96.72278340675884, 96.94572775249479, 94.66875433811371, 96.46579058755391, 96.09270513737309, 95.88766321078081, 94.56775974893655, 93.33375934106367, 92.68084776971502, 90.05600956553984, 89.15221322271186, 85.8926009680988, 84.73326827916155, 86.42705693240933, 85.82486939312408, 85.61815339913701, 86.2736368740721, 86.2736368740721
96.35, 92.61521148467999, 91.85374847418466, 89.20953270643699, 87.07585103592398, 85.34846968748971, 85.48961899980043, 85.10959236629046, 85.8591115755329, 86.17458091778781, 86.85410900798247, 86.9270070683037, 87.6842917062655, 87.56719262479038, 85.04957095256809, 85.89786538029108, 85.48105037676174, 86.2606256174589, 87.65549560600036, 87.6035848825286, 88.39656323842684, 89.67769185755591, 89.91995220245752, 87.88389398598657, 87.20946123125253, 87.20946123125253
96.1, 97.37485474039502, 93.73110298529426, 90.55653737000378, 91.42861261669569, 88.47132463495863, 87.48666656072884, 88.7310300116264, 90.1570914898268, 86.03549969480405, 85.79154657856468, 87.78680677619987, 88.29831030644203, 87.32791306405163, 84.31369739456835, 84.75618479052292, 85.88922846168357, 84.50371598688248, 84.52382558249198, 85.01043242005827, 85.26745744295711, 86.27850777685393, 86.38619824259538, 85.26524099355163, 86.32266202475742, 86.32266202475742
95.59, 97.12540837194152, 92.85490966315159, 89.77631177489722, 89.61838173199291, 88.42973369478801, 85.57571787255505, 85.4829156262004, 85.2787192054147, 85.25911298499855, 85.67588852209451, 87.79791965220186, 88.27147663178138, 88.39711374265923, 86.71191603143876, 84.75618479052292, 85.27386707731807, 87.10652904975193, 86.92321151891795, 87.4673311249328, 85.90518020557082, 86.78691737642714, 86.83913374238982, 87.31999492423029, 85.30648026436782, 85.30648026436782
96.54, 96.58765707849749, 98.56724948731853, 98.23556010568869, 98.21227926860027, 96.7099857942904, 95.65705425985477, 96.70019562110714, 98.80779633043453, 94.21140355260037, 93.88927688021245, 94.19350569118293, 95.41045719955089, 94.87029173435172, 96.1665985240725, 93.82565938735414, 93.43640271671453, 95.16190312266892, 90.08288144080466, 88.99212418054655, 88.7158090494496, 84.32939815556858, 85.82486939312408, 85.1482397055524, 85.03823435226992, 85.03823435226992
96.68, 97.00069490323969, 98.1278424583181, 97.75059328630546, 98.03520408367653, 96.93811443092432, 95.30525724455603, 91.9895215303031, 91.15057681414149, 91.04844866927364, 90.27257799379899, 88.85555983333799, 86.68961307311976, 86.83703504825937, 86.11531859028528, 87.39230926381623, 86.63069111875765, 84.50371598688248, 84.52382558249198, 85.8926009680988, 85.77590693627681, 87.54457554289674, 87.24001312062337, 87.6881147635054, 88.1395038693354, 88.1395038693354
96.03, 94.87989598382413, 92.72337640786249, 91.72273877662688, 85.37134232126483, 84.10957757803895, 85.48961899980043, 85.4829156262004, 86.09094121960332, 87.27730137513313, 86.09643108514227, 87.70439317961959, 88.17775560976905, 87.41850243572058, 87.13832333758508, 88.3374010781274, 88.03811951542102, 89.38293060312168, 89.47389463645318, 88.54197987495785, 86.0124934776252, 87.67685840592168, 85.92659916070419, 87.16657138128691, 84.18839048711607, 84.18839048711607
95.49, 94.9515347484515, 93.68486736948012, 93.45576673153145, 89.74991530481964, 89.4441426920166, 88.75303689406793, 88.40175716824155, 89.8562041898699, 91.27412956755708, 91.4572452636926, 88.7165000036083, 88.22142312915014, 85.81502052580596, 84.31369739456835, 84.75618479052292, 85.88922846168357, 85.33997425329419, 87.13886274491284, 86.07779908570828, 85.9598342992941, 84.32939815556858, 85.82486939312408, 87.3947315747386, 85.69277969956252, 85.69277969956252
96.63, 90.09671788273972, 90.33653610757293, 91.13529475304213, 91.56963525565921, 92.9394799594794, 89.27581493726632, 88.0990932327667, 88.51953375333221, 88.7596452326982, 87.22395868684072, 87.44587361443192, 85.00796617836136, 85.81502052580596, 86.58885149772117, 87.3128625624703, 85.18501428107099, 86.8194991545883, 87.28267382444157, 85.0955253903732, 85.43163945124277, 87.06601842263956, 85.97499058939133, 86.53674628960232, 87.69103658538627, 87.69103658538627
96.33, 96.84588929937836, 93.73694173622853, 91.69300982638536, 89.6036924571907, 91.77678777909259, 90.69874468689663, 89.60795354919196, 88.34515712459708, 87.784481683858, 85.05446588637271, 86.64624591398417, 85.00796617836136, 85.66360977762284, 84.31369739456835, 85.34269058072297, 85.88922846168357, 85.80890106973857, 86.78335842318829, 85.42848081551742, 86.3048393503232, 88.30830737124936, 86.46055404635284, 87.44461457098966, 89.25437994440858, 89.25437994440858
96.13, 94.2322967649583, 94.13315026949827, 93.36202457218556, 87.55828671236057, 87.79075459204984, 86.35758502240236, 85.24034720692967, 84.10845337987462, 85.25911298499855, 85.41081153720667, 86.62296251664159, 85.64501219612599, 85.03326026540958, 85.18360668446917, 84.75618479052292, 85.18941891877029, 86.16790665007005, 87.98674974922874, 86.60630264508266, 85.74563072181977, 87.81263482767153, 85.82486939312408, 87.39765999207746, 89.0136074124162, 89.0136074124162
96.23, 97.57642640217206, 97.55253991290385, 96.50538521173168, 91.36745919362703, 90.07596320587706, 86.48387171192354, 85.4829156262004, 86.17938769648485, 85.25911298499855, 85.69217043629023, 86.03487060632858, 86.54354635562072, 86.45223394841074, 86.22800541077567, 87.57539383451116, 85.88922846168357, 86.558741698467, 87.90736721886886, 86.04353602709602, 85.45716565270526, 84.32939815556858, 85.82486939312408, 86.5220932066755, 88.87147864074637, 88.87147864074637
95.47, 97.16903325853032, 94.97158734866656, 94.8780961327516, 91.05208596108692, 90.38259890608073, 87.2366013519973, 87.4738566448267, 88.85313220577423, 89.16032400063861, 85.67588852209451, 87.6630168209327, 88.21962970652355, 87.32442466480369, 89.54731379164664, 86.25648669152038, 85.88922846168357, 84.50371598688248, 85.67554708478056, 85.17715800047138, 86.05157371314331, 87.39609033026801, 86.15115685016637, 84.98406826740512, 84.18839048711607, 84.18839048711607
96.45, 94.5929161409395, 95.43221645839246, 95.925304385711, 92.71978785610118, 93.01671897078941, 93.79132775596453, 94.06563195530596, 94.07901178120103, 87.33929340331753, 85.67588852209451, 86.33796031972153, 85.34681050685973, 85.26879590255777, 84.31369739456835, 85.70260258211698, 85.49689294192208, 85.9748783143953, 87.13102614678652, 85.8926009680988, 85.50244090035699, 86.08339149129395, 86.88848996614959, 84.98406826740512, 86.8330302759615, 86.8330302759615
96.37, 96.30315540676723, 97.17209188101081, 97.13687457031591, 95.54133772516525, 96.37564121837461, 97.53122306383881, 96.7675318368028, 97.15739322379814, 95.44273847425046, 95.57607868688171, 96.66480322700188, 92.43630487718897, 92.38866449976817, 90.76371541824808, 90.82630163378101, 88.37975166159774, 89.03314485213356, 87.14858632516876, 87.55754156168621, 85.0794825078975, 84.32939815556858, 85.82486939312408, 84.98406826740512, 84.18839048711607, 84.18839048711607
96.12, 93.09897458816927, 94.81448150396507, 93.21066333177168, 91.23832009200379, 89.11436048465424, 89.07634650142683, 89.10386970633738, 88.73597836557536, 88.83963605297791, 85.67588852209451, 84.17834927434514, 85.83487121265637, 85.81502052580596, 84.31369739456835, 84.75618479052292, 85.88922846168357, 86.75214294447383, 88.22288893287033, 87.3445968626557, 88.15270851198831, 89.55308977225197, 88.34403629208724, 88.33200507917115, 90.0809092562043, 90.0809092562043
95.53, 95.48134837746647, 96.02077749511656, 92.81212021467162, 87.739514368749, 88.34740509664368, 88.4557061415218, 85.4829156262004, 86.89300032939599, 85.46899525746828, 85.67588852209451, 84.17834927434514, 85.45860340061243, 85.81502052580596, 86.90393443172285, 87.27079913131413, 85.88922846168357, 84.50371598688248, 86.34028499416418, 85.69726067031044, 84.73326827916155, 85.03155212740565, 85.82486939312408, 85.22481328468314, 85.92406825432519, 85.92406825432519
95.74, 93.91075828008408, 91.9709286404213, 90.65398569561185, 91.33683100152179, 90.94435965287992, 87.63538751894066, 85.4487403776401, 84.10845337987462, 85.25911298499855, 85.16389131978173, 84.17834927434514, 85.41432362022991, 85.81502052580596, 84.31369739456835, 84.75618479052292, 85.88922846168357, 87.97470440071916, 89.57552996291072, 88.37518754776319, 88.4604328181881, 89.21807059779597, 87.92421000879922, 86.63679653219042, 86.91145407539649, 86.91145407539649
96.51, 97.10004932546036, 97.88670695697105, 98.54203539434694, 99.4930414075365, 100.66659034648832, 98.1686204060857, 88.66080219985784, 90.96514939486478, 85.120372630813, 85.67588852209451, 84.17834927434514, 85.00796617836136, 85.81502052580596, 87.3297914190297, 87.72708886245418, 85.88922846168357, 84.50371598688248, 85.88220278686586, 85.54179639839028, 85.9945199155806, 85.99008264475276, 85.3373116526125, 84.98406826740512, 87.50567324242469, 87.50567324242469
96.53, 96.22507744058647, 97.98450107135164, 98.0237720738068, 96.41617369667813, 95.67087432718309, 95.34318241530725, 95.36567092459944, 96.36901894578351, 95.510485915714, 91.33517244011257, 93.11232485311652, 90.86196868764222, 85.9042799633619, 84.31369739456835, 84.75618479052292, 85.88922846168357, 86.92503473107314, 88.27932283078884, 87.12372564673927, 87.96522105247864, 86.13404192245335, 86.19061801889053, 86.54729750846182, 84.18839048711607, 84.18839048711607
97.2, 98.17921882971196, 99.17522563534195, 96.9051784829536, 90.21139311492952, 91.7849516638549, 92.48800191477814, 91.87291436810993, 91.98282939706218, 92.51507961639007, 89.62506365326713, 88.02618873067438, 85.66707151027077, 85.81502052580596, 87.31512653057783, 85.55498103540125, 85.88922846168357, 86.20184313234697, 88.07802392560149, 85.8926009680988, 87.01719722692653, 88.54168571702303, 85.82486939312408, 84.98406826740512, 84.18839048711607, 84.18839048711607
96.41, 85.15702491292475, 84.18163231585689, 85.68112224577713, 85.25147394837903, 86.71593917987335, 87.63413605512638, 87.6832527785083, 89.7245838896368, 89.7306508589169, 85.35569866189962, 84.17834927434514, 85.00796617836136, 85.81502052580596, 87.91699282845194, 88.38934366746564, 88.39958464369752, 86.91869513486843, 84.52382558249198, 85.8926009680988, 87.38971328049672, 88.1413939479605, 86.34537715439232, 84.98406826740512, 84.18839048711607, 84.18839048711607
96.74, 95.90293732035227, 97.59135089599691, 98.24977813295052, 95.35746033102753, 91.32847788825765, 85.48961899980043, 85.4829156262004, 87.4329257620355, 85.25911298499855, 85.67588852209451, 87.28339081111787, 86.09985831019443, 85.77487116532414, 85.87035891152604, 84.75618479052292, 85.88922846168357, 87.81114207189319, 88.7073156675873, 87.5410380332576, 87.1662092795026, 88.36118605749729, 88.19441276526601, 86.66061173825562, 86.84293768387157, 86.84293768387157
96.36, 93.66690604589421, 91.35926707417124, 89.60615506068802, 86.60659155801115, 86.63938071027854, 85.48961899980043, 85.4829156262004, 87.91887847182936, 88.85261224969588, 88.592830107128, 87.56195228332776, 85.00796617836136, 85.81502052580596, 86.4192665173393, 84.75618479052292, 85.88922846168357, 84.50371598688248, 86.04001230592824, 85.8926009680988, 85.3225174653886, 86.92935521643281, 85.42401732413617, 84.98406826740512, 84.18839048711607, 84.18839048711607
94.94, 94.116907264558, 94.96551663849286, 94.60449054139131, 93.25979054774577, 94.74151159843518, 91.86849113352392, 89.6166663169502, 89.18400514632265, 90.45981379205833, 91.42462267961095, 84.17834927434514, 85.00796617836136, 85.25875188577729, 85.06913910702858, 84.75618479052292, 85.88922846168357, 85.72218646789942, 85.40269717779442, 85.11860132664906, 85.17703569407412, 86.41557227775036, 85.9578535356522, 87.68666851775161, 87.20434170118389, 87.20434170118389
97.02, 98.1892216291944, 99.01863226697327, 96.28430998285992, 96.49403171545028, 97.72956459338094, 97.89976803062086, 93.71977067966357, 93.7343620201624, 92.30757664957761, 90.56963187217168, 91.00988090093992, 89.48856592059308, 86.15437686825916, 87.16267539675886, 85.35248522434284, 85.64888125056981, 87.03771420738865, 84.52382558249198, 85.10039918572046, 84.73326827916155, 84.32939815556858, 85.82486939312408, 84.98406826740512, 86.74495672752813, 86.74495672752813
96.68, 94.36278419749435, 93.73510862805088, 94.01539534699559, 94.98615538791121, 94.301796275652, 94.86790083981283, 92.65801550526135, 94.06418512553869, 93.9909969042915, 92.22308096403259, 92.3321770182813, 90.40031533525784, 90.34165065849082, 91.29867778100065, 85.32249896906204, 85.88922846168357, 84.50371598688248, 85.82959391922552, 85.3564277755798, 86.55753117097315, 88.29722726089204, 85.82486939312408, 86.65776871087957, 84.18839048711607, 84.18839048711607
96.37, 96.50061900312663, 95.3004036294692, 92.84226953556364, 92.76492737878804, 94.81895963713654, 92.80558883449068, 91.1214146019037, 92.5282996487564, 92.64666094558773, 93.13253980390422, 92.83934064917139, 94.41670332133245, 91.47572267985083, 92.02080408613584, 92.05402336833922, 90.06745861489617, 91.1563736651536, 91.66975035201168, 90.03140798663773, 89.17303909412618, 90.16601663542583, 89.65846219643139, 90.62813725366946, 91.40367220082821, 91.40367220082821
95.6, 94.87095205045647, 96.59347370917388, 96.90252787685395, 96.80326786171359, 97.68447323322128, 95.90913835462851, 95.19676067040147, 94.75036461931653, 94.73872753653737, 88.475157447092, 89.9839384613505, 90.13547645970309, 90.4870475908888, 90.5889869873573, 90.08596982719983, 89.10898434142494, 90.2947355587247, 90.77252588924279, 89.05250229905988, 89.13906357625677, 89.88844047634919, 89.06055133429942, 84.98406826740512, 84.18839048711607, 84.18839048711607
96.51, 96.54277184642415, 97.29002289881304, 94.91858974296142, 95.01415651258169, 95.29560370551295, 90.79840300424576, 89.35249346125971, 91.87699034293992, 91.2055559522926, 89.340259615629, 91.39012407468852, 87.86896576001023, 85.32210500748263, 84.31369739456835, 84.75618479052292, 85.88922846168357, 84.50371598688248, 84.52382558249198, 85.8926009680988, 87.1494146885845, 88.1762352337021, 88.50961392159283, 89.53800769992806, 87.81445988272819, 87.81445988272819
95.51, 96.33448048104937, 95.07644220805687, 94.2350752043435, 93.10341785705857, 88.27842481868412, 87.12016833803611, 86.41075630763704, 86.73622110038161, 85.25911298499855, 85.67588852209451, 87.102080573978, 88.61877542966587, 87.29129176733993, 89.24198407639776, 86.90582704992683, 85.65494469559903, 84.50371598688248, 84.52382558249198, 85.8926009680988, 85.23481301608112, 86.20898372244635, 85.35533310321338, 84.98406826740512, 85.14746028239597, 85.14746028239597
96.44, 96.98737945206398, 97.86488556900342, 96.68898282617084, 93.69584546895341, 94.73095219576572, 94.75206163013785, 94.26575827929308, 95.30170136625293, 93.21802926028926, 90.60089866803987, 91.51407163107467, 92.33079435645469, 90.64478387516523, 92.12309229085496, 88.92162730393359, 85.88922846168357, 84.50371598688248, 84.52382558249198, 85.8926009680988, 85.40384848366982, 87.51554180208561, 85.82486939312408, 86.77768887632263, 88.35931102815331, 88.35931102815331
96.99, 96.83785580010071, 90.64190484950927, 90.43080376671223, 91.92624461975139, 91.76842329580091, 90.98790495235302, 91.3552599129383, 89.04848506712459, 87.95919883059953, 87.83940737871349, 89.20539237736583, 89.15997569650072, 88.6316440122098, 90.12995147108845, 90.42394245213978, 90.05339181401156, 84.50371598688248, 86.5529435805698, 85.8926009680988, 84.73326827916155, 84.32939815556858, 85.82486939312408, 85.05771288145668, 84.18839048711607, 84.18839048711607
95.15, 94.2427416429203, 93.55508054465943, 93.99742647392341, 93.54334926496676, 93.12418003262728, 93.19428324686427, 90.46666982787283, 92.0401062572766, 92.02341015887217, 91.90859790018844, 90.13380807619072, 89.62871855869909, 85.58240186868962, 86.14398535901226, 85.01942154889048, 85.88922846168357, 85.11470715303211, 84.52382558249198, 85.07434675352772, 85.95889774629264, 86.86625519886758, 85.82486939312408, 84.98406826740512, 85.69124810941935, 85.69124810941935
95.22, 95.98846959445126, 98.24501415828092, 98.05471029008135, 98.20842066278453, 99.79387373070328, 99.81725469971538, 98.30951269411953, 100.84539983093046, 99.63945637545761, 100.33926727911033, 101.27785475688523, 98.09150697762635, 98.14134008187402, 98.95266105223732, 94.08976493498058, 92.20015705654924, 93.84713922016712, 93.69939691478032, 90.93904921114179, 90.65213031677614, 92.56902832376265, 90.95856800228539, 88.21115673965076, 84.18839048711607, 84.18839048711607
96.71, 96.5350955441461, 98.4105770347515, 98.21647395401429, 95.49677582622138, 95.38351283004472, 93.91885095420986, 94.32109685040132, 95.89622851665447, 96.72209588763849, 94.04079481821353, 95.55383778142227, 95.60031614464707, 95.22970433766547, 96.54831277835919, 92.51661431273922, 91.82715098936269, 86.57172017483684, 84.52382558249198, 85.8926009680988, 84.73326827916155, 84.32939815556858, 85.82486939312408, 85.97004755074919, 85.78077515154571, 85.78077515154571
95.1, 95.23521483352154, 96.06502166218746, 96.14031585116078, 95.2068049898132, 96.16119036559991, 97.21130400279519, 97.23053905349903, 99.48291914764275, 100.70602416476859, 93.45520515196036, 95.18781029471909, 92.71560639499324, 88.95281735846102, 84.31369739456835, 84.75618479052292, 85.88922846168357, 85.36370748511203, 86.75077224353944, 85.8926009680988, 87.1487055431901, 84.32939815556858, 85.82486939312408, 86.57811911374587, 84.18839048711607, 84.18839048711607
96.09, 97.0106510583391, 97.14756179896752, 95.39098824607439, 92.69162157669014, 94.23201806491333, 95.43149689962533, 93.63033491956348, 94.22813818173672, 93.07045898328977, 91.2134617833249, 88.81300483349182, 89.13802584798574, 85.81502052580596, 88.01564706315408, 88.4906165720949, 87.8113191049308, 84.50371598688248, 85.22122008207786, 85.8926009680988, 87.70360322011142, 88.90372312182198, 88.75092577450359, 85.95398989790696, 85.75328906477462, 85.75328906477462
96.11, 95.96905725987462, 95.44041778044476, 95.49557168784668, 95.36224031674851, 95.73621912664345, 91.43595952475056, 90.30366069156803, 89.62248996248248, 89.30251722507471, 88.3481749292655, 89.4028924598089, 89.09445356404798, 89.59826403604227, 86.82519672679504, 87.26309835876597, 87.84127754761741, 89.20818202024492, 89.24897693943024, 89.02879438076859, 89.84646547649793, 87.96501100683626, 85.89790568884312, 84.98406826740512, 84.18839048711607, 84.18839048711607
96.04, 92.1717769290483, 90.85604344148464, 90.21992085294046, 91.46825836296811, 93.49360542850164, 92.91577733365706, 92.17820624001871, 92.32796238236132, 92.01411041492034, 91.35175135520218, 91.46070037424002, 91.7750370288536, 89.79442512150398, 90.39387535206967, 92.12189154415276, 87.76004292332148, 87.53659756036316, 89.26505448482125, 89.63896226660172, 90.49142308218046, 90.65665618561306, 90.84327407612118, 89.69356675547121, 90.57194205448363, 90.57194205448363
96.3, 90.73478946258908, 87.168968261465, 87.22192420422088, 85.25147394837903, 85.25892395306505, 86.39902460303712, 85.71447423222055, 84.10845337987462, 85.25911298499855, 85.67588852209451, 84.17834927434514, 85.00796617836136, 85.81502052580596, 85.33549024415906, 87.20719969016511, 87.36538426710052, 88.29045942719897, 88.92921574972267, 88.50183005768663, 90.04169620566935, 91.19687915096387, 89.859693347777, 89.59954656243762, 86.39713566975558, 86.39713566975558
96.37, 96.6283423719742, 95.55846483555908, 90.70416578429302, 89.49552817758786, 90.70815203708051, 89.43072225999333, 88.87011773468721, 88.66697480045843, 88.94978012729796, 88.99121873808198, 89.94900406224082, 90.75663752718263, 86.9751585096546, 87.92078882156686, 84.75618479052292, 85.88922846168357, 85.55440827206178, 85.32003934639164, 85.8926009680988, 87.8172306585994, 84.32939815556858, 85.82486939312408, 86.60534946724803, 88.299344162008, 88.299344162008
96.36, 96.00090718510619, 96.56988197366807, 95.86855544153983, 92.79626281864594, 92.39434617471332, 91.58458475007309, 91.87587923114057, 89.08945196563585, 85.54498897110948, 85.49103601009136, 86.11324658605267, 85.00796617836136, 85.81502052580596, 84.31369739456835, 85.46013173993695, 85.88922846168357, 87.19464301176369, 84.52382558249198, 85.8926009680988, 86.44221318895192, 85.84624603974035, 85.82486939312408, 86.17953035561179, 86.58124910733818, 86.58124910733818
96.31, 96.51615364425992, 97.20739800257601, 95.68156665717703, 96.80305064228655, 97.04801982339603, 95.94689986186856, 92.1001393035893, 89.4093302399907, 89.60129039978627, 86.82111505936815, 85.50912770300901, 85.00796617836136, 85.71850747222017, 88.11528746635545, 84.75618479052292, 85.88922846168357, 87.478608352749, 88.63118527696929, 88.02823180146115, 88.50030700950455, 89.43139323727232, 87.4773751954304, 84.98406826740512, 84.18839048711607, 84.18839048711607
96.35, 96.11938079616259, 92.10654695289782, 90.90638723363962, 91.8242542401183, 94.05782731058851, 90.68495235409469, 86.73336143659063, 85.41785020597555, 86.26373728235264, 85.67588852209451, 84.17834927434514, 85.00796617836136, 85.81502052580596, 86.73478461849953, 88.21424579051875, 85.45825452221767, 87.267093872022, 86.12532314124327, 85.8926009680988, 84.73326827916155, 84.32939815556858, 85.82486939312408, 87.37859981295907, 87.42901858669818, 87.42901858669818
97.02, 97.73414322598634, 98.89252393754904, 98.97168270451539, 100.27925248553872, 95.13011191362916, 89.8392974257932, 89.44499600873314, 91.57941282585446, 89.96726895974629, 90.69333873140674, 89.1941261466869, 86.45555748566224, 85.0262195431919, 86.32193483220026, 86.6292712962942, 85.88922846168357, 85.55106065468215, 84.52382558249198, 85.8926009680988, 84.73326827916155, 84.32939815556858, 85.82486939312408, 84.98406826740512, 84.18839048711607, 84.18839048711607
96.36, 94.21131447452835, 94.22035310056542, 94.10665719396407, 93.70979262534873, 93.66456564525147, 91.36535811631792, 91.0025628899008, 91.24381638127792, 89.4953144025293, 85.67588852209451, 87.21053713167022, 87.25474608456206, 87.73191119297492, 89.40715782015337, 90.32144650224188, 90.5462342761287, 90.03928436351438, 89.5046330730496, 85.43368703881008, 84.73326827916155, 85.19884097496005, 85.42182741080545, 84.98406826740512, 86.99579668642207, 86.99579668642207
94.18, 94.07512034358761, 92.35753546961045, 93.04657945939448, 94.10743771913813, 92.40876311273398, 92.92894113275784, 93.73353653597285, 94.27657017337292, 93.75433479346623, 94.46656158405521, 93.17459565834321, 91.85393734162838, 92.57117793904483, 94.39338972170283, 96.06455836507823, 94.89103987504177, 95.94433782450591, 93.29297355902875, 91.40013244557471, 91.70216537251791, 93.18571931114255, 88.5060926929835, 89.75611872415027, 89.3209505417054, 89.3209505417054
95.91, 92.64364634388492, 93.80940391679857, 94.05398315280213, 88.55796409470634, 90.9252098694409, 91.85927486768954, 91.66403841856851, 92.58034713026315, 92.31931687862341, 85.67588852209451, 84.17834927434514, 85.00796617836136, 85.81502052580596, 85.99129471870181, 85.95479877090962, 85.88922846168357, 84.50371598688248, 85.72805859101622, 85.8926009680988, 85.71908599578053, 86.67481446705042, 86.11640319994633, 84.98406826740512, 84.18839048711607, 84.18839048711607
95.06, 94.75752830694411, 93.92016983731486, 92.18203066784811, 93.716438319811, 92.27763810149939, 90.91507240545315, 91.3483834187342, 90.90738271575329, 91.51707613684128, 91.0991326115736, 87.80970380437482, 88.0526199034206, 85.81502052580596, 84.31369739456835, 85.75943560388707, 86.02631576721741, 87.00141719167105, 88.5384072296795, 85.93395161875311, 86.95121272511273, 84.32939815556858, 85.82486939312408, 85.26975788198554, 86.13690143850651, 86.13690143850651
95.87, 97.43695679401189, 94.62839659968344, 91.23378544714876, 92.037133864121, 91.9832224267692, 89.40637380225319, 89.69583272744501, 92.26991948310257, 92.411320219908, 91.83560423143514, 93.62605560284302, 92.22214547080227, 91.90807963889485, 93.0940480417343, 93.73795507638941, 93.00042704476277, 92.83444962636803, 91.98326009799138, 90.94875424724933, 92.33265235084463, 94.28720884605617, 94.24123271973805, 94.54854195574832, 96.1140461958686, 96.1140461958686
95.55, 93.77547465447189, 95.58133094369428, 96.11893793317272, 95.44595574369082, 96.56611029058323, 94.17490729619117, 92.62775523966566, 94.27744486613935, 92.87779624344024, 92.33954177541817, 94.18012200820715, 90.49318329636353, 90.18049961716581, 84.31369739456835, 84.75618479052292, 85.88922846168357, 84.50371598688248, 84.52382558249198, 85.8926009680988, 87.57647308650272, 87.49060536923211, 85.82486939312408, 86.15510635369785, 87.93711074531356, 87.93711074531356
95.43, 93.47911481316251, 90.4140714830864, 87.379256449311, 86.48298555944949, 87.10723629206545, 87.9387906362512, 85.61940187265347, 84.10845337987462, 85.25911298499855, 85.67588852209451, 87.9801658254744, 89.12104792568692, 87.13638231853385, 86.25358653183238, 85.80022158143338, 85.88922846168357, 86.61000488541056, 88.04776094994236, 87.0025993381832, 84.73326827916155, 86.48838458039002, 85.82486939312408, 84.98406826740512, 84.18839048711607, 84.18839048711607
96.33, 96.82005525437847, 93.91305590510323, 92.82352326723692, 93.72691525785929, 93.04359810781087, 90.78069086287014, 85.5697433771545, 86.74484135839073, 88.16715074240588, 86.76487606577618, 84.17834927434514, 85.00796617836136, 85.81502052580596, 84.31369739456835, 84.75618479052292, 85.88922846168357, 85.1454137160397, 86.2530840004513, 85.8926009680988, 84.73326827916155, 85.77847265097648, 85.82486939312408, 84.98406826740512, 86.55683873706566, 86.55683873706566
95.79, 94.55126291486957, 93.57982827556303, 91.00102997821425, 90.10838154086441, 88.9268277189245, 86.60259050388782, 87.72884241216602, 89.80828272429949, 89.8178795851316, 90.66735780980254, 89.00446269159497, 85.00796617836136, 85.81502052580596, 84.31369739456835, 84.75618479052292, 85.88922846168357, 86.83426092240497, 84.52382558249198, 85.8926009680988, 86.23748316011456, 84.32939815556858, 85.82486939312408, 85.95736025728827, 87.22917657059826, 87.22917657059826
96.76, 90.01048568853817, 91.57193633627791, 92.12099529929088, 92.40281787100439, 87.99319887132685, 88.1168702030243, 88.00872164423245, 89.13345463587059, 86.49758483505772, 86.94541908652305, 86.96999402130199, 85.98411830053998, 85.81502052580596, 86.77802628999501, 85.82387182075604, 85.88922846168357, 84.50371598688248, 84.52382558249198, 85.8926009680988, 85.2643169164497, 84.32939815556858, 85.82486939312408, 86.33917710206543, 87.11067684541331, 87.11067684541331
96.25, 97.54030468100287, 97.54431244477763, 94.25717855156464, 95.23398711283839, 95.35149663223842, 93.5627825478432, 93.78675788059007, 92.84945172811034, 92.62167084569886, 92.42056178409966, 94.54490879482762, 95.3267459716116, 95.1025722469957, 95.26262151359474, 91.43910610682228, 91.4884000006512, 91.77733190739266, 92.31150729154312, 92.88441623514287, 93.55755971402819, 91.83519495067245, 90.67735125190096, 89.25500493440302, 90.20889329850993, 90.20889329850993
96.51, 93.32395370167433, 95.64471001747516, 96.60494014706266, 96.52574219358307, 98.45400932477891, 98.93799717515773, 95.30146438825318, 93.33121611113474, 93.7757151011961, 94.7927703832149, 91.3532509536692, 85.00796617836136, 85.81502052580596, 85.9744889653169, 85.00087554846252, 85.88922846168357, 87.87820863303442, 87.88485073481152, 85.8926009680988, 85.8260575362904, 84.32939815556858, 85.82486939312408, 87.48636843715583, 88.67237813327816, 88.67237813327816
96.41, 96.59866396244193, 95.70868217961028, 95.49367562672487, 94.03277193696651, 96.32606091001938, 95.22385213342963, 94.55315051623381, 96.2731447612635, 96.02507262220628, 96.83133689914234, 95.37613338358898, 95.11290917677634, 95.83273034519794, 92.13727543716654, 93.60788033597883, 94.04316430540881, 96.03562853658667, 95.4487420231208, 92.988905747339, 92.86735348542042, 93.48850851726343, 93.5554457069031, 93.15207027780761, 94.36664295295522, 94.36664295295522
95.93, 96.78798408009504, 97.91777151130805, 93.89714100646466, 94.22106409315083, 90.78469925934107, 87.91555730271412, 86.3376717110433, 86.93038062840589, 88.00885646574555, 87.03029175191028, 86.69292041279125, 85.91603767843972, 85.81502052580596, 86.5773575878591, 87.30844749847508, 87.21835900545615, 87.66343580983946, 88.76785017908702, 89.24803864173712, 85.02227657096257, 85.2703571587959, 85.82486939312408, 86.43609778877901, 86.92250055365845, 86.92250055365845
96.42, 94.89356361900396, 96.29764517200549, 94.31319301316519, 94.52603863432265, 94.12934865929822, 95.26765746655231, 94.89082678160146, 96.93973903749034, 97.10475108707938, 97.03857910868413, 98.09873804338126, 98.18951909075484, 98.85782213099232, 100.21682502424137, 99.19189602357496, 98.20876572838378, 97.90285112877544, 97.66863609614447, 97.16579390682291, 95.48429403415899, 95.25576961451345, 93.34913486570557, 91.84942628502043, 91.12333640616878, 91.12333640616878
95.22, 93.49730168229829, 95.99461078664223, 96.86326350573418, 97.58011184484494, 96.57804145675397, 95.07604273263767, 94.7200290496272, 95.05316731938242, 95.21457060622589, 95.92597214498598, 94.39142039144247, 93.67917133665944, 90.03206381363677, 91.58606934832908, 91.61135242729958, 91.49791075947978, 92.00584679296433, 92.24547100167196, 91.07042224396035, 89.94346859547962, 91.2572802769216, 89.29872704285226, 88.86935092730342, 84.18839048711607, 84.18839048711607
95.72, 94.25408998995489, 94.86439566496676, 88.55394620273476, 85.00939157097314, 86.01487154076156, 85.48961899980043, 85.4829156262004, 88.01390440797573, 87.51726219405599, 85.13872029662122, 84.17834927434514, 85.00796617836136, 85.81502052580596, 87.44958121427432, 87.65511990798487, 88.01873223202328, 88.05347368505727, 87.8606461256515, 87.08061307124883, 88.05350259929307, 86.37699692622353, 85.82486939312408, 86.73382892790988, 86.04880815392079, 86.04880815392079
95.62, 95.31167890770378, 95.09905469457902, 92.52502483255249, 93.20748757840937, 94.44018363581428, 94.9156372758728, 94.91401399964334, 93.82480755639891, 94.84757465021863, 93.85751121876123, 96.42958566876878, 94.56521771373664, 90.30376150977953, 90.73052358075249, 89.40039041593162, 86.13053447456652, 88.11053232018327, 89.89270178009033, 87.67277622071784, 88.77413183319347, 88.50466779975882, 88.18455576664192, 84.98406826740512, 84.18839048711607, 84.18839048711607
95.77, 95.34895238389115, 96.41523225229925, 94.95865568728968, 93.86470434083995, 95.09559722655209, 95.69533348477209, 92.68172468420893, 92.41976489927919, 93.3759494280642, 93.82140840111633, 92.47013474794866, 92.9288796123699, 92.18000332680722, 92.64467322488747, 88.82282183322927, 87.5735918225452, 84.50371598688248, 86.06157984467679, 85.0613116394256, 85.23496443002541, 85.88115463132137, 85.82486939312408, 86.18057961493905, 86.25615382908066, 86.25615382908066
95.69, 89.92413526263215, 91.1116075207909, 90.01649920803798, 90.56770151661867, 90.71330916010768, 91.43708941260361, 91.26903979898792, 92.17974321098245, 92.48082547899534, 90.19535855450825, 91.05315077865599, 89.54497579869414, 85.86477035404344, 86.55136899342934, 86.3933920856945, 85.80034456563612, 84.50371598688248, 86.39668866611896, 85.56563288595657, 85.01762479669203, 87.20055027451683, 87.22044236201062, 86.42403570597777, 87.84697410679937, 87.84697410679937
96.29, 96.3940430656241, 91.29855971099413, 92.06379296505821, 91.43208808227386, 92.82752367681022, 88.8253886642245, 86.84760527966282, 88.04948066565149, 87.7771587354941, 87.77073514561613, 86.01487285261453, 85.71899054147565, 85.81502052580596, 86.16474241526157, 87.12604035456872, 87.09432372207726, 88.38459202528833, 89.78891794864136, 85.77328713913039, 84.73326827916155, 86.12358189856522, 85.82486939312408, 86.3209204846071, 88.2843150126377, 88.2843150126377
95.33, 93.79858852687572, 94.10114598060972, 93.49717266083852, 91.58189354147994, 91.51816979243031, 91.81280757244664, 92.53569739317513, 87.95239476375039, 88.74232869274671, 88.32739985809559, 89.46488236156623, 85.00796617836136, 85.81502052580596, 87.39733897214731, 84.75618479052292, 85.88922846168357, 86.35047478762496, 87.94472364794076, 85.38560587074505, 84.73326827916155, 84.32939815556858, 85.82486939312408, 84.98406826740512, 87.02727247989809, 87.02727247989809
96.11, 96.21706345617424, 96.48649674094186, 96.6312982309132, 96.18594862826288, 95.21702685799656, 91.65556845267508, 90.23265426230806, 91.18737121625985, 90.72525234121724, 89.47003196126016, 89.90326720724335, 86.91364839604928, 86.0318050977539, 86.98544290102471, 84.75618479052292, 85.88922846168357, 86.69383841860254, 86.90220883905717, 85.9875433439513, 85.88796982979271, 84.32939815556858, 85.82486939312408, 86.83280615899454, 85.16488266685096, 85.16488266685096
96.3, 94.25716602092541, 96.68502445894411, 93.91771684332674, 86.51003133179293, 87.26613540277975, 85.97148881517194, 85.57617262115728, 87.40723838902619, 85.78325868656411, 85.93033345440149, 86.2035325517316, 87.59488546574886, 87.32024814876291, 88.53745355256277, 89.88043323247575, 88.53293322593927, 88.43543651526855, 89.05482397242879, 85.8926009680988, 86.5494990685309, 87.56615851287086, 87.84844455634163, 88.25097997845137, 90.4217499021412, 90.4217499021412
95.82, 93.08160356540054, 85.32219762577962, 85.75072838769168, 85.25147394837903, 86.67140166595725, 86.05264113942592, 85.94451926933732, 85.93794817675202, 85.03119590095176, 85.67588852209451, 84.17834927434514, 85.00796617836136, 85.81502052580596, 84.31369739456835, 84.75618479052292, 85.88922846168357, 86.11786636066441, 86.89193275483002, 85.8926009680988, 84.73326827916155, 84.32939815556858, 85.82486939312408, 84.98406826740512, 84.18839048711607, 84.18839048711607
96.74, 94.63512380904706, 96.61829973313284, 95.75310735141241, 94.31369390026651, 95.6551332994522, 94.32436100304585, 93.68495555867483, 92.30525652617695, 90.81562662649456, 88.51877115459592, 89.54340806368738, 89.1554650963616, 87.22705016074876, 88.64382092760418, 86.8581078776696, 85.11321294323359, 86.84038935305637, 87.04287069021244, 87.55027014510107, 87.04815046970832, 87.1889394093571, 85.82486939312408, 84.98406826740512, 86.61835885266471, 86.61835885266471
95.32, 92.40018334729173, 88.02338247868832, 87.04143455121631, 85.25147394837903, 84.10957757803895, 85.48961899980043, 85.4829156262004, 84.10845337987462, 85.15927314199223, 85.67588852209451, 85.2066679574024, 85.00796617836136, 85.81502052580596, 86.02716588401788, 84.75618479052292, 85.88922846168357, 86.59424073006342, 86.66701150193126, 85.40545081854954, 87.22730500023457, 84.32939815556858, 85.82486939312408, 84.98406826740512, 84.18839048711607, 84.18839048711607
94.74, 95.18828450212581, 96.08098722857262, 96.15958564838932, 95.25086092058004, 95.84064349214145, 95.05143956896495, 96.06423394225747, 95.77841465204645, 97.15883055619348, 95.63430557248094, 96.918699846341, 95.45613640893782, 94.90074931167247, 92.55017913545923, 93.00576356285285, 92.06903752443598, 91.54726794596195, 92.79499184573616, 89.83652702302513, 90.0909623110105, 88.53907924926581, 87.9113384089293, 87.59742935533605, 88.19339602603422, 88.19339602603422
95.81, 95.99743637230652, 98.277056093824, 94.86374346670796, 93.67185551149733, 95.44755125138028, 96.37887706778552, 93.37908457593845, 95.29645057944649, 95.61420843864443, 93.63172532802466, 94.76448500704508, 93.45264226949135, 89.68250378027683, 85.91809959163997, 85.39420443230468, 85.88922846168357, 88.02090578791227, 87.4702777575326, 85.70159129758053, 86.44191562233196, 86.1634391811784, 85.38879369278592, 84.98406826740512, 84.18839048711607, 84.18839048711607
96.02, 94.7917517133328, 94.3007949926411, 94.42480550730234, 92.96281437655288, 94.00433891583053, 89.70317024977628, 89.85617054025117, 88.42595972459155, 85.15259974024467, 85.67588852209451, 87.8383965865969, 86.04720972173149, 85.81502052580596, 85.60966261522837, 86.97442870965455, 85.85558165402875, 86.92948947727515, 87.2664329496504, 85.8926009680988, 84.73326827916155, 84.32939815556858, 85.82486939312408, 85.60658821796635, 86.38829080077547, 86.38829080077547
96.01, 96.40485944257149, 97.81958799155016, 97.29586062079599, 97.28603906932263, 99.59098353428978, 99.47893646304998, 100.38950019388624, 97.17968797439558, 97.2674220913348, 89.89600636381783, 91.28946717059587, 91.18012502231107, 91.5014652700896, 87.47935751690311, 87.12357010558053, 85.58106353085765, 85.23004347472624, 84.52382558249198, 85.8926009680988, 87.1156643656588, 88.04385203714426, 87.65239535818291, 89.11758430297567, 85.80963694564178, 85.80963694564178
96.24, 96.84876057055477, 96.93377485648519, 94.90810976261369, 95.86392766426619, 97.6680993067412, 98.43462894670836, 98.15289734623497, 97.12704338335016, 96.48740091556864, 94.05129884534267, 95.75710427878876, 96.64445547098586, 92.2585661611184, 90.37122701594163, 85.15878916981825, 85.88922846168357, 86.29520608576289, 88.06188902153626, 87.73772190868577, 89.29383064394719, 88.01031526346543, 85.82486939312408, 84.98406826740512, 84.18839048711607, 84.18839048711607
95.29, 95.93899758529712, 94.3790551381822, 93.84632624474077, 94.01381062963803, 94.61608721859417, 92.59813556773982, 90.32910097842218, 85.72029884897223, 85.25911298499855, 85.20056042535275, 84.17834927434514, 85.69107883028587, 85.34604880664051, 84.31369739456835, 85.55890891283494, 85.52771147838996, 85.69879905683263, 84.52382558249198, 85.8926009680988, 87.57058581477763, 88.32243103394923, 86.4763404765561, 87.53452429204985, 84.18839048711607, 84.18839048711607
95.06, 95.74157191439065, 97.10771150039197, 96.18394438903027, 94.81458107099017, 92.34080290961656, 92.6475489547017, 89.76636805578302, 89.59328277951118, 89.79901191480559, 90.35984662110734, 91.85077831199409, 92.95809378281947, 91.95203617137629, 91.9912844601337, 91.78196979020883, 88.80243515546192, 89.18392705163505, 89.99388486128751, 89.72679448506773, 90.41387652649736, 91.3549946090707, 90.63110027599328, 92.2088420001433, 92.73857013324867, 92.73857013324867
97.06, 94.0076126591114, 94.27727322746311, 91.68680742906102, 91.83117995615792, 93.94990476272753, 93.46186678800242, 94.56227109602048, 96.03880712108544, 96.89684591478749, 95.22746844492399, 96.34613714159545, 94.887511496077, 91.83243841969563, 92.00522793040463, 93.69159532728419, 86.24047417376943, 84.50371598688248, 85.8130848632574, 85.63510529932405, 84.73326827916155, 85.72208127900807, 86.0520491481955, 84.98406826740512, 84.18839048711607, 84.18839048711607
96.51, 92.16090087006275, 93.44492876846402, 90.70676730560456, 89.71380089942312, 88.99929699466526, 87.71340062264498, 85.94481973572503, 86.36388872973019, 85.24396333454585, 85.67588852209451, 87.85990561905558, 88.74505132304246, 87.99437845419789, 88.71081344101012, 87.40959125212407, 86.13332917211152, 87.11057829670126, 89.08370924214778, 85.8926009680988, 85.43742085755449, 86.16292110589092, 85.82486939312408, 86.70483569904168, 88.64935586820671, 88.64935586820671
97.0, 94.73370568831078, 93.88045659811758, 92.95073482072715, 90.87469297912047, 86.4916916592074, 85.48961899980043, 85.4829156262004, 84.10845337987462, 85.25911298499855, 85.40879396612664, 84.17834927434514, 85.38088480885546, 85.05661561078358, 84.31369739456835, 84.75618479052292, 85.88922846168357, 84.50371598688248, 84.52382558249198, 85.8926009680988, 87.65132862784247, 88.9403214241015, 89.6349348428795, 86.65260366211491, 85.81333866541482, 85.81333866541482
96.28, 95.74666804514064, 91.25709617192524, 90.43133909309952, 90.04691069193616, 87.41827696233946, 85.48961899980043, 86.32331531359685, 87.99494073814228, 88.04529693131681, 87.44052196179172, 88.91564280967857, 89.03726652758915, 88.967701024759, 88.53217291156494, 87.77013423267641, 86.60937159897088, 85.11907352138087, 85.55549052208333, 85.8926009680988, 84.73326827916155, 85.74758215923475, 85.82486939312408, 85.35421874909316, 84.18839048711607, 84.18839048711607
96.16, 97.73744715879504, 99.79013735298075, 99.71563437614371, 98.99556239543901, 100.00558397055767, 97.59701442860668, 93.50267159464948, 93.35119190472818, 91.79692562591903, 91.73243747070502, 91.62280485820555, 92.4025952884374, 92.87247193696992, 93.84594425276303, 95.33864023261043, 89.68529817984628, 91.78888080176635, 92.29773143331543, 92.92202177669516, 90.66914569598168, 91.8128271943281, 91.11669126438784, 90.19304302979627, 91.22619415004893, 91.22619415004893
95.81, 97.15680392506772, 92.3132886200837, 90.08237299653973, 90.82069148180777, 89.7192121910062, 86.327628367062, 85.4829156262004, 87.68923162287143, 87.79034645703076, 88.42895808403242, 86.59001434228837, 88.04109813375626, 85.81502052580596, 87.32082319824171, 89.20355245877178, 88.65176517681289, 88.20067099429794, 85.61460314293645, 85.8926009680988, 84.73326827916155, 85.84244022360642, 85.82486939312408, 85.2731233819091, 86.12745893210244, 86.12745893210244
96.29, 94.65941482168117, 88.7982826154966, 89.73194741948275, 87.86256311624982, 87.17507178094264, 86.78318529675622, 87.8265825912615, 87.39462446329523, 88.15966010501806, 85.67588852209451, 88.07361124901107, 88.54308617180655, 85.81502052580596, 87.13871739332816, 88.0492195082353, 88.0866420153605, 88.81204995950495, 88.61111173724967, 87.7222168623596, 89.26321156710692, 88.60464953567687, 88.83749468158446, 89.75867414304155, 91.61355627082428, 91.61355627082428
96.38, 94.85454174461945, 96.70055007558949, 94.22975879761427, 95.3723210560236, 97.68856664534003, 98.17267842485826, 99.3473578861907, 99.79820066104749, 96.96261797514506, 93.31543768758051, 94.48800456749093, 95.45465539967616, 93.0516987354457, 89.44780591331543, 87.810432561555, 85.88922846168357, 84.50371598688248, 84.52382558249198, 85.8926009680988, 84.73326827916155, 84.32939815556858, 85.82486939312408, 86.72106532525265, 85.19634423630242, 85.19634423630242
95.39, 96.32005624761024, 94.69094158576338, 92.72823086675007, 86.74855451245135, 87.61572502084981, 88.39079412817247, 88.29168515465771, 88.42239212642627, 86.07658380747293, 85.67588852209451, 85.83420249570442, 86.42003993485976, 85.81502052580596, 87.16063761662679, 87.8551425791366, 88.00226248273236, 84.50371598688248, 85.15489416854015, 85.8926009680988, 84.73326827916155, 86.07463409974751, 85.16872188304868, 84.98406826740512, 86.9575021915682, 86.9575021915682
96.3, 93.60479536511592, 92.48650653254842, 92.67612604647594, 93.9294976230526, 94.55772820581939, 93.74785454392753, 92.4355897824466, 91.15993310348469, 92.01687594712179, 92.34759415633822, 92.17360840194767, 93.46157540495912, 90.52427796168344, 90.47747145372207, 88.77955459737905, 88.41245082845035, 85.29235691299863, 84.52382558249198, 85.8926009680988, 84.73326827916155, 84.32939815556858, 85.82486939312408, 84.98406826740512, 84.18839048711607, 84.18839048711607
95.33, 93.03020467820619, 93.365934239183, 94.42933656916121, 93.21508336625327, 92.80106511752633, 89.14440828630134, 89.83781875136884, 86.83756659323006, 85.4870067265161, 85.8175102992029, 87.0706208932662, 88.26798998358208, 85.97420852161927, 88.22217298351084, 88.53811396984854, 86.20063661801186, 87.1990436932097, 88.57939747566988, 87.13238494509868, 87.91853867104602, 88.06962288733095, 85.82486939312408, 84.98406826740512, 86.5615992077557, 86.5615992077557
95.65, 93.71157305935954, 94.24192381637853, 93.49076618351197, 92.18800974935529, 94.00501308042257, 94.64745994371103, 95.75330953270195, 97.37547430281637, 93.40056330740913, 91.75405304236375, 90.56854592585758, 91.08500835152493, 91.97276416675616, 92.96156339609226, 91.03855646955485, 91.55628832815238, 91.2629059675164, 90.02169583430957, 86.92184571140028, 85.63972733964465, 86.31703550241959, 86.25373091999728, 86.21688618330559, 85.13459633285044, 85.13459633285044
96.07, 95.29226491275443, 96.66197546746861, 94.58912672319822, 85.98273409754916, 87.73462968996392, 85.48961899980043, 85.94352764994154, 84.10845337987462, 85.25911298499855, 85.2629322597774, 84.17834927434514, 85.00796617836136, 85.67762035117299, 87.47243264173143, 88.80600484069565, 86.86480986439177, 86.34692879967928, 88.26723843921948, 85.8926009680988, 84.73326827916155, 85.37954871535123, 85.82486939312408, 84.98406826740512, 85.53412671940525, 85.53412671940525
95.8, 95.67739828347834, 95.67847852060422, 90.24069768155503, 90.94293840898602, 90.76192432704431, 90.83796922239142, 85.4829156262004, 85.50260811922575, 85.25911298499855, 85.67588852209451, 85.38538656098848, 86.07725900907415, 86.5637092423102, 84.31369739456835, 84.75618479052292, 85.88922846168357, 85.63263435986589, 84.52382558249198, 85.8926009680988, 85.55203336359108, 85.79146378317182, 85.32358800003475, 84.98406826740512, 84.18839048711607, 84.18839048711607
95.8, 95.72096455139408, 95.17052201920626, 93.217289687324, 94.41542669016502, 94.33373701965601, 91.60992440044978, 90.28411964163087, 92.22682865136571, 93.53980651968725, 93.77145323746167, 90.84223131937935, 90.38791580451877, 90.10952499853373, 91.17263596963406, 89.43128463793097, 89.80282915800305, 90.46950004838678, 88.91780727216074, 87.10480257394151, 84.73326827916155, 85.74598298884494, 85.82486939312408, 86.01072382319434, 87.30780612125857, 87.30780612125857
94.94, 91.60296237376933, 92.81808915040638, 91.85110957879222, 93.22812993212352, 91.21159359200897, 88.75425864944275, 86.82479346062283, 86.30193629745884, 85.30035482857569, 85.67588852209451, 87.43503913811773, 86.91532118115148, 85.81502052580596, 87.51277109287157, 88.41992782621581, 87.34414723601266, 88.20813629300989, 84.52382558249198, 85.8926009680988, 84.73326827916155, 84.32939815556858, 85.82486939312408, 84.98406826740512, 84.18839048711607, 84.18839048711607
95.49, 94.10636106574586, 92.91906582418308, 93.338383327952, 92.10184164798748, 94.11507581868108, 93.86462329294608, 89.28752547052972, 89.05559480566667, 88.35016715244737, 89.02629688473668, 90.60276069809093, 88.96712443653385, 87.13607116896326, 85.43195535186827, 87.02491670968037, 85.4260155974923, 84.50371598688248, 85.96776839865765, 85.46360566907546, 85.71495852762969, 86.72939528396455, 85.43294018958397, 84.98406826740512, 84.18839048711607, 84.18839048711607
95.4, 94.47946027297303, 93.56528972669268, 90.69115286301722, 89.59134488810238, 88.79763460043111, 89.11651847093812, 89.33503922896253, 88.60369704967115, 88.76405059907924, 87.12729145365807, 86.94354038297791, 86.10181158412517, 85.81502052580596, 84.31369739456835, 86.05798458167254, 85.88922846168357, 84.50371598688248, 84.52382558249198, 85.8926009680988, 86.99561407537452, 88.7705019953762, 86.29883943915391, 87.97223624023152, 87.4775966341161, 87.4775966341161
95.56, 94.02172766478868, 94.48764041686336, 91.72063704671588, 89.73583492904243, 87.883793871135, 86.66358446469717, 86.81256704620192, 85.70187744801272, 86.84994043449994, 85.75937971267201, 86.8605807651408, 85.52255838247646, 85.2038777701902, 84.31369739456835, 84.75618479052292, 85.88922846168357, 86.7217579541163, 86.16760413865556, 85.8926009680988, 84.73326827916155, 85.98812970965554, 85.57156077240754, 85.30073834690785, 86.5593745831074, 86.5593745831074
95.6, 93.1103418328344, 93.5786347827313, 94.03001800662318, 90.85049999987828, 88.83042271495503, 88.75378562513234, 87.0196349742421, 88.82154142036643, 85.25911298499855, 85.67588852209451, 87.65576675106712, 87.54897990649056, 85.42998822045469, 85.41121542125893, 84.75618479052292, 85.51538274995157, 84.50371598688248, 86.39441658375631, 85.77412997115694, 84.73326827916155, 86.15593993439202, 85.92520273121845, 84.98406826740512, 87.00807721513358, 87.00807721513358
96.91, 98.32209637702883, 99.21011237682988, 99.40647554742672, 100.71677856620931, 101.1351635473535, 100.78897576202093, 101.45713014250659, 103.19004938081076, 102.30498456358755, 97.68939121012559, 97.56256560893242, 95.66510802648325, 95.89882702456649, 98.33250234135409, 99.67872112838373, 97.34420343053776, 96.1154679891063, 97.54881162991853, 97.63493153030026, 98.45393174326924, 97.51162919388366, 97.3179921585485, 97.64293747601066, 95.1635220273065, 95.1635220273065
95.92, 97.13985727790737, 95.73279934985052, 95.11847210142383, 94.85544383641617, 95.96963574968275, 93.43386149114785, 91.13042163383642, 91.26695097772107, 91.6275278860165, 89.71782934109405, 91.48855053473926, 90.42946625453745, 90.81652939068596, 89.08882113865906, 86.88879822168431, 85.72997808231611, 86.24598257706863, 86.62938665435615, 85.8926009680988, 84.73326827916155, 86.13684557635165, 85.82486939312408, 84.98406826740512, 84.18839048711607, 84.18839048711607
96.57, 97.1168527303443, 97.33195898022875, 95.58353301346884, 96.60477181561625, 91.40918943040802, 88.66087091692896, 88.9969379453313, 89.24455719376112, 88.44144571626524, 88.0926945352575, 89.08176396030169, 85.00796617836136, 85.81502052580596, 87.4353730207515, 87.67433595554675, 85.16415741733374, 85.88391849701961, 86.7117163532904, 87.36304268646734, 86.36186881250687, 86.03750415719736, 85.52706708404048, 85.34372397841267, 87.24498923548995, 87.24498923548995
96.7, 94.27356173463018, 96.07906469116517, 94.16197283466748, 94.7893336614735, 96.15169717511486, 97.17067609950931, 96.27758808202599, 95.42378824708528, 95.01697239575974, 94.94764516136354, 95.92755809839296, 95.87787295865125, 95.24432538910268, 93.9930772676821, 89.03517500002555, 85.88476077207656, 86.14892521854473, 87.24827664215759, 85.8926009680988, 85.27713613811375, 86.02899175858495, 85.82486939312408, 85.42145716881097, 86.68305998593792, 86.68305998593792
94.73, 92.53960951756427, 90.46022956939652, 85.68112224577713, 85.25147394837903, 84.10957757803895, 85.48961899980043, 85.6805195021825, 85.73656766022694, 85.25911298499855, 85.67588852209451, 84.17834927434514, 85.52569908753428, 85.81502052580596, 87.4908712625738, 87.7330003353783, 86.60289873700101, 85.41601638776245, 86.2917901690022, 85.8926009680988, 84.73326827916155, 85.19045458489455, 85.57958835295315, 86.19203917651802, 84.18839048711607, 84.18839048711607
96.42, 94.9872757040996, 96.44265240236875, 96.76729007424686, 94.72475924575156, 96.83184398087845, 90.4607785420507, 87.71836418783717, 88.6311078518942, 89.85291143677594, 89.87838608336361, 92.16056125890857, 90.8781515828967, 87.9145762640053, 86.10495694846497, 85.65226113960865, 85.4352729223288, 84.50371598688248, 84.52382558249198, 85.8926009680988, 86.49284731407974, 86.85420045078077, 87.14452798012451, 88.72380762905377, 90.33466933109166, 90.33466933109166
95.2, 89.61184857942044, 91.24112510002496, 89.93204311896073, 89.92153616630472, 92.43808210906957, 90.52537664818686, 88.57546647191104, 88.09522147676877, 88.39327043268595, 85.4701184078236, 86.37213334327377, 86.69679741697747, 86.78294980741181, 84.31369739456835, 84.75618479052292, 85.88922846168357, 87.46030911798347, 87.20422949182468, 85.8926009680988, 84.73326827916155, 86.92387060493373, 87.51762812045597, 85.52560756253217, 84.18839048711607, 84.18839048711607
95.58, 94.3998341808195, 96.34274787573703, 94.33012920108295, 93.3588695281259, 91.92119759638726, 91.40051144593512, 90.05889774414031, 87.97605382607122, 85.91176643997923, 85.4080883724347, 84.17834927434514, 85.00796617836136, 85.81502052580596, 86.37397581560671, 84.75618479052292, 85.88922846168357, 84.50371598688248, 84.52382558249198, 85.8926009680988, 86.24188838640764, 85.64057204142449, 85.82486939312408, 84.98406826740512, 84.18839048711607, 84.18839048711607
96.16, 95.40183814627618, 97.53145383401409, 97.61082609782314, 92.66271491632894, 93.64720824421613, 92.95330692943892, 91.68440093726846, 92.90349592886771, 91.89777150548903, 92.42445513433724, 93.80912260259802, 95.43108569464839, 95.73038730885617, 95.17571564541124, 93.04822373449133, 91.71152203158432, 93.61273467903736, 94.75514143056802, 94.08654257432727, 95.90657786817152, 96.5149390220789, 96.31285821493964, 95.03297524076818, 96.81926087585076, 96.81926087585076
96.21, 95.31378593264935, 91.27124398049905, 88.77168104163259, 87.66341010831864, 88.35682176971565, 88.8391151014128, 88.59654870601415, 88.20607684906713, 86.82102371866137, 87.40857204517798, 86.80683692611633, 87.32842989576504, 87.6440052098458, 84.31369739456835, 84.75618479052292, 85.88922846168357, 84.50371598688248, 84.52382558249198, 85.8926009680988, 85.65399585450857, 85.46032408797224, 85.86710965180936, 84.98406826740512, 84.18839048711607, 84.18839048711607
95.99, 96.12958239874003, 96.29573976171167, 92.65105417390042, 93.01266859307395, 86.43285341094966, 86.02269177265075, 85.4829156262004, 84.10845337987462, 85.25911298499855, 85.67588852209451, 86.27602462124479, 85.78078357812109, 85.81502052580596, 85.83943744759348, 85.27522252353016, 85.88922846168357, 86.2945592782891, 85.92022632231571, 85.8926009680988, 86.52818115691765, 87.33996702729709, 85.82486939312408, 85.7353739235246, 86.73297335978798, 86.73297335978798
95.88, 97.36663942893368, 98.89640230452306, 97.2979554598763, 97.54076588607799, 98.7179345102784, 95.41728067750495, 95.04843134736696, 95.62885622550326, 96.11943590789421, 92.24666061507466, 91.17118582190187, 86.24875228068642, 85.31491850797889, 87.26376149367813, 84.75618479052292, 85.88922846168357, 84.50371598688248, 84.52382558249198, 85.8926009680988, 86.2476929713009, 84.32939815556858, 85.15613995126935, 84.98406826740512, 87.13228460907912, 87.13228460907912
96.32, 92.65541068621492, 93.02586712030171, 91.81673402892159, 90.00500632091587, 90.62025154602112, 86.72874113359015, 87.68953304264008, 89.13626848933042, 85.7315637137166, 85.98625800296783, 84.17834927434514, 85.34373454314635, 85.94963597033042, 87.0755710465672, 85.58176984571159, 85.2229563743269, 84.50371598688248, 84.52382558249198, 85.8926009680988, 86.13958269895815, 87.09418811534447, 85.82486939312408, 84.98406826740512, 86.78152184544042, 86.78152184544042
95.98, 94.19587903179394, 95.71715375501152, 95.91533791244765, 94.94269767844614, 95.68310824879542, 95.58290749998946, 94.98213182762169, 96.31008398159062, 90.65246221001468, 89.1193440381778, 87.24013840537407, 85.91368370901067, 85.89268937339106, 84.31369739456835, 84.75618479052292, 85.88922846168357, 87.21289344187177, 87.0473290500851, 87.72200663697745, 88.82823816091243, 90.17217905822191, 85.71403488213566, 85.56821439751913, 87.3478806603794, 87.3478806603794
96.36, 97.37016017056008, 98.91170377938113, 99.5517978457673, 95.83510097730293, 96.02488257259475, 92.4104895861109, 92.08010387281317, 93.32832019180991, 92.58849443394979, 90.67409609329339, 87.41188287322554, 85.76149961278774, 86.22012023052618, 86.88094439424606, 88.08419132956017, 87.54447293929238, 87.05467753914803, 89.11038872567318, 89.95610657318171, 90.50279342209359, 87.45336212631457, 86.67951268554481, 84.98406826740512, 85.7733099650528, 85.7733099650528
96.97, 98.11312740707349, 93.89048374198633, 92.15942362160811, 85.25147394837903, 84.10957757803895, 85.48961899980043, 85.4829156262004, 84.10845337987462, 85.25911298499855, 85.3819492241128, 87.7953046895807, 85.00796617836136, 85.81502052580596, 85.20377963849226, 84.75618479052292, 85.88922846168357, 86.33671629369974, 86.9114390524957, 85.93260168282107, 85.22528515480911, 85.77599596677136, 85.92285366632066, 84.98406826740512, 87.38996839645196, 87.38996839645196
96.49, 93.69137111213243, 90.27337917306187, 89.87276702563452, 89.40291269967928, 89.08368557140139, 87.61176294607988, 88.7060283414476, 88.53691378175448, 89.5486749541876, 89.77504771451208, 89.03798558670168, 86.32439003629018, 85.81502052580596, 84.31369739456835, 85.15780624806254, 85.88922846168357, 85.21192387755643, 84.52382558249198, 85.8926009680988, 86.77339908739842, 87.34509587125203, 85.82486939312408, 86.40316487214494, 84.18839048711607, 84.18839048711607
96.98, 96.79952800611917, 97.85643644577343, 98.38831703694814, 98.48675392504595, 98.97783786167368, 99.13507436965887, 99.22081773853121, 101.62323830937153, 101.83473077710714, 102.44435108773202, 103.75311734762421, 104.51385258188635, 99.08617130488668, 99.7440406536417, 100.99248231899124, 100.97596945430045, 102.06348431171195, 104.13278776442836, 100.669305779669, 93.48550736569963, 93.18888279497511, 89.15189674127498, 90.09382401902268, 89.66264984748598, 89.66264984748598
95.81, 96.36118859397962, 98.163043758143, 97.37036582526099, 97.1101491501196, 95.61406898107506, 92.43161010010783, 92.70997649343244, 91.72305133397285, 90.46367861175528, 86.2022201146726, 87.36388636157434, 85.00796617836136, 85.81502052580596, 84.31369739456835, 84.75618479052292, 85.88922846168357, 84.50371598688248, 84.52382558249198, 85.8926009680988, 85.30331519739859, 85.13901021546866, 85.82486939312408, 86.7647135331709, 86.31453918893334, 86.31453918893334
96.44, 96.40971355535245, 95.85920860367008, 89.33572263317598, 87.62956283297197, 84.10957757803895, 85.48961899980043, 85.85075596111801, 84.10845337987462, 85.01514253990322, 85.17198872821324, 84.17834927434514, 85.00796617836136, 85.81502052580596, 87.47081740090859, 85.31152353658315, 85.94037249422512, 87.50187928438764, 84.52382558249198, 85.8926009680988, 84.73326827916155, 86.00030580095, 85.59070087491503, 84.98406826740512, 84.18839048711607, 84.18839048711607
95.13, 91.93600471767945, 92.7523248793765, 91.76022291976673, 91.96296446780177, 90.47863530805122, 90.12780169626785, 89.48975327304582, 91.20669098733313, 89.18339646738727, 86.90210653501214, 87.09641925873925, 87.42662805244068, 87.60578952779446, 87.06723704297558, 86.98745954470357, 85.55625118021776, 84.50371598688248, 84.52382558249198, 85.8926009680988, 86.4079901125787, 86.78652841790142, 85.19016364834309, 85.09266472190927, 85.67709366347384, 85.67709366347384
95.51, 96.52162272056289, 97.9887813244707, 97.74851050203974, 95.7047419682102, 96.75241098221824, 95.00163909225502, 95.46966058269261, 94.76842346884277, 94.91368376012193, 93.71870791240563, 93.20674973718603, 91.9478620579992, 88.41440187828441, 88.49824439863079, 89.14879232081616, 88.14795317401995, 86.42509697908737, 84.52382558249198, 85.8926009680988, 87.3705595784233, 88.65887484151614, 89.40377254456652, 89.70503717976705, 91.73765653407517, 91.73765653407517
96.82, 94.27694621631427, 96.04200061398318, 90.30480233546028, 88.22386433707048, 86.23521067054338, 86.47806752910344, 85.4829156262004, 86.96754803674243, 86.56270416631845, 86.52951565127053, 88.89735081571892, 89.15132303612641, 89.01809252818276, 87.68445872518127, 84.75618479052292, 85.88922846168357, 84.50371598688248, 86.12668231741809, 85.8926009680988, 84.73326827916155, 86.73431598632573, 85.26531635794133, 86.01031406766998, 84.18839048711607, 84.18839048711607
96.48, 96.19927175377839, 96.86629176337874, 97.4987142408359, 97.40805525788964, 100.07952221811742, 98.89457517686381, 99.09991699253825, 100.99765220307788, 96.83608928946093, 97.26161015102784, 95.32796449777989, 94.02171038221553, 94.38238212475004, 93.73264397129672, 86.26784983497782, 86.21048405330912, 87.1747363641814, 88.58708726282255, 85.49697786697513, 84.73326827916155, 84.32939815556858, 85.82486939312408, 84.98406826740512, 84.18839048711607, 84.18839048711607
95.54, 95.05666745295262, 95.42938684266812, 95.03979433087596, 95.62864314957369, 97.66715076249051, 96.61293805295179, 90.35938756015884, 92.33215449953862, 89.60364388870019, 85.25549474448957, 84.17834927434514, 85.00796617836136, 85.81502052580596, 87.98574996039707, 86.70521624146342, 85.88922846168357, 87.51288497386876, 87.15781700087419, 86.33547237143794, 84.73326827916155, 84.32939815556858, 85.82486939312408, 84.98406826740512, 87.1682386527548, 87.1682386527548
97.91, 94.69048209971808, 95.46412595386485, 92.967176719093, 92.55645831644695, 92.44640695806234, 90.10690991703393, 90.27392245149255, 89.37938759732877, 88.65482516238208, 89.37719167947023, 91.13199733932612, 86.86165009248717, 85.81502052580596, 87.50426495306593, 87.72877645302512, 87.08597703238925, 87.08895275627228, 88.83368462893345, 88.07211306882658, 89.09139888787286, 87.18482683593956, 85.00803660407445, 85.32290298637497, 87.78536234870235, 87.78536234870235
96.18, 93.60327653935636, 95.40073010769414, 95.85832190938649, 95.21152478689615, 97.55572065911787, 98.35838284991654, 94.07228537897342, 95.61618053644592, 93.02935069088825, 91.76022171458494, 93.15015971051295, 94.02851401726001, 93.21224846802747, 93.96203983545915, 95.62418680323097, 96.0480576715117, 97.29156878221258, 96.14769155109003, 94.0887235667607, 95.19703586312716, 96.54987020687844, 97.39861917293565, 92.09557736154173, 93.576473103464, 93.576473103464
95.12, 96.14886612624727, 97.3419816123681, 92.2363616591282, 89.0125168812449, 91.00855914192644, 91.37191765118705, 90.10976343595065, 90.93533110267845, 91.26259699223304, 90.77165308464804, 92.49493275793378, 90.56933470195959, 89.62736143200665, 89.93694846682831, 88.84212551092065, 88.10589921352779, 88.00174573801819, 88.29014458183784, 87.85519180259355, 84.73326827916155, 84.32939815556858, 85.82486939312408, 85.90073126715978, 87.0756998167606, 87.0756998167606
95.98, 96.94493336170495, 91.14147196856723, 90.31062273148785, 85.25147394837903, 84.10957757803895, 85.48961899980043, 85.4829156262004, 87.30066251577904, 85.1557050246071, 85.03646242660226, 86.7677028119059, 86.58049285650144, 85.81502052580596, 88.07428107937042, 89.76040178419629, 86.40158923432116, 85.85640297683814, 86.67680513715092, 85.8926009680988, 86.9984805584639, 84.32939815556858, 85.82486939312408, 84.98406826740512, 85.38587929548024, 85.38587929548024
97.03, 95.77118935566556, 97.97086962545033, 98.4628424605169, 97.46483815774718, 99.39144856171097, 97.82862843006903, 97.07000102988388, 98.47354790999002, 97.40713897237067, 94.17680757143661, 92.96769280892308, 92.25225997040799, 92.73764388053473, 94.22862511631163, 94.8834822852268, 92.92401090359006, 93.23721546539565, 90.77493093773798, 89.7547005100438, 90.59509186263031, 91.91042802841652, 91.30492316915561, 88.67275642046033, 89.4222622336897, 89.4222622336897
96.63, 91.34935351628029, 91.98035256867318, 90.1038524359554, 91.03875121993816, 91.62661851673916, 89.5897296465528, 87.8474818026795, 88.09272471302188, 85.25911298499855, 85.67588852209451, 84.17834927434514, 85.00796617836136, 85.63323160308363, 84.31369739456835, 84.75618479052292, 85.88922846168357, 87.09339217639258, 84.52382558249198, 85.8926009680988, 85.18354314645069, 86.15830985564568, 85.63571244138407, 84.98406826740512, 84.18839048711607, 84.18839048711607
95.95, 93.66196814996722, 95.89508746064573, 94.91334589138997, 95.98023486627385, 94.5922585728219, 92.82452958846947, 87.15532775296917, 88.56199364995614, 87.31335233427227, 87.97928746145651, 88.24430074427205, 87.28563301154897, 86.91113675179004, 86.99120449869439, 88.28403358986105, 86.17737342050815, 85.32717811665361, 84.52382558249198, 85.8926009680988, 84.73326827916155, 84.32939815556858, 85.82486939312408, 87.31351276253947, 88.12256502949391, 88.12256502949391
96.51, 97.09896356578479, 96.09818387533203, 95.12881842809138, 92.93815863621938, 93.75404212346609, 94.4266394851374, 93.44963190423555, 94.78242795866853, 94.29098160535058, 94.23876893395376, 95.22444488193514, 96.60122010243299, 96.78314429233912, 97.4149139627148, 95.52783226293391, 95.93405391495786, 92.066083562377, 93.0409073441155, 92.7639276558711, 93.5844779174967, 92.36810808012379, 89.71425141206356, 89.8986076747486, 86.39691291706711, 86.39691291706711
97.17, 96.08773549075494, 95.27191797992903, 94.24099168974391, 91.91415706136884, 93.5920758867951, 92.68837904344248, 90.56441067622008, 92.12506800969494, 88.26235142523993, 87.37774811719305, 88.2960860687415, 87.20275752693813, 86.63106033629843, 88.76911297037793, 90.05332616825392, 90.11842056704825, 91.00534771627571, 86.4360113054807, 85.8926009680988, 85.166574803371, 85.27734101270103, 85.81676465785884, 87.57478723714486, 86.73350638236967, 86.73350638236967
96.34, 93.42404240861671, 92.90770993623894, 91.88470750041832, 93.04526075862488, 91.9420459657083, 89.69897899672131, 88.50097618666969, 86.86413079532684, 85.25911298499855, 85.67588852209451, 85.74966534344922, 86.1584862803396, 85.81502052580596, 85.26324684216073, 84.75618479052292, 85.88922846168357, 84.50371598688248, 84.52382558249198, 85.8926009680988, 84.73326827916155, 85.47425238235857, 85.82486939312408, 86.4496797615091, 87.8896976472238, 87.8896976472238
96.05, 95.62615655435931, 96.04357748577796, 96.63440736055117, 96.75057658842064, 96.04553552062768, 96.96349264840993, 97.55835392469761, 97.4682399199623, 98.33243645014196, 97.49941173706037, 97.28804496072657, 93.94513867533989, 92.14625770422641, 90.50739996955222, 91.90394184063167, 85.85928575332237, 87.61484387736284, 87.63522366690047, 85.97544412086607, 84.73326827916155, 85.24889406022537, 85.82486939312408, 86.09169818815575, 85.43400349887182, 85.43400349887182
96.42, 97.51445767078418, 99.43255158589803, 96.5621704464894, 97.37424403235629, 99.80470165118872, 99.3751102087622, 98.57168241612555, 99.57042356824554, 99.24212772730056, 94.42420149762958, 96.7794150794499, 98.19612681692868, 97.83236588687467, 99.32759141980513, 100.35095857573731, 99.43607972084885, 99.61911338981945, 101.0286334217612, 98.69907420298807, 98.8119774842818, 97.55054664710207, 97.01330441677281, 97.09128255691341, 98.6523677188488, 98.6523677188488
96.25, 95.23728199295161, 95.40186348536568, 91.87274222257494, 92.72441490288482, 94.4663108775615, 92.57944674157676, 93.08892562177152, 93.38762407771137, 91.49769018090726, 91.34321268009488, 92.75511203891456, 92.03093468721038, 87.91246269605021, 86.60568115553473, 85.8166657041699, 85.88922846168357, 85.60904546549888, 85.8435028312707, 86.16712984872518, 84.73326827916155, 84.32939815556858, 85.82486939312408, 84.98406826740512, 86.75296254813217, 86.75296254813217
95.61, 95.08182199624692, 96.10100004582804, 94.89776567758202, 92.60915922817668, 94.56140569482943, 92.08544665565242, 92.84405019643958, 90.02511879824456, 88.35570438468204, 87.9429148921943, 84.17834927434514, 85.00796617836136, 85.81502052580596, 84.31369739456835, 84.75618479052292, 85.88922846168357, 84.50371598688248, 84.52382558249198, 85.8926009680988, 86.54956462348636, 85.02655356248039, 85.82486939312408, 86.72545226097884, 88.85925866385014, 88.85925866385014
95.0, 94.49024588473551, 96.7164542829509, 93.5160071620588, 93.12332297523909, 91.58705783662802, 85.79798068140893, 85.4829156262004, 86.41121391863473, 85.25911298499855, 85.67588852209451, 87.82113809333381, 85.50668176308463, 85.81502052580596, 87.43632179286132, 86.44033842693443, 85.88922846168357, 84.50371598688248, 86.03676185894433, 85.33306554755058, 85.83161643347142, 85.3093774090025, 85.29427934784421, 84.98406826740512, 84.18839048711607, 84.18839048711607
95.83, 97.09306487640109, 99.58310204382995, 99.5867607213163, 98.06157072008028, 99.94113206480864, 97.34071871796456, 97.92278154561733, 97.28011172004182, 94.07960763795795, 90.6519215126214, 91.81158917422461, 92.65354220499643, 90.6696705006687, 90.54494105337714, 88.4154872635743, 89.16525396321134, 86.92624890168464, 88.39915604579102, 88.20715483022883, 88.3886750664085, 90.45460739822055, 85.82486939312408, 85.28326493993099, 84.18839048711607, 84.18839048711607
96.44, 96.8204887387436, 95.69985921370154, 93.74024753835216, 87.91873753334136, 89.0641307463264, 88.31458508772181, 87.93631213287723, 87.94389067164056, 85.25911298499855, 85.67588852209451, 87.21073025246531, 85.83254822713468, 85.17949744282635, 85.75580712737187, 85.01542244862594, 85.88922846168357, 86.47439926842661, 86.43181344651094, 85.8926009680988, 85.44242414784276, 85.76015241773635, 85.82486939312408, 85.09578113247196, 85.67883788143304, 85.67883788143304
97.82, 98.16214074202615, 95.6514450204952, 93.78217817398388, 92.43343376388079, 92.93772752123652, 91.78927460669384, 91.55501334708258, 92.93217743015799, 89.04605673969984, 89.71271596957524, 91.44322704876681, 90.36426064248408, 86.74522274401448, 87.23047799671367, 84.75618479052292, 85.88922846168357, 87.54954897609365, 86.97166325698122, 85.94764935112556, 84.73326827916155, 87.09017719021762, 85.82486939312408, 87.11097367123115, 84.18839048711607, 84.18839048711607
95.79, 94.38653340754878, 93.40652564183888, 92.15551859065953, 90.56166147684176, 91.06780953106745, 91.17963910822616, 92.2690515352311, 93.87830702103507, 90.03007030956232, 87.38917855337601, 88.27673078257183, 86.88182977294638, 85.58026897370083, 84.31369739456835, 84.75618479052292, 85.88922846168357, 87.39546346458249, 88.9139717263576, 89.3181806310979, 89.00497382339816, 90.58678850332106, 89.0212138770337, 88.21133013577604, 89.89076807768922, 89.89076807768922
97.33, 98.05520305445012, 98.06685856391668, 97.08630264456208, 98.4471733596003, 97.25640792611256, 94.48839616135425, 92.65296790684829, 94.45070518613038, 94.20238704157502, 90.39930173984781, 89.14141768349921, 85.00796617836136, 85.81502052580596, 85.07897705623533, 84.75618479052292, 85.88922846168357, 86.34253610460074, 84.52382558249198, 85.8926009680988, 87.33297373640121, 89.5305037619637, 85.11080217067, 85.46066296714454, 84.18839048711607, 84.18839048711607
96.29, 95.26276826622939, 96.3345686497594, 96.77565057506483, 97.01479171677569, 96.52717253507743, 95.85411335731496, 96.66956721871664, 97.74822149555399, 98.55076243685346, 97.14906881618406, 99.5144827060384, 99.84892210812495, 98.94080511634266, 99.93343134417555, 99.75969711239156, 100.37601429784802, 101.26799794963308, 97.28073645450301, 96.83479051488109, 96.13335452505949, 97.64472064795899, 98.43335643558406, 97.45943002357272, 98.72813002271259, 98.72813002271259
95.93, 92.93140864715575, 91.7380697627983, 91.44267621100582, 90.86558423536393, 92.65097720073126, 93.343024597059, 92.27005372800843, 92.79780320434031, 92.94982452333181, 93.64505293550522, 91.35304082909674, 92.87286418841818, 91.95260292324535, 90.14678453844188, 87.4080593091859, 87.4419766774869, 87.82276560755318, 88.32647130050182, 87.7203402408163, 87.28469401919625, 89.15135508998044, 89.95149218009409, 88.72688298709888, 89.28232224054466, 89.28232224054466
97.01, 96.92717041316375, 97.8895510718006, 97.76631387312811, 96.1229105248256, 96.26204278726449, 96.06828946557575, 96.0069279019027, 97.09173567582641, 97.11294144854267, 96.20915970210484, 98.58490840944147, 97.30586755316048, 97.24972432315235, 93.87656356732491, 92.30718529898351, 92.19569324846084, 92.64214486680454, 92.62387720078621, 87.09236476626735, 87.74364348000614, 88.32338425323402, 88.34788681441155, 87.94435595223418, 86.3369187546018, 86.3369187546018
95.55, 95.71902852726173, 94.7464314944275, 92.25339753504132, 92.99815741949314, 94.61344556165943, 94.49691168808604, 92.25944896436133, 93.34841821545115, 93.74623333317574, 88.8459605641964, 89.32204816925157, 89.61893541823036, 86.23913033364367, 85.75622680900359, 85.76819696521405, 85.39964418837516, 86.75945534341082, 87.65163087758253, 86.71390748643745, 86.377106090802, 87.50429050051882, 85.82486939312408, 85.13812951742024, 84.18839048711607, 84.18839048711607
96.69, 93.18446771670378, 94.95037076397689, 94.40373788657664, 95.07557561966418, 96.34048222950047, 95.6290514211585, 96.51859700378306, 96.78149892050638, 95.08561047159894, 95.60129666341142, 98.12616685988976, 99.59844439250452, 99.66773631670881, 100.51698702072441, 101.40456175424474, 100.73243072928227, 99.36504822274235, 99.21571744704059, 97.87561113258535, 99.59996905870827, 101.42130807076506, 100.85817008364572, 101.17097346665834, 100.38305014736399, 100.38305014736399
96.32, 96.98270450147288, 92.58195991990166, 92.14485513170794, 90.99986516329238, 92.42005642727305, 91.18649613685868, 91.5277833394561, 90.32525326731991, 90.61437936069974, 88.78262569783374, 89.88880494374045, 90.69669110819993, 87.71151888650284, 87.81096924930755, 86.87646982725896, 86.15393634086576, 84.50371598688248, 84.52382558249198, 85.8926009680988, 84.73326827916155, 84.32939815556858, 85.82486939312408, 84.98406826740512, 85.69121754520475, 85.69121754520475
96.99, 97.37792086301721, 98.70794095693762, 99.11540132950321, 94.99669579858596, 93.95007518093344, 94.44927021401824, 90.44901774796507, 92.95844860776722, 94.24884428728, 94.13134220604208, 94.14710050770596, 93.94872642401278, 89.80010864341334, 91.52392369864104, 89.24456130216959, 88.13082349125952, 89.24588428241422, 89.63549124610255, 88.45890410963972, 88.74520979753427, 89.6994426332407, 86.77924475025338, 84.98406826740512, 86.75481211285458, 86.75481211285458
96.7, 97.4502027292007, 99.19812970909359, 98.55219893624651, 97.84812273911899, 93.22727507525643, 91.69016555692087, 88.8181882171269, 87.99777223697951, 88.12526682027143, 87.10658302714019, 88.76713280627197, 85.00796617836136, 85.81502052580596, 84.31369739456835, 84.75618479052292, 85.88922846168357, 84.50371598688248, 85.1883542954297, 85.8926009680988, 84.73326827916155, 86.51718334766058, 85.42893917574662, 85.79694359000314, 86.91619361468716, 86.91619361468716
95.76, 91.5984148381635, 92.3504794583003, 90.2958838569226, 89.34250917825244, 90.16388339074182, 89.01043112134296, 87.43178206028415, 87.17104343508062, 87.06566453050299, 85.55506563233949, 86.49362772024212, 86.26568210441505, 85.81502052580596, 84.31369739456835, 84.75618479052292, 85.88922846168357, 86.82468594458166, 88.9939878119589, 87.02368034060662, 87.7181741260672, 88.5503643138527, 88.00989237119805, 84.98406826740512, 84.18839048711607, 84.18839048711607
96.99, 97.96042965734325, 96.51578242915322, 97.53194642575245, 92.63240710433206, 93.89623919946247, 93.8563190189829, 93.85717376135575, 96.27748489478175, 95.45571339875218, 95.54389875390562, 97.09841294868883, 96.49394025015746, 97.27410037828152, 97.44575746862319, 94.57550206138781, 94.24190848488738, 94.08177655532445, 95.48152213324518, 92.61149706535448, 94.1162674342087, 95.89915594017796, 93.41298301515563, 94.98639698602493, 97.06349202401914, 97.06349202401914
96.74, 95.46259503156236, 92.97446785714033, 92.65086803982712, 89.0173526395885, 89.41497443560174, 89.52483912012771, 89.5265139489952, 90.37993195729007, 91.40556587525039, 91.88885222768523, 91.3404694046064, 92.160197933531, 87.86381717535829, 89.6401762209549, 87.71965133040092, 85.21108470575525, 86.2906551737375, 87.4333633280999, 86.35800705673213, 85.03009235396193, 84.32939815556858, 85.82486939312408, 85.34691581930245, 86.42358555538196, 86.42358555538196
96.68, 97.54225318501544, 99.26018714502149, 98.96546548984486, 99.6122724774509, 100.92125240279418, 99.86513209613845, 99.31596782406304, 100.80204722903528, 100.67209244285692, 100.38771463985145, 102.58937476250082, 102.21416266487203, 102.45271231716995, 103.50852990620335, 102.77533466480918, 96.27338735059729, 94.01065702061398, 95.57839557735349, 93.20236375055687, 94.53067251542147, 92.36560765795178, 90.22232370614964, 91.25522632203891, 90.8796310474917, 90.8796310474917
96.76, 96.29984015437012, 94.1641637391758, 94.09985023520248, 91.20878518809508, 91.54102580271542, 91.58817447410101, 91.45339997899703, 92.05331070778364, 90.21549224709302, 88.84373856841786, 89.08562481282476, 89.11035252295972, 89.14790798813401, 91.29630192728781, 86.18501977927839, 85.88922846168357, 86.4496374553856, 87.02314235760355, 85.8926009680988, 84.73326827916155, 85.10432159525384, 85.82486939312408, 84.98406826740512, 86.00271869752373, 86.00271869752373
96.21, 94.43588169262698, 96.10700785628511, 92.02187609600934, 92.81694218031532, 92.03057605116776, 90.56329751188655, 89.6464377945428, 88.21662787061622, 89.55313449082526, 87.02328572087268, 86.46055069985202, 86.8042607157965, 85.81502052580596, 87.80919826148774, 86.74836680790848, 85.93034524517294, 88.1715522960643, 90.12850639735647, 88.38480927180014, 84.73326827916155, 84.32939815556858, 85.82486939312408, 84.98406826740512, 84.18839048711607, 84.18839048711607
95.92, 95.7429378374828, 95.71099121350387, 94.62886875445838, 95.68017148180066, 96.65005254236296, 95.78240131901272, 95.89553834080719, 91.03472401581719, 91.86464886297684, 89.2537192114007, 88.50508161358819, 88.94413724176809, 86.86382533463741, 89.01241679374411, 90.04556056029145, 90.33008826933484, 91.94533191776259, 91.00408424054133, 86.49076506710134, 85.55646512183773, 86.71247546954126, 85.82486939312408, 86.94457979856983, 84.18839048711607, 84.18839048711607
96.13, 93.89796585384406, 94.01495617322341, 90.62283333274753, 91.48793575961506, 93.09163128866328, 92.04366542945988, 88.76963742392262, 90.62219879243874, 91.1548976223676, 90.84170363351927, 91.70541127266567, 88.74875199498555, 88.92234041051356, 84.31369739456835, 84.75618479052292, 85.88922846168357, 87.45027215480293, 88.80195704265128, 89.29944718380015, 84.73326827916155, 86.4135437095758, 85.82486939312408, 86.64411652980405, 86.52241739993812, 86.52241739993812
96.23, 96.51165481215146, 98.43162848778731, 95.08182320363588, 94.32958551594426, 94.97294142488595, 94.52251484030772, 94.29658799809592, 88.96789680225915, 87.81656957792505, 87.92320410598711, 90.40236791469106, 91.92350461683706, 88.2003289953798, 88.84656434598784, 88.835598399677, 85.88922846168357, 86.59611455103408, 86.74054767976325, 85.8926009680988, 84.73326827916155, 84.32939815556858, 85.82486939312408, 84.98406826740512, 84.18839048711607, 84.18839048711607
96.49, 96.62548279390732, 88.97426533141996, 86.26487030486717, 85.25147394837903, 84.10957757803895, 85.48961899980043, 86.00292685528912, 85.01399448297424, 85.62206155428152, 85.19170692103403, 86.23330804169333, 85.29209796010132, 85.81502052580596, 84.31369739456835, 84.75618479052292, 85.88922846168357, 87.1322345969094, 88.06617233873743, 88.22298071525671, 89.42154115099649, 91.13452350779755, 89.90877126567007, 89.71109352623685, 89.97296675563646, 89.97296675563646
95.6, 94.03553496283912, 94.93720893989688, 94.0656569331689, 89.39826061702684, 90.94415789987691, 91.92845047526525, 89.05899595670564, 88.98454304424621, 89.63743893591413, 90.38822136171106, 92.4877587282766, 92.0474122257602, 90.38564405844016, 87.60304912165572, 87.46582753134531, 85.83042074024155, 84.50371598688248, 86.54647691515612, 86.87914769594163, 84.73326827916155, 85.20151353461253, 85.19485398945335, 85.25139459762056, 87.1387776309961, 87.1387776309961
95.63, 92.42811524786711, 93.36383569262624, 92.69089068591872, 93.38323929325311, 95.26363224064826, 93.87393769605652, 91.24465924806076, 90.23530501395646, 88.72987625398598, 87.23137197661288, 89.3341730526203, 89.1302982750928, 87.57456207060676, 88.07399320688876, 88.84278439904364, 88.08959143429321, 84.50371598688248, 85.95124856963253, 86.25430330333562, 88.00688581668524, 87.2626825439013, 86.94680598991987, 87.9650389419299, 87.494645857893, 87.494645857893
96.56, 96.78002223234084, 97.46349907505913, 98.09410610497311, 97.65740083166325, 99.57214922629544, 99.27275705506229, 94.61700480874632, 96.34034754970946, 93.69647911660715, 93.59393415640686, 93.26931881657364, 88.66951234533883, 85.19105684590295, 86.76225056433717, 86.34924662900717, 87.10375184931524, 87.0331385564526, 87.34537394900946, 85.8926009680988, 87.4916597102574, 89.50890110235493, 89.41625778998137, 89.60120311910246, 85.71553458976067, 85.71553458976067
96.36, 94.06314538586042, 90.34069411425033, 87.5323927715057, 85.25147394837903, 86.09438274800067, 85.38900182917077, 85.4829156262004, 87.75645668499791, 88.71499122825634, 88.48587627065824, 88.54500290790405, 89.22687248112854, 90.005809478727, 92.07789871847379, 88.41901102669728, 87.39720066453795, 84.50371598688248, 85.17067449581766, 85.8926009680988, 87.16598883181699, 87.9043361231994, 86.06501334579752, 85.7271363938974, 86.34402620241099, 86.34402620241099
95.86, 96.75875821431218, 98.31450334917113, 94.85502792230605, 93.47585112267572, 88.23077103931708, 86.201865443056, 86.66588618821808, 84.10845337987462, 85.34691554154828, 85.67588852209451, 84.17834927434514, 85.00796617836136, 85.81502052580596, 87.5684168305319, 88.436040558071, 88.22604897154079, 88.62827690084647, 86.49530932721721, 85.8926009680988, 85.356035806043, 87.24609954032418, 85.52654222118467, 84.98406826740512, 86.78862097995682, 86.78862097995682
96.64, 95.5503606203488, 94.25710617910816, 90.04633415837495, 86.34125141087985, 86.43639967048065, 85.48961899980043, 86.69421110765335, 88.03604326132115, 89.24308633312387, 86.48828331344922, 86.12496555551759, 85.00796617836136, 85.81502052580596, 84.31369739456835, 84.75618479052292, 85.88922846168357, 84.50371598688248, 84.52382558249198, 85.8926009680988, 84.73326827916155, 84.32939815556858, 85.82486939312408, 85.81134913509675, 84.18839048711607, 84.18839048711607
95.92, 94.73216391582754, 94.14701000360277, 94.01680099245635, 94.35495408908888, 86.84996684586842, 85.48961899980043, 86.74516544841448, 88.00832738107466, 88.60210660876534, 89.07755579252965, 90.1302258092352, 89.60369720216083, 85.81502052580596, 86.86414753596473, 87.8680255055633, 87.07033348153185, 88.75631295023378, 87.05356148967657, 87.39914413792076, 87.55416840397314, 87.1982534260932, 85.82486939312408, 86.31173072270313, 87.50627314053894, 87.50627314053894
96.52, 94.48395339902996, 93.23564602776999, 92.03654365427973, 91.98134160415971, 94.34777954423998, 94.57516187079048, 94.24614713961385, 93.73771473141925, 94.03173567796435, 94.49828352583182, 96.27441561894119, 92.63361316187914, 88.88926687526893, 88.20042910667293, 88.94483084413186, 88.73307346742124, 88.12676573353791, 86.0701819607346, 85.54915573916195, 85.86712645535711, 86.84052700405074, 85.82486939312408, 84.98406826740512, 84.18839048711607, 84.18839048711607
96.01, 97.14983113442094, 98.32014894791463, 98.70722979125468, 98.53093093191318, 100.53723925845328, 101.78867785326047, 102.17694869893512, 102.5546449151484, 100.94163890471826, 100.75248779559328, 100.33651110993767, 100.64822591282274, 100.98562990752724, 103.11799147521027, 104.57401434308147, 103.06918075106536, 101.83412437252008, 103.49183771667116, 103.60596425049462, 104.91147466229637, 105.70021448840312, 101.8012649751333, 102.04634767015638, 103.64146410693878, 103.64146410693878
96.74, 97.28734351092258, 99.02914192372661, 95.40819434394622, 96.55102590598509, 97.65831829294484, 96.7767858865225, 96.84736893402658, 96.96854232609516, 96.65428499467994, 95.9677627190558, 97.76362390033098, 97.5543790140605, 94.68704369968249, 92.03794807048874, 93.71825186581573, 92.09559024878699, 93.58586939950358, 95.61534955520598, 94.44904579308061, 95.6032186386248, 97.39862231703756, 96.70283521850114, 97.89279667501378, 95.5597050096751, 95.5597050096751
95.66, 93.76722707183276, 92.46445766615605, 90.99882704352021, 91.11930815038568, 91.80135115240216, 90.00848490086335, 90.37247906431602, 91.14749426975978, 92.41104874519638, 92.66239451393993, 95.10651325764015, 95.4174153685078, 93.54257490158031, 89.50799514936865, 90.11419499466886, 89.44724949098399, 86.55780811695904, 86.16893401397057, 86.14309113630758, 85.42808069574215, 84.32939815556858, 85.82486939312408, 84.98406826740512, 86.63967265120199, 86.63967265120199
96.19, 96.47028991645736, 96.99734368915934, 95.07882228972501, 95.15773005845077, 96.59741761068955, 90.09473678597826, 89.63991905837514, 89.16832994699797, 89.67103074665008, 88.89555737598161, 89.69755282251887, 89.98210028354114, 89.19524238858365, 84.31369739456835, 84.75618479052292, 85.88922846168357, 87.87043747722541, 88.25628100480377, 87.81922589439559, 87.76383379282392, 89.64538760706039, 89.31682194229795, 90.37734322494552, 88.62631741546956, 88.62631741546956
96.46, 92.17524985313041, 94.70043085019522, 91.5141165655095, 91.46324102723929, 92.84457261367662, 94.10039931287197, 94.98096848620749, 96.6574114554211, 95.74724543930935, 95.29661138068701, 92.63797132973505, 94.15477429323808, 91.80702628658189, 93.10217229304504, 94.82173822674345, 91.92563555321102, 91.86264194495077, 92.28686873920826, 89.22414425735722, 86.54019790583982, 87.3533987093927, 86.87795766734236, 84.98406826740512, 84.18839048711607, 84.18839048711607
95.96, 94.26970641675443, 96.7913326781164, 95.08786471718871, 88.76899391584875, 88.66450867182502, 89.49130296022939, 87.49128959412835, 88.60891877277254, 85.25911298499855, 85.67588852209451, 87.59619143099523, 86.37975587875334, 86.07699861865872, 87.79463746403388, 86.1590616568733, 85.9420713538073, 85.06418073488999, 84.52382558249198, 85.8926009680988, 84.73326827916155, 84.32939815556858, 85.82486939312408, 84.98406826740512, 86.1815946387787, 86.1815946387787
95.94, 95.67309342427409, 96.56223291657403, 91.61812606207177, 92.51465580027877, 94.10855548046449, 95.23203923471829, 95.30920137188073, 97.05554914972228, 95.59496496123356, 96.23805906951345, 97.47465712879026, 93.45398875107688, 91.23817125056367, 87.46549996631168, 84.75618479052292, 85.88922846168357, 86.13978834874393, 86.93061550133224, 86.24422624668871, 87.53353943225099, 87.19011342532356, 87.1657531153236, 87.70282625082248, 88.47799208321739, 88.47799208321739
96.52, 97.7165000302185, 96.5149065188641, 91.27701544642589, 90.65326574466775, 92.59304475009718, 93.27229373101858, 92.13233101736218, 93.35663769584154, 93.98591152688995, 93.44878579891483, 93.7705239517433, 90.1675141281166, 85.68778304610876, 87.60783903087348, 84.75618479052292, 85.88922846168357, 86.74660020475648, 87.51464084750944, 87.53552048409627, 87.28228136615084, 88.96561120243233, 88.67996639617827, 89.86663044349591, 87.66687739799728, 87.66687739799728
95.3, 94.13805330200917, 96.07394191011925, 96.05380383994101, 96.38689903225692, 94.8010532841257, 91.29716978753304, 86.68036871781612, 87.37184693822435, 86.73361107726689, 85.67588852209451, 86.51862188729896, 87.24124526175679, 87.37782936986932, 84.31369739456835, 84.75618479052292, 85.03217194194372, 84.50371598688248, 84.52382558249198, 85.8926009680988, 84.73326827916155, 84.32939815556858, 85.15348442767498, 84.98406826740512, 86.08572236773834, 86.08572236773834
95.93, 93.88791273005116, 94.93387502391158, 90.75382798148942, 87.4910304629575, 86.51362548408434, 85.48961899980043, 86.76952067147991, 87.04418787682029, 85.25911298499855, 85.2231650972819, 84.17834927434514, 85.00796617836136, 85.81502052580596, 86.37741925792302, 84.75618479052292, 85.88922846168357, 86.42715471523498, 88.0502449790728, 86.47922494991865, 88.16375307118443, 88.66603059139098, 88.37593189225338, 88.92923331279833, 91.06681792706085, 91.06681792706085
95.81, 94.71510026551597, 96.12918587498237, 95.41984132647823, 94.71678998957643, 96.07971630479081, 92.24337532508517, 90.07373689117918, 91.68165501634289, 91.52317848493293, 91.79431883861169, 92.98726231412564, 92.93841849212095, 93.2955603156612, 92.64560741914045, 91.59580977003974, 91.04748662991474, 93.21835814792104, 92.06776130819686, 92.2925867073419, 93.10640087479214, 93.49987108753112, 91.65729115306222, 92.23566320797148, 85.64931963285885, 85.64931963285885
96.25, 95.71021395021708, 97.46357873329704, 96.03008951487102, 96.44614790671469, 97.19744948237509, 93.47596275725368, 93.69316924301735, 90.06297771852995, 90.99195522224237, 88.70895899670823, 86.32804106537506, 85.00796617836136, 85.65851683618556, 86.23295158922521, 85.8256403680548, 85.56203229899798, 86.76613396253926, 87.96011805307563, 85.8926009680988, 87.50652068544001, 89.19570175985204, 87.2108605963666, 85.24694388302501, 87.16365080903428, 87.16365080903428
96.28, 86.8625322804387, 85.5832802393275, 85.68112224577713, 85.25147394837903, 84.10957757803895, 85.48961899980043, 85.4829156262004, 85.25060723283312, 85.76344833807852, 85.61704850787702, 84.17834927434514, 85.00796617836136, 85.81502052580596, 88.09852162220467, 89.6962553978195, 89.27527084095706, 91.3824404578213, 92.673230589117, 92.64779795970003, 90.11000060091636, 90.90943655346987, 90.41084081480591, 91.46622641724551, 93.08879458060699, 93.08879458060699
94.11, 93.5905943076356, 92.54678057372796, 88.55837738032349, 86.05120094637745, 88.63221549574592, 88.41618788160974, 87.62769305049879, 86.82050110254968, 86.12829197624728, 86.52646306568366, 87.00508877556665, 88.16602294801196, 87.43845836483567, 84.31369739456835, 84.75618479052292, 85.88922846168357, 87.2447732587406, 88.51698791071875, 87.22319880724248, 85.38328209274206, 84.32939815556858, 85.82486939312408, 86.91809694567864, 88.10322377274721, 88.10322377274721
95.21, 94.2588455915676, 93.58874413609783, 91.3973203335077, 90.35348293632363, 86.18127948877249, 86.3691426774913, 85.4829156262004, 85.97779796631548, 85.25911298499855, 85.67588852209451, 88.03267603057282, 86.22285293584731, 85.24443557541883, 84.31369739456835, 84.75618479052292, 85.40597733758509, 87.30050047437916, 88.6379034307668, 85.8926009680988, 85.72117993321682, 85.24997053404788, 85.82486939312408, 84.98406826740512, 84.18839048711607, 84.18839048711607
97.15, 94.9374061002451, 96.69237942802891, 94.51730162785566, 93.66185462966047, 94.67026105301416, 93.20938892972222, 87.21459555507333, 86.09132010973623, 85.25911298499855, 85.67588852209451, 87.72590963362305, 87.84091301346986, 85.54356689685542, 87.32012870839459, 88.04173194908346, 86.03057642243957, 86.06136276331688, 85.43964720614996, 85.22979748162807, 86.30480022849785, 85.26915390911746, 85.82486939312408, 84.98406826740512, 84.18839048711607, 84.18839048711607
97.35, 97.37437173513112, 98.50300925722618, 97.2141908847373, 97.46002745689077, 91.30502973902719, 88.66214229526774, 86.31321519439734, 85.59917977988962, 85.9958149840066, 87.0455254150752, 85.94340435557217, 85.00796617836136, 85.59493182087465, 84.31369739456835, 84.75618479052292, 85.22421068695239, 84.50371598688248, 84.52382558249198, 85.8926009680988, 86.8191934090054, 89.28380339121335, 86.43154771870405, 84.98406826740512, 85.75111199805343, 85.75111199805343
96.48, 96.39897632097396, 96.24090286080366, 95.43444808225999, 95.77514632910685, 90.74645319640861, 90.43852101322045, 89.95550792066831, 91.78763276012094, 92.64574219466243, 92.34158327855917, 89.50426533126067, 87.48847423750914, 87.03150018798931, 84.31369739456835, 85.45139658587581, 86.24025915029293, 84.50371598688248, 84.52382558249198, 85.8926009680988, 85.96170472516984, 87.21670368349955, 86.30566761013543, 86.15375743854467, 87.85079619216569, 87.85079619216569
95.99, 94.6429143740608, 96.90048613894163, 95.10562534945123, 93.42656878684285, 95.42789352216316, 94.01424603146845, 92.91522504949879, 92.2592936226887, 88.82984949812146, 87.26907053073633, 88.43798562554416, 87.8760666088631, 88.46317667561426, 88.55576724142854, 85.768397621989, 85.34069100405667, 85.50339467431843, 85.66528215192997, 85.34367403022503, 86.35276581837128, 87.04572403149498, 85.73399885678869, 84.98406826740512, 86.74356279305907, 86.74356279305907
95.69, 95.22714960290241, 95.86354624997414, 95.04086795761451, 94.70277946988011, 94.52954632734598, 93.83784446310749, 94.38184031959707, 93.42860576717128, 91.90660269440166, 91.81757158551976, 93.13476993719222, 85.00796617836136, 85.81502052580596, 84.31369739456835, 85.76178389118854, 85.95636002327487, 86.95553851187323, 86.61217918741617, 85.8926009680988, 85.45536408260847, 85.2404866797209, 85.82486939312408, 84.98406826740512, 84.18839048711607, 84.18839048711607
95.3, 94.3128789651301, 95.85217676472396, 95.17874486414765, 95.19760057314554, 97.23991099828824, 95.51574873817873, 91.92676075624277, 93.31473980377984, 94.34656983203509, 93.67819780905548, 95.48362877391493, 93.83047728117428, 94.59605451439036, 95.18966275156046, 96.5291858664866, 91.62261517481843, 90.17462186179681, 88.97395919728531, 87.41355035392306, 89.14983664643147, 89.30504843388286, 89.63295044759278, 90.94349252176076, 92.45650030012811, 92.45650030012811
96.0, 92.81284515260036, 91.14286437392931, 88.73461058261435, 87.7924511612632, 88.2062224387978, 85.79713605617042, 85.75507995435076, 85.18953207489565, 85.25911298499855, 85.67588852209451, 84.17834927434514, 85.00796617836136, 85.10250046349103, 85.31273781079082, 86.30570035593387, 85.63210685096136, 85.96263463040736, 84.52382558249198, 85.8926009680988, 84.73326827916155, 84.32939815556858, 85.82486939312408, 86.1627843928903, 87.9427135538704, 87.9427135538704
96.31, 97.50318251385447, 96.87509199245481, 96.07049821282732, 95.48766783333153, 95.92148253282305, 94.6883012108405, 92.53588626722217, 92.49968301885308, 90.39050054017433, 87.85030581244024, 88.49873444774087, 88.23352047154518, 85.81502052580596, 86.41581938728926, 84.75618479052292, 85.88922846168357, 84.50371598688248, 86.61600675573852, 85.8926009680988, 85.01133989029843, 87.09910199399378, 85.5335342805954, 85.20925251223721, 86.05617540534136, 86.05617540534136
96.57, 93.77831899026535, 94.92071598850949, 92.887050003224, 92.22522464818513, 93.36873850328358, 91.04614607218792, 85.4829156262004, 85.36229094273224, 86.4805749341108, 85.67588852209451, 84.17834927434514, 85.00796617836136, 85.81502052580596, 84.31369739456835, 84.75618479052292, 85.23444058193533, 84.50371598688248, 84.52382558249198, 85.8926009680988, 86.7508404132302, 87.64795289391624, 88.15607685225388, 84.98406826740512, 86.59535672119046, 86.59535672119046
96.32, 96.79463889802939, 93.88883635732643, 94.13221284687022, 91.0304297943106, 89.17503030770057, 85.48655787192851, 85.4829156262004, 87.09239536097947, 85.25911298499855, 85.67588852209451, 86.01254118058743, 85.43079657668197, 85.81502052580596, 87.47927937582004, 84.75618479052292, 85.88922846168357, 85.80810200665869, 86.629101271303, 85.8926009680988, 85.72596598358358, 86.47838078378771, 86.56959399973178, 85.39863687524519, 84.18839048711607, 84.18839048711607
96.54, 97.8853278839438, 100.03131851006928, 100.24266663937242, 99.56560465271922, 100.94026376739534, 95.68073917732224, 94.86519471680357, 95.01461772993342, 93.15282906900354, 93.95405587541327, 95.90241282008651, 95.03680956737055, 95.64368187249806, 97.20364249598822, 96.77495239702543, 96.36363304255836, 96.49827455802044, 96.80466056213804, 96.88725999047209, 98.49193316726901, 99.83751604982396, 98.38833831167246, 98.74777869744898, 100.09675274959527, 100.09675274959527
97.01, 96.38189186359344, 97.48298117245103, 95.14844388751963, 94.80989347684724, 95.05687785507183, 92.86017373394898, 88.070900009653, 85.46075459191488, 85.25911298499855, 85.67588852209451, 85.61525037216933, 85.00796617836136, 85.81502052580596, 86.98959527482268, 84.75618479052292, 85.88922846168357, 87.77077708203765, 87.94020594352781, 87.55786671943052, 84.73326827916155, 87.12844943329327, 86.3893827803433, 87.06115557724866, 88.12475747426797, 88.12475747426797
96.77, 97.93298305804112, 99.51119378656406, 97.78499466454892, 98.71671093070198, 97.7443509293492, 96.42089126732789, 94.29135604908552, 94.16839082583991, 94.70335023078357, 93.33434584419177, 92.3850748620869, 90.77783958973754, 90.53753216208716, 90.88278143106184, 91.48407027278886, 91.04360090113524, 90.4808829224063, 92.09415564072597, 91.4861682517265, 87.57204699627091, 88.65344640393442, 87.66278491155661, 87.40171873176033, 86.21629312086681, 86.21629312086681
96.24, 92.15271164362039, 92.73079410150615, 92.63511722724084, 93.53156357628683, 93.92041312354255, 93.42219561154918, 88.50965080446916, 90.60572030233624, 89.99772583587176, 90.37740963813098, 88.92197436174597, 89.86113536361808, 85.81502052580596, 85.5668185314753, 84.75618479052292, 85.88922846168357, 87.34775459184321, 88.91761447192859, 88.09244175284462, 87.27812315655348, 88.75653539643311, 85.82486939312408, 85.38771213743604, 87.63132571606793, 87.63132571606793
96.66, 94.37815117370067, 89.6570591860486, 90.19984220694006, 90.96714388601802, 92.68614684283465, 93.21814864076181, 88.93004019131833, 88.32847471149263, 85.25911298499855, 85.67588852209451, 85.7513885898275, 85.00796617836136, 85.1899690105092, 84.31369739456835, 84.75618479052292, 85.07494662666751, 84.50371598688248, 84.52382558249198, 85.8926009680988, 86.87535449634156, 87.12025380632112, 86.97400065394753, 86.73910854221442, 86.30696251086903, 86.30696251086903
96.16, 95.5629467329394, 97.06620233173057, 96.31139017383764, 96.16137364881881, 93.50329543365314, 88.25353346402271, 88.48071815666688, 89.0848612304271, 89.33636090231009, 87.46928108062208, 87.20826490467253, 86.53909080350833, 85.81502052580596, 84.31369739456835, 85.34409195631851, 85.73070639287118, 85.90890637976574, 86.27245665088869, 85.8926009680988, 86.47227002079735, 88.69407887448, 87.91345093956153, 84.98406826740512, 84.18839048711607, 84.18839048711607
96.85, 97.78966958203166, 99.56608331091016, 97.26684142769086, 95.63198962371233, 96.10653608792414, 96.49380074324286, 96.28348286297863, 98.08637511876118, 95.28443488602518, 92.60391733264754, 92.81591383289167, 93.88653500926257, 92.29533066148734, 91.86006859686672, 92.6866180360917, 90.22596459643226, 91.3816944390352, 92.6796096251739, 91.28246123868533, 92.36567563431522, 94.60341443901106, 91.83378775623525, 88.81786993510352, 89.88437901683407, 89.88437901683407
96.24, 95.51610040456225, 92.56670911611384, 92.87165785243089, 90.73418976139956, 92.09531403779053, 91.73098091553452, 88.2757548388506, 87.83267712318619, 88.43181221707108, 88.98434456891454, 90.20861318343255, 88.7191112909883, 87.68743936069403, 86.35236983563814, 85.71388625891073, 85.60571936641489, 84.50371598688248, 84.52382558249198, 85.8926009680988, 87.41820907218481, 87.75526470550827, 87.18696028467711, 84.98406826740512, 86.70957252237108, 86.70957252237108
95.41, 95.00292847969564, 94.64654463239131, 94.7334962453479, 94.44187200041249, 95.9134617131481, 96.34396306249954, 95.4587308380501, 95.77656966807689, 94.7000400500088, 95.11941215359231, 96.84953450261278, 94.59950182778185, 94.82072695426753, 96.27914519049278, 93.72414562567344, 91.3207763553169, 91.52339938034262, 92.52939951501361, 88.7979174995428, 84.73326827916155, 84.32939815556858, 85.82486939312408, 87.19821453360755, 85.56912808981656, 85.56912808981656
96.43, 95.69151641955446, 97.64601815690398, 95.16568954492207, 94.36753437256104, 95.54192474265322, 95.9404518917158, 95.31611160295328, 96.7328751554805, 94.16315827215449, 93.38470648570282, 94.05186201739548, 93.72733839389413, 94.03470993380573, 94.12771022966109, 92.5005357998736, 88.35628960661124, 90.28109294322095, 91.30661590354035, 89.00451495919167, 90.04124998036947, 90.72491447975963, 87.8427077691608, 85.62664889421697, 87.30013480658899, 87.30013480658899
96.3, 97.07554949526133, 96.2976382991297, 95.86795032800525, 94.05409808381617, 95.94817350358444, 94.73527601240842, 92.77646151797916, 94.48406183504088, 93.72195254542163, 93.61475213321249, 90.9310225572432, 92.04315692849401, 89.74990611458836, 90.99501710653504, 90.50895010638745, 90.7634171282918, 87.92338125179234, 89.02454303467573, 89.68167209903548, 91.20855079743912, 91.53078488349755, 90.40780789009015, 91.12137605155725, 91.17140578145563, 91.17140578145563
96.12, 90.92210346548018, 93.31987127087723, 92.14382943591659, 88.17843922970594, 88.95070333514123, 87.94776016306395, 85.97358333132347, 85.10942144120331, 85.25911298499855, 85.67588852209451, 87.35619933470363, 86.48149368826431, 85.56250580712415, 85.39128858577322, 85.25965851326839, 85.88922846168357, 84.50371598688248, 86.58552193081391, 85.83865002706897, 85.19410292841299, 84.32939815556858, 85.82486939312408, 87.0473654489352, 87.83632013028982, 87.83632013028982
96.16, 94.64754247703965, 96.4612420772431, 96.58707177399742, 97.10569471135369, 98.99114888398294, 98.81623142133992, 98.50923771204839, 99.36724964033868, 99.40581982625264, 100.37546419204544, 99.37845666140393, 100.24492824832785, 99.59830081045538, 98.71544941171283, 99.02467580139448, 96.6284003462049, 97.64294483234788, 98.28893817007996, 98.21146535190984, 97.50055745007975, 99.3730288171481, 100.15106662776306, 99.93291945977232, 99.39652612238092, 99.39652612238092
95.26, 96.18830099019972, 94.50367837133307, 95.08592213752118, 92.67186094523787, 93.875997917048, 94.9644028097978, 95.32102236501287, 94.48385874984736, 95.29218499448237, 94.96332377079662, 95.35483818164946, 93.9225729194116, 94.11326103962024, 93.45303194230065, 88.84909889311051, 85.88922846168357, 84.50371598688248, 85.56129293518795, 85.51014752408155, 84.73326827916155, 85.0343902361619, 85.82486939312408, 86.16738311848034, 88.47887143250706, 88.47887143250706
96.48, 95.74265057077604, 97.96312944006652, 96.11076574587163, 95.98618164317189, 96.78504873290879, 97.21675425360567, 96.67768153931057, 98.16771663913394, 98.85925928700203, 96.91102854800411, 95.49800426675804, 95.38244642007714, 95.66448743897509, 96.5923927568523, 97.1813994420556, 96.74799625099192, 98.35990075432855, 97.56332210431522, 95.45218082621851, 93.91311585824293, 92.84590557583456, 92.4213845004837, 91.99071356688539, 91.6172752479206, 91.6172752479206
96.99, 96.3352472276403, 95.84467512877711, 94.70454596654297, 92.56864874902571, 94.07484679452084, 90.43729914192761, 91.13891802542216, 91.91485660645282, 90.53934781782073, 90.54533420465116, 91.92965195911589, 88.19932811986409, 87.38108497676124, 87.11939425256595, 85.55864203087307, 85.88922846168357, 86.70056071471326, 84.52382558249198, 85.8926009680988, 86.89420789108749, 85.57819637143463, 85.82486939312408, 85.38337793619809, 84.18839048711607, 84.18839048711607
96.7, 91.76071353945244, 92.94368592931271, 93.12268304057115, 91.65365407977839, 90.9738358846264, 89.99097938680899, 90.75256510008832, 88.7439019770543, 89.78347209134036, 89.37436383364496, 90.13761746830927, 91.82239589747779, 89.76161441418897, 86.71564805193503, 88.13314971359969, 86.87586541914727, 88.28346703469873, 87.0049197254385, 85.21549857621743, 84.73326827916155, 84.32939815556858, 85.82486939312408, 84.98406826740512, 84.18839048711607, 84.18839048711607
95.54, 94.67345084873462, 93.88286168977424, 94.48363002044547, 95.06282065546128, 95.7670429492751, 95.02705116871566, 95.87592470945721, 97.61614300919516, 97.65078743239009, 98.54252661082336, 97.95089430354717, 99.4437577989674, 99.39934102818252, 96.10738326863944, 96.53108990946278, 89.91288167120614, 90.71153343765113, 91.40603528552411, 89.94749599479515, 89.37578743200223, 91.09006145910276, 85.90909204337717, 84.98406826740512, 86.23191129471616, 86.23191129471616
95.27, 95.7166433153674, 96.34304293830976, 95.84130052195646, 96.99623106639895, 97.58215843971867, 94.16594886204733, 91.53430980001875, 91.51419044963839, 91.2436712737145, 91.37274216426341, 91.35578068630747, 91.6957796880562, 89.2281988551144, 90.1126529817747, 89.4002541405773, 87.75913208850537, 88.13441893553272, 89.16571695539308, 85.8926009680988, 86.66292632783576, 84.32939815556858, 85.82486939312408, 84.98406826740512, 84.18839048711607, 84.18839048711607
95.23, 92.42119896428764, 93.55374133195654, 91.90841066462917, 92.46324982334463, 92.7849466234265, 90.4122989113711, 90.42899749163503, 92.32027843218351, 92.06279559927395, 92.7831865458987, 95.17346014920268, 95.52645612739403, 92.38419439833935, 86.58718670034325, 85.89930661659716, 85.88922846168357, 87.3286738519843, 87.54187655630776, 85.41169717502238, 85.64650757022467, 86.39650270852681, 85.82486939312408, 84.98406826740512, 84.18839048711607, 84.18839048711607
96.99, 96.86258714333592, 96.6785558588192, 95.4464964557077, 96.35510446937657, 97.33848197242523, 89.80930778216761, 89.35089145462848, 89.82984064233074, 88.5879511167758, 87.38110949389203, 87.57059460929935, 85.00796617836136, 85.81502052580596, 85.36945362737737, 86.61477165539314, 87.17587222461812, 88.00326811799319, 90.07746587585797, 89.60248758134824, 88.27627763903033, 89.17315901652675, 88.65938352002603, 88.03279964899663, 85.51173522872814, 85.51173522872814
95.8, 95.96528512781882, 91.64049583691667, 89.81837019890641, 89.62510125909567, 89.01142194544218, 89.32329701995867, 87.5359804857683, 87.3287527225429, 85.59792765612481, 86.37801425658053, 85.51678630622773, 85.00796617836136, 85.81502052580596, 86.00716825983129, 85.46010591664124, 85.88922846168357, 86.857941527837, 85.1234309598758, 85.11573907830778, 85.66781930564109, 86.33376086585234, 85.89507529802188, 86.44342306188706, 85.55593119134036, 85.55593119134036
96.9, 96.92720291329614, 97.51768837216811, 97.4168530554977, 96.09021731716544, 98.2126508449794, 98.38290237915518, 96.92399769625172, 97.3498505037699, 95.66235118311954, 94.71904173430478, 96.55249597663915, 97.09947244389683, 96.15909166939096, 97.03094080682241, 97.03255622055883, 94.61766349135809, 94.04975473246941, 92.9394286359832, 91.92274572636111, 92.48348827261442, 90.71077527985497, 85.82486939312408, 84.98406826740512, 84.18839048711607, 84.18839048711607
96.28, 97.11338149914383, 98.1700155405581, 95.91042229747312, 93.78943688855624, 93.5843216448908, 94.5703828523361, 92.24969096472257, 93.22778635248538, 92.64674502665729, 91.87001736979097, 91.73901578017863, 90.40818976636392, 89.58510742710655, 85.04914884620469, 85.62498084237065, 85.36293844570102, 84.50371598688248, 84.52382558249198, 85.8926009680988, 84.73326827916155, 85.73167075042568, 86.28853875292538, 86.99916840146095, 85.45944573442627, 85.45944573442627
96.05, 89.25006858003982, 88.7446369589197, 88.93186867624179, 85.1044406884174, 84.10957757803895, 85.48961899980043, 85.4829156262004, 84.10845337987462, 85.4528178349678, 85.67588852209451, 84.17834927434514, 85.46958474943793, 85.08998172193891, 86.73747258977906, 86.91450267988881, 87.28804677411229, 84.50371598688248, 84.52382558249198, 85.8926009680988, 84.73326827916155, 84.32939815556858, 85.82486939312408, 85.17482760479422, 86.08786290507568, 86.08786290507568
96.31, 88.79710364631522, 87.51110102260752, 87.00448877139974, 88.12860317809461, 85.83571018986879, 85.48961899980043, 86.44019517390007, 84.10845337987462, 85.25911298499855, 85.67588852209451, 87.50285705500957, 85.00796617836136, 85.81502052580596, 84.31369739456835, 85.75757894563242, 85.88922846168357, 86.90891356671308, 89.07368467459865, 85.8926009680988, 86.36015007103195, 87.8199224951438, 86.36123334599277, 84.98406826740512, 86.8337247694867, 86.8337247694867
95.66, 95.77627747853967, 97.73176899330078, 96.60851126380132, 96.9184127570246, 98.63537157460993, 90.51373241843044, 89.02015007913057, 89.22344666571377, 90.06312158367206, 87.55163764499576, 87.10345255300078, 85.51426797888956, 85.81502052580596, 86.9866357945696, 87.83311732456526, 85.24333301446144, 84.50371598688248, 86.30540072225917, 85.81541722787364, 85.35234338033435, 87.07216359585611, 85.82486939312408, 85.4145075811806, 86.66136035571942, 86.66136035571942
95.86, 97.36973666468276, 97.48018192967336, 89.28923165727862, 89.30406368505764, 90.22665332104286, 88.93383117096364, 86.49227334322669, 87.78280309949734, 87.30145333268715, 87.01344411318368, 88.02967922494933, 85.00796617836136, 85.81502052580596, 85.44933996484941, 86.75499885024682, 85.84098512201976, 87.08986459106187, 87.49934575555642, 85.79252307429036, 85.66092197139203, 87.5404626065282, 86.84281921359911, 86.56554076220957, 86.1128704138112, 86.1128704138112
96.56, 97.52001159299536, 99.57579158021743, 98.72322388527105, 98.37793824128386, 100.9612358032659, 100.47058564326791, 100.3891794151778, 100.74098130269044, 97.8597808906324, 95.8735959724561, 95.7150607167878, 90.09009343232442, 87.42557872297348, 89.66894608373342, 89.73494142232363, 85.88922846168357, 84.50371598688248, 85.33105357288551, 85.13272414996716, 84.73326827916155, 85.77816864715736, 85.82486939312408, 84.98406826740512, 84.18839048711607, 84.18839048711607
95.7, 96.88258023959692, 97.43320633060854, 98.16945838850779, 95.84695111548591, 97.42608452540652, 96.82907416568872, 94.31844363145946, 96.0649452951783, 92.4790671880631, 91.57034255461078, 89.31404648539767, 88.7609671860827, 88.59387170249606, 88.5804605288192, 88.73376885721598, 85.88922846168357, 87.11531332819553, 87.00040218616002, 85.8926009680988, 86.40320601979644, 85.75538502687422, 85.68209639104907, 85.34195950178717, 87.05016309739159, 87.05016309739159
96.23, 95.98252439426551, 91.878595301001, 90.57478667283671, 87.48502794792968, 88.81774713443353, 87.2720715788189, 87.96728569099521, 88.09035725436037, 85.25911298499855, 85.78326635750071, 87.18785521134866, 87.79461879895308, 85.14777213287998, 86.36971088255105, 84.75618479052292, 85.88922846168357, 84.50371598688248, 85.51819942119106, 85.8926009680988, 85.16889276253328, 84.32939815556858, 85.82486939312408, 84.98406826740512, 86.62858972007437, 86.62858972007437
97.31, 98.53130813555691, 96.7055894324182, 95.6862477789025, 90.77968994584654, 91.80518307101755, 90.34480268288357, 88.61288523622642, 88.40240523674981, 89.03526472936292, 86.9975574322498, 88.5024374535002, 88.5692255374906, 87.57226977518626, 88.3122405814009, 86.35901591859312, 85.71079284287025, 87.69202219692562, 86.54915606316698, 85.8926009680988, 84.73326827916155, 84.32939815556858, 85.82486939312408, 86.6546552691745, 85.9947389558421, 85.9947389558421
96.62, 96.8728360075806, 99.13374233421466, 99.09750925061601, 100.39307415579603, 102.06092916986901, 102.4672048373121, 100.60625086098291, 99.36130682302347, 92.61525807055918, 92.38354861133043, 94.59795925358077, 93.30083250492068, 93.08349319362618, 95.32860299913673, 94.246084343358, 91.6831461050836, 90.4177887547816, 87.43572989276011, 88.12877521068657, 86.68032707029882, 86.68693243282283, 85.82486939312408, 86.7585318314639, 88.57710445252667, 88.57710445252667
95.99, 96.19653956907652, 96.01207506935249, 92.19422383005049, 90.76952849404957, 92.82819161779909, 92.37704469629449, 93.04110907690837, 92.08964048047719, 85.99815900491694, 85.67588852209451, 86.1915249741775, 86.0028352977735, 85.73575307254477, 86.87123758657033, 87.31979755035331, 85.88922846168357, 84.50371598688248, 84.52382558249198, 85.8926009680988, 84.73326827916155, 85.54303382703722, 85.82486939312408, 84.98406826740512, 87.09064970638418, 87.09064970638418
97.28, 94.46136723159475, 94.70332288932185, 92.27669783702693, 90.90906716365255, 92.20734357855041, 90.29879139752107, 90.8648477047001, 88.05946990021157, 87.91521168044397, 85.05539146768605, 85.97368277588525, 86.33207667685417, 86.38309161908056, 87.56612905646453, 88.12933396785866, 88.04835385043073, 88.29881901128408, 89.92757171321321, 85.8926009680988, 87.01219708027136, 87.53792190520306, 85.82486939312408, 84.98406826740512, 86.8614795079184, 86.8614795079184
96.19, 97.76802235580116, 98.01094859505197, 95.21996064921015, 96.3260676811491, 91.37843203325072, 91.6761256528748, 92.11461666150781, 93.82585003381266, 92.90026012300584, 93.65562800569407, 93.12473834340024, 91.18434125926595, 90.74978258872665, 92.05682983942053, 90.67940956595218, 89.97886596365026, 86.20360625095083, 84.52382558249198, 85.8926009680988, 85.48248238498638, 85.42479446788657, 85.82486939312408, 85.24008813834233, 85.5582864418903, 85.5582864418903
96.97, 95.46114541749722, 96.78490097733717, 97.11792848410062, 96.56919359522354, 98.6131837945566, 99.58759162757775, 95.63909457098146, 95.37202719276482, 93.00870212536476, 93.25356892413824, 92.97993179594752, 94.35865097900262, 94.02891914418697, 94.75171596033273, 90.74424834883143, 90.07926855709614, 92.20760550056632, 93.27065701850866, 89.34727354819739, 88.06169097360637, 87.63552880930825, 85.82486939312408, 86.26099069911737, 87.09218260291274, 87.09218260291274
95.9, 91.96475297822315, 93.72679337756998, 91.48357086446994, 88.97915864054717, 90.2687172504652, 89.80424502117278, 88.36481376532308, 88.55260580590979, 86.96874988674149, 85.44158996681044, 84.17834927434514, 85.00796617836136, 85.81502052580596, 84.31369739456835, 84.75618479052292, 85.88922846168357, 84.50371598688248, 84.52382558249198, 85.8926009680988, 84.73326827916155, 85.85463345512126, 85.82486939312408, 86.6598511057531, 86.55699622908726, 86.55699622908726
95.27, 95.98674358710626, 96.64833133861401, 96.51518709604599, 96.03426603447986, 87.39754765958506, 87.79244930989604, 85.4829156262004, 86.85371380519145, 87.37503620751635, 85.51764854775675, 86.3870448138842, 87.21438388240894, 85.81502052580596, 87.08319740618582, 86.87336802921087, 86.40793167181616, 84.50371598688248, 86.48999538441315, 85.55339194438955, 87.29953854464962, 85.59052405545283, 85.82486939312408, 84.98406826740512, 86.91438182262813, 86.91438182262813
97.08, 97.83099736062077, 98.12310731433209, 98.446835530136, 96.50636852385426, 98.94279553959124, 99.33182957792444, 99.07022899598374, 100.81926674223321, 99.92508486485066, 93.5598615552644, 94.56093901166466, 90.93429628444527, 90.22295786824789, 89.17180912272319, 88.99660940479241, 85.88922846168357, 84.50371598688248, 85.93003453994153, 85.30641113726095, 84.73326827916155, 84.32939815556858, 85.82486939312408, 85.21699396853309, 86.28722099893128, 86.28722099893128
95.89, 92.96848801426891, 92.12782042329442, 91.89859929736008, 89.37458433560403, 90.95100949543438, 88.53940741776901, 85.22565065582243, 86.6664205044834, 85.25911298499855, 85.15251036569845, 84.17834927434514, 85.00796617836136, 85.81502052580596, 87.43517086523447, 85.99836318539607, 85.88922846168357, 84.50371598688248, 84.52382558249198, 85.8926009680988, 86.5759329298478, 85.86450520189682, 85.82486939312408, 84.98406826740512, 86.38356784175488, 86.38356784175488
95.73, 93.21057246102241, 95.47629726797575, 95.74622024195976, 96.36138951880584, 94.3181078535004, 93.8843642223087, 94.50675228821007, 95.09993684706174, 93.62535417078769, 93.93575257223124, 94.8849963777707, 95.06417545961942, 93.459141898677, 94.0372821214209, 93.21849922598228, 91.1986117536925, 93.3573612041087, 94.23463591257519, 93.21942412609629, 93.48289259635483, 91.5815001584944, 91.11926827938387, 87.92530242107016, 86.72918965148597, 86.72918965148597
95.51, 97.13363213445591, 97.86005395549951, 97.94978525058093, 97.79873057373204, 99.28951383504182, 100.13976979371313, 96.3546237469686, 98.3132087912954, 94.2402820633055, 93.01915887667178, 89.8733313323213, 91.15104450467409, 89.21561546978698, 90.31968879901589, 89.73263392261504, 88.40314361244079, 87.65111592216934, 87.36819403159161, 86.72353306395074, 84.73326827916155, 85.06138334827537, 85.82486939312408, 86.41223365063543, 85.71956628804742, 85.71956628804742
96.13, 93.40774489223742, 91.7531817512156, 91.13000965310583, 92.51016982983676, 88.11898175785709, 85.48961899980043, 85.4829156262004, 84.10845337987462, 85.25911298499855, 85.78181473090208, 87.95992321842023, 85.00796617836136, 85.3800680490888, 84.31369739456835, 84.75618479052292, 85.88922846168357, 85.10842060746859, 86.10594214602835, 85.86566284946728, 86.09415449554233, 87.3065003063426, 85.82486939312408, 86.32023690225434, 87.86535244010787, 87.86535244010787
96.78, 97.77933477905347, 99.41164375403035, 98.58715305547311, 93.01109509508159, 91.78372012622309, 91.23255620274668, 91.95345357973731, 93.14001518050057, 92.42373537393281, 93.23258485879799, 94.69610372110618, 95.05878607040242, 91.32325036122833, 91.7043282887318, 92.12075258086227, 89.73035484879904, 91.57001076261064, 91.20947594944307, 90.29743887598292, 87.82086749900303, 89.10840957738398, 89.08129629869372, 88.32404482522065, 89.73600093471626, 89.73600093471626
95.5, 89.10687300010112, 87.42473041166654, 86.93504366154409, 87.67071697839889, 87.74299536697458, 87.0997259227715, 86.78513550892184, 88.91983769814065, 86.23782331717693, 86.53670229718594, 86.91989583459517, 85.00796617836136, 85.81502052580596, 84.31369739456835, 84.75618479052292, 85.33877726333571, 85.39587747110734, 87.03691583965566, 85.8926009680988, 87.31097589401385, 89.5173004765097, 89.83172572616856, 86.78956163593104, 88.92811812388179, 88.92811812388179
96.65, 95.53727449296707, 94.78748585576723, 95.36566976689579, 96.60015278256934, 95.76654784460369, 96.06667718406446, 96.57734506704745, 98.1344292543294, 96.5012619298674, 96.02799366147063, 96.13711136349727, 96.94744399484729, 91.11292839672024, 90.78931748011253, 92.5312776805184, 92.92010699268275, 92.30909184628767, 92.8386336304372, 92.9943876657421, 93.4385869151351, 93.90817310923846, 93.51270914493504, 94.8554577640772, 96.45258717333526, 96.45258717333526
96.3, 97.7924430542276, 98.51902859866084, 97.82067276655603, 98.3237292395215, 100.3425691839346, 98.25662121598738, 98.94735958920144, 100.15012021008143, 98.28471729243284, 94.58956986624452, 97.09749697905806, 98.2804322331667, 93.70623840136095, 94.58042075886686, 96.18208915591497, 95.45010636330424, 96.3439911955297, 96.53960734298728, 96.70246952422968, 95.6392738384662, 94.81707705852915, 93.88419727152937, 94.98003884726137, 96.23038597218515, 96.23038597218515
96.45, 91.9746917322256, 94.14680521804829, 93.70841637266109, 93.25731497975522, 93.5916143948351, 91.48713515428307, 90.28570763927529, 92.18165102437133, 92.10644461073483, 92.0692302798116, 92.91003471605646, 89.69220511619841, 86.04254262454158, 86.90634691101903, 85.45263931493469, 85.88922846168357, 84.50371598688248, 84.52382558249198, 85.8926009680988, 87.54414602851753, 89.2946630471614, 87.85344789305125, 88.94374735670226, 89.30127456206463, 89.30127456206463
96.08, 96.75921873624443, 94.63201058771972, 93.29811784761266, 93.49995278206515, 93.87726262876528, 94.92416251527908, 94.36398997588427, 92.8396347572714, 92.19457656674696, 92.07662738196186, 87.61621039784184, 87.08418904112793, 86.88931833677879, 87.16148704760252, 86.62637993758473, 86.42678342722837, 84.50371598688248, 86.47778948261123, 85.8926009680988, 85.28465104674738, 86.05312893237539, 85.99130569265839, 87.44430582375617, 89.64231465268159, 89.64231465268159
96.2, 97.58957588941333, 98.31985394601107, 99.04949454438002, 99.01230805753568, 101.52415771648724, 99.62235520664969, 97.45230686134374, 96.06011341907028, 96.38703984914179, 95.31079904826385, 95.66834933309136, 96.07056916293786, 95.39881905579571, 97.08054152900203, 96.14115167149195, 96.25147589924856, 97.36953034475955, 99.08106307509854, 96.82031706668049, 94.91262860359636, 95.7964409661026, 96.47505746652321, 96.98268869225382, 93.33441926520027, 93.33441926520027
96.31, 95.42445045637417, 95.4457645376217, 88.98756699248915, 90.05408005317136, 89.01162405977229, 87.79755763112689, 85.4829156262004, 86.7068220720744, 87.51525460116837, 86.67890238691149, 86.45624845166267, 88.00204433236776, 86.85743116328348, 87.2314141738022, 87.95371193111768, 88.35184033964146, 84.50371598688248, 84.52382558249198, 85.8926009680988, 87.18723144714387, 86.07306234696053, 85.82486939312408, 86.68278572111713, 87.9837956415105, 87.9837956415105
95.99, 90.51961196684543, 92.84777199164307, 93.16710912048109, 93.89784895476704, 95.52879941181911, 95.9252359244496, 96.6043747351462, 98.07740788696542, 96.52952238216518, 96.02871202374779, 96.97687960537742, 95.18271616674953, 92.78444903271536, 93.48187626796899, 92.60639394704086, 93.44129845216635, 90.31534279610125, 92.1685154702611, 92.53428552211156, 89.01415907448238, 90.40380233078768, 85.78218447783132, 87.03215415432359, 87.11660081007071, 87.11660081007071
95.17, 95.79926657427947, 96.03426504908681, 96.12522800270649, 95.73538239008542, 95.26562371211183, 88.31053001437509, 85.03831855141713, 87.10962076111048, 85.24290818658721, 85.67588852209451, 86.47160795092162, 86.84887787662342, 85.81502052580596, 87.07629520026701, 86.16513458658132, 85.88922846168357, 86.194479656589, 84.52382558249198, 85.8926009680988, 87.04951554888441, 88.12106638735001, 88.16756817085822, 88.55429080014255, 89.61339627790706, 89.61339627790706
95.86, 96.26290035282207, 98.40954697488695, 98.85965065239837, 99.00010378527189, 96.12435223740131, 95.3080444304613, 95.07626915864257, 94.2751193604749, 92.92652904094548, 91.52790269726196, 87.42037233507045, 88.40238007539523, 86.26849709176402, 87.29751555577846, 87.88670540521849, 85.1001160455031, 86.13514259859168, 84.52382558249198, 85.8926009680988, 86.79340082629072, 85.6092744666585, 85.82486939312408, 87.18761312433864, 88.93491997060039, 88.93491997060039
95.55, 92.83631695829482, 91.71361067107789, 92.19831103536299, 92.36123617981974, 84.10957757803895, 85.09842062201896, 85.4829156262004, 85.79037644631246, 85.25911298499855, 85.67588852209451, 85.83214918291088, 86.42781651689228, 85.81502052580596, 84.31369739456835, 84.75618479052292, 85.88922846168357, 87.76516199349408, 88.89059855830187, 88.64977615873842, 88.19468865068015, 89.84395140003775, 85.86389878418734, 86.36522437025823, 88.47486769060784, 88.47486769060784
95.95, 93.2256351160577, 92.45949987700149, 92.99940006369508, 93.54877713346373, 94.41999189487194, 94.87077688561843, 91.89775208929436, 93.09070964424106, 91.41643669499814, 91.14090201839605, 86.73667711826096, 85.00796617836136, 85.81502052580596, 85.7906629239223, 84.75618479052292, 85.88922846168357, 84.50371598688248, 84.52382558249198, 85.31065836023137, 84.73326827916155, 85.29596475598595, 85.82486939312408, 86.11515960669115, 87.05612554353314, 87.05612554353314
96.46, 93.43625636949405, 93.72123927010585, 89.96198877227685, 89.68950002553075, 88.89136578019803, 87.00493670456767, 86.92825410796952, 87.35846326369814, 86.11128734698733, 85.67588852209451, 87.5575589645451, 87.14499887840356, 85.32290386210694, 86.85653949304744, 88.23974390800417, 89.07997983241417, 89.38865397109313, 89.5549026562696, 88.61250052013216, 89.70962692057668, 91.56227966031946, 90.71775685772151, 90.54865060553321, 89.9362966786724, 89.9362966786724
95.87, 97.17607023377332, 95.7995325505581, 94.5481764651505, 93.63965076061412, 94.35661158863465, 94.63830483379276, 90.27887828671405, 90.52677957707635, 85.4253966498633, 85.67588852209451, 84.17834927434514, 85.00796617836136, 85.81502052580596, 85.52187468193857, 84.75618479052292, 85.88922846168357, 85.62394667076508, 86.1661601741852, 85.8926009680988, 85.01954719089049, 86.57743957301557, 85.82486939312408, 85.77033779753984, 87.56525113422641, 87.56525113422641
95.67, 93.83176690745195, 93.7405416381842, 94.3548647192899, 95.41150913033415, 94.1760482679904, 88.89525103517232, 85.4829156262004, 87.0058110898423, 87.16021522537618, 87.89240307679106, 85.33123450826047, 85.00796617836136, 85.28346216519819, 85.12745266996254, 85.73384908679415, 85.88922846168357, 85.49558022498933, 86.2441391812989, 86.24984660637661, 88.07877866805248, 88.72387862607404, 89.36713222931135, 89.87772086854287, 90.89426783065993, 90.89426783065993
96.57, 97.83836574932772, 98.93742416553344, 99.09856696663796, 99.59951607274853, 101.15370953938341, 101.99873864454777, 98.35114496028218, 99.95154019269397, 100.83624157503306, 100.2504933862079, 100.61986329612466, 100.7431167340495, 97.55770092593743, 98.35383990476629, 99.47555714458143, 100.2014417391602, 100.50976844705953, 99.83606171703221, 98.02821219447543, 94.30852777375623, 94.28833381289279, 92.68478603153068, 90.49261176294695, 89.79884615207868, 89.79884615207868
95.76, 94.61892716395249, 91.94350360894187, 91.3640861732918, 91.42528319312063, 91.47411030625284, 90.08811135509045, 87.96358236748547, 88.08799724274441, 85.25911298499855, 85.14395285254169, 87.24877158116554, 87.60089464041853, 86.46295277284094, 87.95030255937672, 84.75618479052292, 85.88922846168357, 87.16967717109691, 87.55555009773262, 87.95292129255236, 89.17374839311867, 88.20729779126364, 85.72377433919826, 84.98406826740512, 85.05706313358492, 85.05706313358492
96.76, 95.62430997772897, 98.16547071383242, 94.89905548160789, 92.22677042965007, 90.07987570550445, 89.2599010076711, 87.4184530995194, 86.61201598068918, 85.25911298499855, 85.67588852209451, 85.94456808909601, 85.24261080200891, 85.81502052580596, 85.85402519636087, 86.29274288175876, 85.88922846168357, 84.50371598688248, 84.52382558249198, 85.8926009680988, 84.73326827916155, 86.49118518592107, 86.15543738128116, 84.98406826740512, 84.18839048711607, 84.18839048711607
95.78, 97.11624193512091, 98.96790711130849, 97.034321556264, 97.79168370305294, 99.46328564839486, 99.94974247263055, 99.33296183431699, 98.60760492142666, 97.36232443955825, 96.37313181546848, 95.43208584687714, 93.4473027795639, 88.63959887903762, 89.15535540837837, 86.7321591065857, 85.88922846168357, 87.41892898998942, 89.14464018018596, 87.2056531160626, 88.20232507711843, 86.3894597443803, 85.82486939312408, 86.78276369975782, 86.97373129771618, 86.97373129771618
94.74, 92.3407787942302, 94.36437256220641, 94.13164356548849, 94.78242641942117, 95.30850185272222, 93.49189195099346, 91.76201495724918, 93.69507887193808, 93.3287776349925, 93.88967063676688, 92.47499051856722, 93.2169512297222, 92.18000756913729, 91.70521941698276, 91.76249243592832, 92.05435256841913, 90.79584467598272, 85.72554087917123, 86.45297973147653, 87.24449037401568, 87.16873437444121, 86.62141681327778, 86.8705338222222, 89.26706249743779, 89.26706249743779
96.52, 97.17635129405767, 98.51774702695957, 96.76167026493303, 95.4664154062669, 97.93190534014158, 98.11573546972515, 94.56826619981555, 95.94257252067501, 87.69289394355778, 87.06214489837514, 86.13289008768719, 85.29873283076392, 85.81502052580596, 87.22509052079977, 87.59159292906975, 88.28665870273532, 87.22061650193505, 88.05089668604055, 85.11820058051534, 86.55404320444158, 88.51001330047096, 87.41611026638944, 88.13262853977587, 87.15687154876335, 87.15687154876335
96.81, 98.02666277770842, 97.79768152955445, 95.96856995623583, 97.23830478693063, 97.27109062836522, 98.27190305380368, 93.77346055508818, 95.57661423790113, 95.92300563177895, 95.0642394552335, 96.37520545280792, 97.12690505407498, 92.98038259572071, 94.66632382255014, 92.44505891507343, 90.13210265515859, 91.76099963372657, 92.15697323782868, 90.88396129008325, 90.16228046756811, 91.36999340492666, 92.17762521872271, 84.98406826740512, 85.9261644645036, 85.9261644645036
96.3, 90.48066720632292, 88.26826640786237, 88.94761937590485, 88.35490191187458, 85.20063019702046, 85.48961899980043, 85.4829156262004, 87.52723052182083, 87.40215816321167, 85.80429840066849, 86.06090211568426, 85.00796617836136, 85.81502052580596, 86.96999031627267, 86.97830424280795, 86.66043511466374, 84.50371598688248, 85.78262909743303, 85.51794086390002, 86.12472875486927, 86.5958763490809, 85.82486939312408, 86.63092112955869, 87.74467998585128, 87.74467998585128
95.39, 96.43314068841819, 96.60622650914615, 95.30297056668327, 91.45720300298362, 90.14877380780666, 88.16976400800112, 88.60798517591049, 85.96500352654263, 86.21794375440952, 86.87041689913616, 88.77873729468634, 87.06376266893375, 85.36670840346149, 85.4587664140583, 87.07682811670739, 85.88922846168357, 86.56551078344467, 88.55666365540716, 87.38647640884842, 85.77604404000921, 87.47941482273707, 86.81749406726628, 86.81154570838787, 87.914763865534, 87.914763865534
96.51, 97.06345913374653, 96.56489875440346, 94.71209664413496, 93.77373719141137, 94.29462727908157, 94.47316764957218, 88.70546142081713, 86.31636371806806, 85.25911298499855, 85.088191950241, 84.17834927434514, 85.426701249981, 85.81502052580596, 86.13982535599551, 86.28270625987773, 85.88922846168357, 84.50371598688248, 84.52382558249198, 85.8926009680988, 86.79601302570485, 85.26353673497354, 85.82486939312408, 84.98406826740512, 84.18839048711607, 84.18839048711607
95.22, 95.60930885348185, 93.87288694267367, 91.86327682032754, 90.53442869908093, 90.22324477782438, 89.10789257411354, 88.3982221517315, 90.35633313566025, 90.2183553023275, 89.0864886132306, 91.10513200408084, 91.7938522935094, 90.67224549306715, 88.98850874282024, 89.30594499115155, 89.20094983752983, 89.30043063914664, 89.6000363609719, 86.6611918044457, 87.66831491006424, 88.13136426494447, 85.82486939312408, 86.06040564090328, 86.43420860470395, 86.43420860470395
95.75, 97.05629279989311, 97.68286978474585, 96.55378878548005, 93.46718017786453, 87.40555609307367, 86.44865218256001, 86.57013362991074, 88.41807603051305, 88.79899504754724, 89.14448185664166, 89.13306080423803, 90.02986762879809, 85.81502052580596, 87.5950916392214, 85.8513186601553, 85.49035615314476, 85.42683872826817, 85.51010086058598, 85.75511150960953, 85.18635085610825, 84.32939815556858, 85.82486939312408, 86.49490246811595, 84.18839048711607, 84.18839048711607
96.17, 95.25646514963391, 95.8987715289742, 93.8392799334729, 92.8121471163419, 94.30938021662598, 91.4140889429317, 89.39886038644741, 87.14059715840222, 87.99174025122322, 87.03050402312924, 87.13389939850526, 88.19028003459637, 85.81502052580596, 88.03700745130703, 87.81651883266383, 85.88922846168357, 86.23983822174283, 86.22118738250958, 85.8926009680988, 87.02852274615456, 85.91766424079304, 85.82486939312408, 85.79042720338573, 87.6141608043017, 87.6141608043017
95.81, 93.13515549417502, 94.11128601832998, 94.07580068613159, 90.39912529858651, 88.08990964203507, 86.5957708532966, 86.65241541414204, 87.13377434396563, 86.54543510311994, 86.39873214255354, 84.17834927434514, 85.46427177341808, 85.81502052580596, 87.13833186569045, 88.49481369032142, 88.95490379446464, 85.89804575125724, 86.58013633026972, 85.81828954915022, 86.11854284284342, 88.42798738415637, 86.97105302468377, 84.98406826740512, 84.18839048711607, 84.18839048711607
96.4, 97.30589069521129, 98.06577891920823, 97.290037141914, 98.57263263358311, 92.20686426528401, 89.35803433443641, 85.4829156262004, 84.10845337987462, 85.25911298499855, 85.67588852209451, 84.17834927434514, 85.00796617836136, 85.81502052580596, 87.44770337998412, 87.44606188331376, 86.386925559604, 87.45069635725852, 85.964589967762, 85.8926009680988, 86.0502745211489, 88.1004881071302, 86.15122292337777, 84.98406826740512, 86.37294748007932, 86.37294748007932
96.29, 96.90770868547833, 98.78148094304312, 97.04171417287051, 96.58628372920725, 97.84384230822754, 97.13866890000271, 91.70982881140026, 88.96820779959481, 86.63521585095673, 85.03759124188733, 85.19519840432952, 85.49892952740196, 85.81502052580596, 84.31369739456835, 84.75618479052292, 85.88922846168357, 87.05798001800736, 87.47589000938567, 85.8926009680988, 86.26707861791401, 86.6817671150577, 86.55862497239819, 88.05483882516621, 86.35360350233522, 86.35360350233522
96.22, 94.88566511928646, 95.94880780242198, 96.37891901763217, 85.25147394837903, 84.10957757803895, 85.48961899980043, 85.64189531265788, 85.89459376152946, 86.92676372311448, 85.95436471571921, 87.18243014267576, 85.82509171760982, 86.13717437994974, 86.14136807978294, 85.55822644025592, 85.88922846168357, 88.15787327954003, 89.46798495290878, 88.35222399210035, 88.40029432493618, 86.53096268697547, 85.82486939312408, 86.11025469478494, 87.13780189361431, 87.13780189361431
95.99, 94.8326746424949, 96.13543375930907, 92.48506638492805, 89.0477015143921, 88.88818889251925, 88.15417552316782, 88.3543057673013, 89.42292231333558, 88.21383218127569, 87.0560786462376, 84.17834927434514, 85.00796617836136, 85.81502052580596, 85.46875195131456, 86.09783300122803, 85.55079990352485, 86.79398478164491, 85.23318224667476, 85.33027652194679, 85.83163723175818, 84.32939815556858, 85.82486939312408, 85.68586566429107, 86.64346154140902, 86.64346154140902
95.33, 95.29986605348049, 88.45778448320696, 87.40225296122853, 86.55804317534104, 86.25365211701808, 85.02376701807451, 85.4829156262004, 87.06798853405846, 85.25911298499855, 85.67588852209451, 86.67313511463668, 85.96473629271318, 85.81502052580596, 85.61055950106606, 84.75618479052292, 85.88922846168357, 84.50371598688248, 84.52382558249198, 85.8926009680988, 87.40901434931436, 87.35780473897013, 87.50531417309584, 88.53957285867544, 88.90228531639568, 88.90228531639568
97.09, 97.36602010564494, 99.67061823614985, 97.57762489274212, 93.0676406549912, 90.54620615659587, 90.25138147060623, 88.67217632897386, 86.15986588888913, 85.02278664463748, 85.67588852209451, 85.59128663714633, 85.68397939607816, 85.08185362726299, 86.41258835954898, 88.11166677295336, 87.63222746371953, 89.7930233933722, 89.67378526739498, 87.35513058284826, 86.59683339262546, 87.59038348487721, 87.38578599931232, 87.8753514469049, 89.44519311565675, 89.44519311565675
94.87, 95.87583581211733, 97.63134697258776, 98.04416598929298, 95.50105902871526, 96.36640672147969, 95.81679295815003, 92.94865150083633, 94.39698138788702, 94.31127708828969, 93.70448453764229, 93.88908944348968, 93.37118585398933, 89.69459224377677, 90.68535527113687, 91.4834233403588, 90.4336425210758, 92.18992199073651, 90.70308306765335, 85.098170392594, 85.99731802257088, 86.71864797808784, 87.41020214303734, 85.77701187555425, 84.18839048711607, 84.18839048711607
97.12, 91.9307513922288, 90.47640819065916, 90.43910059349007, 88.39778005387471, 90.8718524719271, 86.71926664149709, 86.48866821990771, 84.10845337987462, 85.25911298499855, 85.09656662187194, 84.17834927434514, 85.00796617836136, 85.81502052580596, 87.33211698760867, 87.65267404449652, 86.72710210792272, 85.34790963778694, 84.52382558249198, 85.8926009680988, 86.09004853312454, 84.32939815556858, 85.82486939312408, 86.33227326580642, 86.7998955423748, 86.7998955423748
95.64, 94.88033220908564, 90.87915875082292, 90.99175189416762, 90.87748135707233, 91.02957984278842, 91.59453739750332, 91.60941108087032, 91.77968424385695, 92.2427477341966, 89.00331735829842, 90.22140161257948, 87.86991881486479, 86.25369444033089, 87.73426729111912, 88.84226467435332, 88.83055231311799, 87.43062480209707, 89.01126704064802, 87.71685922229501, 88.65625941092584, 88.4284543878138, 88.66078604757428, 86.85222790667365, 88.17363401677594, 88.17363401677594
95.66, 95.12155243450304, 95.75044823968838, 95.2747759468079, 94.13259491578914, 95.6300217053593, 93.12099316009127, 90.83823071329802, 92.07597246698543, 91.19693608504453, 91.42764271947966, 89.23625682718972, 86.48770265332851, 85.62235201058068, 84.31369739456835, 84.75618479052292, 85.88922846168357, 84.50371598688248, 84.52382558249198, 85.8926009680988, 87.69191730435, 88.73710273696146, 87.56054849591342, 89.10493394294707, 90.74679541848802, 90.74679541848802
95.34, 94.85393953002144, 96.49318383007314, 92.10602876328903, 90.94413157321041, 89.09743463100442, 88.14739502384809, 87.59411759527433, 89.554235191293, 87.3771305488742, 85.67588852209451, 85.43603005386156, 85.00796617836136, 85.48550482046845, 85.99064760970599, 86.64775001490231, 85.43467422337726, 85.35192371294745, 85.19717055182298, 85.30212602829376, 84.73326827916155, 86.05045952512758, 85.01625960264963, 84.98406826740512, 84.18839048711607, 84.18839048711607
95.44, 96.82453251963292, 98.87914240719854, 95.63798794553861, 94.53982775884829, 93.44690923013708, 93.10386170317354, 93.03054814761471, 94.16377622401562, 90.07297069731955, 88.70073872238306, 89.46019113788674, 90.54785379866618, 90.75217755060181, 91.48393529885082, 92.38628263893038, 90.11174967197996, 90.42029833939965, 90.47531749784939, 88.58850454604244, 87.26203008921358, 88.93849118113692, 87.63946428167989, 87.44492309635521, 86.66808157711652, 86.66808157711652
96.44, 97.9720087006833, 94.32209634502749, 95.21205227317785, 93.00497932349548, 94.36790341964839, 87.7307620717096, 86.94353248771478, 84.10845337987462, 85.25911298499855, 85.67588852209451, 86.91669693986685, 87.17289827105168, 85.81502052580596, 87.01618756343983, 86.74339829105799, 85.88922846168357, 87.79146775024944, 88.30968340904174, 86.05571754288528, 85.99975748205824, 86.19996857468053, 85.82486939312408, 86.66830914092017, 89.06286957167418, 89.06286957167418
95.84, 95.57864197190172, 97.56625399583788, 96.11014724779776, 94.82302010384906, 96.68632968854769, 96.90596663653547, 95.04876460636754, 95.58844893983226, 94.6530717780358, 90.18068544603526, 91.04794727696702, 89.92411088236597, 85.81502052580596, 85.09133458615143, 86.5997749355963, 85.88922846168357, 84.50371598688248, 84.52382558249198, 85.8926009680988, 84.73326827916155, 84.32939815556858, 85.82486939312408, 85.33233409264047, 86.02508534898172, 86.02508534898172
96.94, 96.80098392641857, 96.75258240282884, 93.63345888308298, 92.3890133901233, 92.74946031002736, 91.84199915928026, 89.05259643295952, 90.79138996988742, 88.59939587274249, 85.05349752156819, 86.51415827162135, 86.49119371327454, 86.73885537068357, 86.89048402930715, 88.39147142161215, 85.88922846168357, 85.07887845310547, 87.04188613989047, 86.5384778813758, 87.22647269288412, 86.0535380579896, 85.54358083158805, 85.88802897618118, 84.18839048711607, 84.18839048711607
96.34, 94.6334035843518, 95.61405997453991, 95.26448205552462, 94.99216482583402, 96.4250128675649, 95.11033282697015, 94.57578874259491, 94.08765954245467, 95.58029107282829, 88.31097381888985, 86.68439181433045, 85.00796617836136, 85.81502052580596, 87.76762661132476, 87.02073204855643, 86.66017106247202, 86.49450556885176, 84.52382558249198, 85.8926009680988, 84.73326827916155, 84.32939815556858, 85.82486939312408, 86.39692586715768, 88.25275782039937, 88.25275782039937
97.29, 97.83191374066155, 98.13469635524805, 95.0609141420638, 94.024883833404, 93.47612077922288, 91.28888144964482, 87.18586761212937, 87.55194143103309, 85.03441529693107, 85.67588852209451, 86.38538562950035, 85.00796617836136, 85.81502052580596, 87.69756443175592, 84.75618479052292, 85.88922846168357, 87.04673324335863, 87.32473099290124, 85.8926009680988, 84.73326827916155, 86.66478356177575, 85.31728037558217, 87.05400687324739, 86.53971301962487, 86.53971301962487
95.53, 96.07866689643839, 97.15898895402188, 97.61314964759578, 98.52558838833245, 100.66533347447519, 96.88152400493105, 97.42793996450612, 99.70659568044861, 97.20423150984203, 91.92042935154873, 92.53912405579767, 93.40338187701353, 93.73763083296167, 94.98776701306544, 95.68719748872608, 96.29008154356121, 96.51008599549644, 98.37270336090121, 95.23055090695058, 92.9636490669, 93.51140254597901, 90.0348517436025, 87.80179732875628, 89.29496688078352, 89.29496688078352
95.98, 96.11668951309188, 96.80755953733482, 93.80035473707815, 94.15425556825309, 94.30717417436173, 93.21549072912408, 90.55493622956081, 92.94152368504099, 92.42001371079861, 93.38583815887222, 95.58486472778459, 94.12988211194974, 93.10051013758664, 91.65741833029139, 90.26920869924301, 89.01949281164522, 90.90180281736743, 92.62799089411851, 90.78800420125553, 91.91897093839792, 89.90028753087813, 88.4307903252001, 89.2793698016788, 91.59507680233479, 91.59507680233479
96.67, 95.72199762803837, 97.66135404261207, 96.77648063696276, 92.39660852438378, 93.58338893612031, 93.10333672646159, 92.22694181399876, 89.10168924674505, 89.83181163641625, 86.18138615627353, 88.49511011662862, 87.63161045255134, 85.81502052580596, 87.41952915433464, 89.07753092272027, 87.72724171650299, 88.70157220912559, 89.89353549126491, 88.15530899958424, 88.29009862547211, 87.10539182610913, 86.08699360912456, 86.94800718308625, 88.00901949915664, 88.00901949915664
96.55, 95.58731584969998, 94.57865596500693, 95.07655408009337, 93.85947283697966, 91.90816132160359, 91.8586161932696, 92.39927023837879, 92.18728693744653, 92.1882836663177, 91.16538458452523, 89.52136607294648, 85.00796617836136, 85.35427161095113, 87.49710259091093, 89.1267379955829, 89.05321501176442, 89.513098549319, 90.85861788702485, 89.98960801251346, 88.96335379496756, 89.84523748779904, 90.03836997763717, 90.88943200211287, 90.66011851535413, 90.66011851535413
95.7, 96.94916771916817, 98.77013238586315, 98.96065261169969, 98.93581216902409, 100.9303352569915, 99.41550425014081, 97.52225107859208, 97.68927830546296, 98.05237572499065, 95.76444650491023, 96.04803203548641, 89.31327728887331, 87.21435088236849, 87.97743850870388, 89.23203599039466, 88.85986142268315, 88.95959034477107, 89.6165715203414, 87.7731752828574, 88.78946707813847, 89.24487022313511, 88.87950857399034, 88.34293096150478, 89.0104970056821, 89.0104970056821
96.39, 97.06952017022721, 94.61776246289348, 94.1752628292844, 90.1564163704091, 89.04427223081188, 87.87736598404373, 85.57932789821416, 84.10845337987462, 85.25911298499855, 85.67588852209451, 84.17834927434514, 85.00796617836136, 85.52861720510616, 86.5252298389843, 87.37023357834961, 85.88922846168357, 86.0542310649931, 87.20055710292111, 87.71488438024485, 88.63719177429593, 89.6180259582863, 88.0133274798073, 86.32781214227826, 86.08758150775175, 86.08758150775175
95.51, 95.3813463468663, 97.11082805054502, 92.15344956694483, 92.14576732895372, 92.05119327651549, 92.25137833026797, 93.17362639116782, 90.79104013082896, 87.27280165336293, 87.23202606933074, 86.28496823306695, 86.36426836441545, 86.08608822500784, 84.31369739456835, 84.75618479052292, 85.88922846168357, 84.50371598688248, 84.52382558249198, 85.8926009680988, 85.19064121536555, 84.32939815556858, 85.82486939312408, 84.98406826740512, 85.88877858060184, 85.88877858060184
96.79, 97.6348161589934, 96.15463435229876, 93.6232993194178, 94.58183082880954, 91.77162826723116, 91.06002333483738, 91.44447024810805, 92.14840300067065, 88.80289864917061, 85.67588852209451, 84.17834927434514, 85.72067321546362, 85.81502052580596, 84.31369739456835, 84.75618479052292, 85.07061971790101, 84.50371598688248, 86.38489312344119, 85.8926009680988, 86.94528950075443, 88.2442866694089, 87.61399396106938, 87.6390867770559, 87.27853001525327, 87.27853001525327
95.29, 93.74192814513596, 94.75753926230269, 93.15636940329537, 94.29624026762808, 94.52431313894085, 95.61837530758099, 94.54625958212236, 93.58139296139487, 94.01111235831442, 93.71973291154413, 94.34693623983108, 91.89439995439632, 90.29135938014133, 91.31260382412603, 92.45706429213536, 92.34410838583666, 93.82107212210957, 92.08245059664654, 89.73803234202565, 89.2534902776654, 90.53708315742661, 90.41978545711372, 87.48699347205444, 89.22205899856863, 89.22205899856863
95.98, 97.26401812955429, 98.68144168407262, 98.3197742022605, 99.17886906662942, 98.49610749499226, 95.78139179504478, 94.30432508503418, 95.28146720303933, 95.34120582766732, 95.5579060299369, 89.27086240546514, 89.34954099398112, 89.3521687308594, 89.70887501228309, 91.09173760604246, 87.35782896453911, 86.33235530492954, 85.12600034780208, 85.8926009680988, 87.90570744904392, 86.44375887312123, 85.82486939312408, 84.98406826740512, 84.18839048711607, 84.18839048711607
96.98, 97.05692801533782, 98.04681692381583, 97.6723261862529, 90.77562370620537, 88.41524940900364, 85.00724220249276, 85.4829156262004, 84.10845337987462, 85.25911298499855, 85.67588852209451, 86.07108262314033, 85.00796617836136, 85.81502052580596, 84.31369739456835, 84.75618479052292, 85.88922846168357, 85.71312626431454, 86.45819731253773, 86.39478373376042, 87.21931672415965, 89.29317031559316, 87.75009583988792, 88.3950100398182, 89.46438042937285, 89.46438042937285
95.77, 95.36936710724319, 96.54896499046129, 95.32303952504884, 94.29033823016027, 95.53637146339037, 94.16291939759694, 94.47005394607196, 94.92428229128109, 95.10085246972415, 92.73885120014954, 93.48618916325232, 91.80128074512837, 88.13185078671589, 86.14344274739415, 86.51442528233895, 85.88922846168357, 85.61328143439962, 84.52382558249198, 85.8926009680988, 85.82206008783135, 86.52241111336879, 85.82486939312408, 84.98406826740512, 84.18839048711607, 84.18839048711607
96.98, 96.86381593947164, 99.1921771534615, 96.33190775435965, 94.22874541495058, 94.2269993316289, 95.42215854860794, 93.28975027665047, 94.30042640558203, 93.71824150609199, 94.37923496994085, 95.51827185221806, 95.9283609120629, 92.73701860455482, 91.92634264288529, 93.34997171369893, 93.82641892067748, 95.44080296545117, 95.31514785863207, 94.62393455755797, 95.94697402162986, 97.19706149820455, 90.26492876711117, 90.6430725168228, 92.57224934954452, 92.57224934954452
96.03, 91.49454739524018, 92.95185344975708, 93.11078868475074, 93.1056121590921, 91.90595884950494, 90.55693100629124, 89.1243745059665, 90.6479993113194, 90.71300830038656, 91.17201773097948, 92.15926067451534, 92.68525849082607, 91.48099298267076, 84.31369739456835, 85.42212142065215, 85.88922846168357, 84.50371598688248, 84.52382558249198, 85.8926009680988, 86.95574147096487, 86.74407506904214, 85.82486939312408, 84.98406826740512, 84.18839048711607, 84.18839048711607
96.27, 96.16458568415165, 96.59943909651196, 92.65437186101383, 92.4046544216386, 91.51281531563156, 92.22323928203411, 90.88897432092473, 91.91284916263974, 92.35826101877606, 93.37546412221812, 85.40515613042653, 85.00796617836136, 85.81502052580596, 84.31369739456835, 85.23819591148495, 85.63235024199872, 85.01628678616662, 85.9501222195877, 85.8926009680988, 86.46313548463526, 86.77263196540582, 85.31598700904807, 85.83632097261203, 86.12615237213046, 86.12615237213046
94.95, 92.74135457707389, 92.83672306783863, 91.7146028902861, 89.17001522197513, 88.38305981705655, 85.48961899980043, 85.4829156262004, 84.10845337987462, 85.06814079817055, 85.67588852209451, 84.17834927434514, 85.00796617836136, 85.81502052580596, 87.24088795286123, 87.63413841275023, 87.39264521236181, 87.55562475647265, 87.91652301759052, 88.24451816351143, 88.7768612564968, 87.36285249645444, 85.30176397156987, 86.34037875499997, 86.72609266784704, 86.72609266784704
96.83, 97.27849442864753, 98.19695523298206, 97.93317765704592, 98.53916353490689, 97.91337727630139, 97.92151214475895, 95.94993347440526, 95.77309693342579, 95.41628782927346, 88.30592129235437, 88.84615892010295, 88.71824952118939, 87.84009260852795, 88.32655221619389, 88.14748419926197, 88.67735611935522, 87.34527246883475, 87.25919822889416, 86.19767103426014, 86.19284046732074, 87.80063470980323, 87.55132113658621, 87.58029337611676, 84.18839048711607, 84.18839048711607
95.4, 95.888779141339, 97.00588919537974, 93.76374434809489, 94.10670123593981, 95.41185072655806, 95.8372471943151, 92.26956988232669, 94.00915216506937, 90.53473546775876, 85.67588852209451, 84.17834927434514, 85.13398118225646, 85.81502052580596, 86.95405372861649, 87.84927778612344, 86.51197447241655, 88.31030087869627, 85.13011451678642, 85.8926009680988, 85.73325095044432, 86.22970666716664, 85.82486939312408, 85.62546401539412, 84.18839048711607, 84.18839048711607
96.21, 91.43151105077688, 91.15063739337418, 86.74310488691786, 86.18328531677982, 87.71502211404774, 85.48961899980043, 85.4829156262004, 84.10845337987462, 85.25911298499855, 85.67588852209451, 86.45451581717714, 87.34474605486515, 85.81502052580596, 88.03619483322949, 84.75618479052292, 85.88922846168357, 84.50371598688248, 85.80410819143351, 85.8926009680988, 84.73326827916155, 86.16255520296941, 85.82486939312408, 84.98406826740512, 86.415679417352, 86.415679417352
96.84, 98.40708736157539, 97.97645687435976, 98.2246310936131, 97.44293321635045, 95.97116303596128, 95.08318264427263, 94.98697180322432, 95.79706063821402, 96.90892117419342, 96.49668279984033, 98.70751482033214, 96.53212229410371, 93.85674504555915, 93.51948776911993, 90.21063103868123, 89.73639416853393, 91.66351311721155, 91.70744319951548, 88.59657138632979, 90.33256058240542, 88.50132551087322, 86.60084725305204, 86.73892010573353, 87.13414635362639, 87.13414635362639
95.69, 93.38772702914748, 93.30088776646782, 93.26353497614124, 92.58976740451081, 94.71582252282187, 93.63701835114337, 94.06051693254494, 91.56850429375763, 90.14275432335087, 89.85004975250693, 90.03663017161982, 88.86273310297811, 88.44797786227835, 90.38685876309569, 89.8693682048098, 86.1411009652637, 86.57168767665934, 84.52382558249198, 85.8926009680988, 86.22741615571277, 88.49186203046688, 87.37453166719065, 85.8076018697593, 86.98032958096199, 86.98032958096199
96.35, 93.8123773642113, 92.0960277593491, 85.89554288015559, 86.22943013586922, 85.94780209949731, 85.26440064764566, 85.4829156262004, 87.4894094349787, 88.32387518097447, 85.67588852209451, 87.00106624774008, 87.6104637371587, 85.44620006462708, 86.58565695986665, 88.27235821451652, 88.29933417275844, 88.82512410296769, 88.72193433249457, 88.4241386494425, 85.43126949784006, 86.28596010660557, 85.93409523127833, 87.07078246079955, 88.02503057183903, 88.02503057183903
96.55, 98.28047545353323, 100.29591576990374, 98.83855367480167, 100.07381952858958, 95.98397253255722, 95.29278863122688, 93.22427493433649, 93.99454787442318, 94.11225126922187, 90.81135330029424, 92.15758211927036, 93.81968572745578, 90.50062108217767, 88.67109316074892, 89.59604112897577, 87.59128596071649, 88.41435578829501, 87.38238853158927, 85.17077088687937, 84.73326827916155, 86.94063134086126, 85.82486939312408, 85.77525853981514, 86.27913510154438, 86.27913510154438
95.67, 96.88655308240617, 98.39497644765284, 95.99202516923293, 96.30029770768022, 98.60881513798755, 96.81218048152779, 95.3100452788784, 97.74251745168802, 96.70958086861295, 97.2544363062758, 99.79472071159877, 101.09007232483468, 100.89533668754578, 99.98120208596012, 99.5888531946059, 97.83363705070084, 99.54035298563323, 100.3154855716778, 100.19457955185831, 101.60500376295889, 103.37812322272916, 101.58007535896299, 102.99923053900402, 104.4148434781986, 104.4148434781986
96.78, 96.47716675406826, 94.04143042764858, 94.67528791642253, 96.03666813413355, 96.46460883986906, 97.4007677256816, 97.65548223798174, 100.15366862139648, 101.04745248921375, 100.36637896264631, 102.00323068024164, 99.69562358841765, 98.48295855450495, 99.61479581444787, 99.411580989661, 99.94852167037966, 101.63072610664877, 96.31690008577111, 95.57522191247361, 97.37835102723929, 97.00826022959681, 95.86785199071178, 95.89377089033641, 96.86705695630545, 96.86705695630545
95.81, 95.4818218560588, 93.83093315405489, 88.16064020386501, 89.06727096629332, 91.45059946293088, 89.62680106905775, 89.88802688879032, 91.968700807049, 88.43398279292866, 87.99948057905898, 89.04788960166039, 85.58687007269414, 86.31691451123086, 86.00189078434599, 87.31833071428103, 85.88922846168357, 87.16915309397649, 84.52382558249198, 85.8926009680988, 87.72563560040003, 86.82280600105634, 86.04510319980193, 87.24158385272118, 88.36482734858703, 88.36482734858703
95.57, 92.43011054333428, 94.76853164007139, 95.30273723854701, 96.40824347587488, 94.75487661685406, 93.06305569579912, 90.99074933699382, 93.08359872296518, 92.77400102625975, 92.09032359329649, 93.49261430024113, 94.52739212606056, 92.81022223832174, 92.42316456116286, 92.7377951383127, 89.97486285601619, 90.12471520889157, 89.74306246746086, 87.8641617427575, 84.73326827916155, 84.32939815556858, 85.82486939312408, 87.01176860569895, 86.3452872182505, 86.3452872182505
95.52, 95.1756565559839, 95.72018228993304, 90.56943307153404, 91.86011928510793, 92.56942104599912, 91.84031890524224, 90.06313659165738, 89.27609926223806, 88.29886484464691, 85.67588852209451, 86.81411490178186, 85.00796617836136, 85.81502052580596, 84.31369739456835, 84.75618479052292, 85.88922846168357, 85.77489615066145, 85.16734873083118, 85.8926009680988, 84.73326827916155, 84.32939815556858, 85.82486939312408, 84.98406826740512, 84.18839048711607, 84.18839048711607
96.35, 92.47288117779976, 90.0665751264856, 90.6916670512303, 87.89516212701099, 87.90378380900557, 86.97219894707811, 87.64743399576722, 89.43654966380171, 90.20984912854674, 90.27187353687155, 90.64425799808238, 90.01775331513414, 89.36356142527008, 89.71891259589117, 90.2796136846188, 88.32129155442055, 90.326885669286, 92.16693895529436, 88.10349266020505, 89.02017921454916, 89.91261249871286, 88.21422473261343, 87.50226293717962, 89.74906196117571, 89.74906196117571
94.92, 94.9780859690878, 95.11641576627918, 95.05805333221234, 93.76386360709252, 93.80427128834557, 92.26428518447283, 90.28662743759816, 91.54257740350481, 92.18654897240307, 91.51251557694074, 89.56593734268897, 89.66729175930348, 85.99343532244481, 86.6484562619287, 88.48960087570352, 86.56876114300582, 84.50371598688248, 85.15455314858782, 85.82194692945812, 85.58670126088997, 85.34629787401761, 85.82486939312408, 86.64859089814192, 85.84116172442529, 85.84116172442529
94.43, 92.90441707139804, 92.93454440120222, 91.34417335389671, 88.12835998829004, 87.56979340976592, 87.0878930066175, 85.4829156262004, 84.10845337987462, 85.25911298499855, 85.67588852209451, 86.74330303615228, 86.14166940053407, 85.81502052580596, 84.31369739456835, 84.75618479052292, 85.88922846168357, 87.73429144545129, 86.61363309363854, 85.8926009680988, 85.6915694230171, 87.18598748371187, 87.5791969985798, 88.35775334928044, 89.5983914973742, 89.5983914973742
96.48, 94.2409893624574, 95.45389936907391, 95.76580369460771, 96.28598744451837, 96.40856446489694, 96.66966287198986, 97.60815139604809, 99.65903524092232, 99.58763969397158, 98.69142697258556, 100.38394487147742, 100.81644182691025, 100.36213068472597, 99.72332470789725, 101.03753522592056, 96.52401562067166, 98.58416361435333, 100.20691927321718, 99.493817870747, 101.1166728661907, 102.79800433222638, 95.6743727883788, 95.50590383749334, 95.18145174420701, 95.18145174420701
97.01, 98.01905065189418, 98.8876115523337, 98.41591124604737, 94.93445566389317, 94.62478990235627, 95.07476021020318, 94.72361619661211, 92.64660694818964, 92.3940029256802, 92.05276515616985, 91.71633651246079, 90.71313375076652, 88.5453826903556, 90.38734948650149, 87.73890654402791, 85.88922846168357, 86.91231503301316, 84.52382558249198, 85.8926009680988, 84.73326827916155, 85.82978588298866, 85.82486939312408, 84.98406826740512, 85.94401498743258, 85.94401498743258
95.71, 92.60614079124343, 91.23297622476063, 90.30749380374988, 88.93383896058722, 90.25474028349869, 89.27881893512998, 89.0963138762013, 88.86629818882291, 86.80557673211209, 85.66744713016317, 85.5773187420889, 85.99840305767005, 85.67123063996989, 84.31369739456835, 85.31935017075645, 85.69541656603404, 85.90950012887642, 85.99682453703868, 85.8926009680988, 84.73326827916155, 84.32939815556858, 85.82486939312408, 86.53899859557856, 88.66135762454995, 88.66135762454995
95.45, 91.74786996799898, 92.37722540666428, 91.7141079941435, 92.39520554651826, 87.89836785578177, 86.07482597915505, 85.4829156262004, 85.28904957943251, 86.09417764377132, 85.67588852209451, 84.17834927434514, 85.00796617836136, 85.81502052580596, 84.31369739456835, 85.2746058058818, 85.88922846168357, 86.37324954242668, 86.03937988308476, 85.8926009680988, 86.12848460885473, 84.32939815556858, 85.82486939312408, 86.46904445893823, 88.3668794051583, 88.3668794051583
95.64, 92.25476812176663, 92.38616241615598, 92.04340254738788, 88.43809205485245, 84.10957757803895, 85.48961899980043, 85.4829156262004, 84.10845337987462, 85.25911298499855, 85.68443206653636, 87.99070958597281, 88.6629577030464, 88.00570531104836, 86.38904063874105, 84.75618479052292, 85.88922846168357, 84.50371598688248, 84.52382558249198, 85.8926009680988, 84.73326827916155, 86.88826819656485, 85.82486939312408, 84.98406826740512, 84.18839048711607, 84.18839048711607
96.9, 95.9288609272833, 94.91680216693506, 95.87513746879252, 97.0921051486552, 96.98311304435848, 97.21434904299485, 97.39305916763271, 93.58296707574047, 93.44353910414515, 92.87771031742164, 93.21082042692488, 93.03641596251707, 92.96945254637441, 89.55004441123307, 87.07028241797005, 85.01563699901074, 86.51415595656368, 86.31172754017486, 85.8926009680988, 86.22376990531684, 87.94834645377959, 85.82486939312408, 85.39458155825827, 84.18839048711607, 84.18839048711607
96.89, 97.0134908319523, 99.43347826864252, 95.28909631319034, 93.70214524649089, 93.31773396080503, 92.90603990853442, 91.44202088341689, 94.09276353831011, 89.88984495477776, 90.05425453484082, 91.7213499074627, 93.11507597793805, 90.81918777450045, 90.23749328449358, 90.78551253906552, 89.55356653488148, 87.99536379739527, 84.52382558249198, 85.8926009680988, 84.73326827916155, 84.32939815556858, 85.82486939312408, 84.98406826740512, 86.27738893464789, 86.27738893464789
95.65, 95.72311569467021, 98.00186179068702, 98.08369361781148, 97.5138968832517, 96.87142338746987, 96.21077391307759, 95.2941143569071, 96.84447642419559, 95.73620067721222, 93.14678127697397, 91.63740210495746, 91.71175537065399, 90.33764894489141, 91.34482091892052, 91.64760201550885, 89.04518035287177, 89.24999212476322, 90.51414674828966, 89.98063380062206, 89.46422363522268, 90.83920358018268, 85.82486939312408, 84.98406826740512, 86.6043430999958, 86.6043430999958
95.95, 97.57469874706857, 99.01150593088451, 94.61223815637183, 95.25305624591276, 94.93607457360591, 93.51121573148455, 90.67003860270216, 91.4020664843134, 89.92735247969567, 88.79534648618159, 89.3821658163054, 89.69953553427129, 85.9578620712697, 85.80653628374769, 85.66112788089542, 86.30655118203116, 86.046722921926, 86.11352315169223, 85.73068399861626, 84.73326827916155, 84.32939815556858, 85.82486939312408, 84.98406826740512, 85.74707701239869, 85.74707701239869
95.67, 91.96153897634154, 89.74209649731681, 85.68112224577713, 85.25147394837903, 84.10957757803895, 85.48961899980043, 86.46424686457351, 87.85804736328373, 88.65762660191412, 87.64433035941435, 89.63768445850253, 91.39625913076536, 92.21257515504135, 94.57470628511913, 88.80842640251208, 87.8023996766532, 89.55797506795876, 88.26181752799641, 85.04747043855204, 84.73326827916155, 84.32939815556858, 85.82486939312408, 84.98406826740512, 84.18839048711607, 84.18839048711607
96.24, 93.08019993897389, 95.12447174665351, 95.3450869953027, 95.85528312707032, 94.3683716729652, 90.6433780405277, 90.13130240880568, 86.84384813970547, 85.25911298499855, 85.67588852209451, 84.17834927434514, 85.18625715503114, 85.81502052580596, 84.31369739456835, 84.75618479052292, 85.88922846168357, 87.1918207336456, 88.16671854544077, 86.12674624086965, 87.2662655240569, 87.22942041882452, 85.82486939312408, 85.73624702778106, 84.18839048711607, 84.18839048711607
97.02, 95.7040835206567, 94.45943199778333, 94.70599769223625, 94.17785882133896, 91.65539586421819, 90.52883989989824, 89.08478841449438, 91.43020997354873, 89.23696786809363, 87.54169857957216, 88.19284897814117, 87.05840188151221, 85.81502052580596, 85.77810599144092, 86.50165371935732, 86.44556471467729, 84.50371598688248, 84.52382558249198, 85.8926009680988, 84.73326827916155, 84.32939815556858, 85.82486939312408, 86.4760481040653, 86.87213283295681, 86.87213283295681
95.6, 97.08838931946036, 98.19645546289736, 92.71764747419273, 93.15482344865066, 94.82538001685676, 95.2562965388766, 93.3859682147758, 93.66687153630956, 93.95073984404044, 90.2579444126552, 87.70696656470118, 85.00796617836136, 85.81502052580596, 87.27958877235159, 88.46055754560415, 88.3453972111026, 89.95119480931075, 91.21673355944351, 89.17696906744149, 84.73326827916155, 84.32939815556858, 85.82486939312408, 85.64102539957565, 84.18839048711607, 84.18839048711607
96.43, 95.97410912956092, 98.18355247391467, 99.12297975548466, 94.46743903356686, 96.17066076057684, 93.54633376012062, 88.16045656320735, 90.09687792888123, 86.73019349979168, 87.32538648885136, 89.25710066371295, 85.33286676335584, 85.81502052580596, 85.71092507749303, 86.895962343611, 87.21187500459901, 84.50371598688248, 86.61701747248847, 85.8926009680988, 85.30432258311868, 87.10533520022288, 86.74616803860033, 85.94499691808316, 85.70316466216092, 85.70316466216092
97.05, 96.23454386259162, 93.75631231642288, 93.56021129297805, 93.62428923081627, 94.16583955813913, 89.5257663735705, 85.4829156262004, 86.70430266555846, 85.25911298499855, 85.20924058446724, 87.15884870390391, 88.40300189149067, 85.81502052580596, 84.31369739456835, 84.75618479052292, 85.88922846168357, 85.50876713456942, 84.52382558249198, 85.8926009680988, 87.12185541453971, 88.24869623494958, 88.5918897217591, 89.65212656596313, 91.923938446889, 91.923938446889
95.77, 96.82870129742497, 97.12515696265012, 97.13777166253043, 98.46951549697921, 99.11717306294419, 100.14248219059382, 99.03281045200279, 101.45435810365004, 101.12547496233206, 100.13198581689822, 98.17288997215803, 97.30867173924106, 95.75857549825996, 97.32239397109323, 96.8126456241478, 97.51982536802659, 99.6248804088041, 99.26942679227642, 96.36997320668614, 97.50921335466386, 95.91431430499544, 92.2751490094848, 92.4455525117975, 93.94085155858096, 93.94085155858096
96.75, 95.03003694525151, 95.2314037075756, 93.52626588257124, 88.57419167062316, 87.16459829639714, 88.3309004604843, 89.02410272937564, 89.44100557357623, 86.7576132288392, 85.67588852209451, 84.17834927434514, 85.00796617836136, 85.81502052580596, 86.12531549043757, 84.75618479052292, 85.41209556217305, 84.50371598688248, 84.52382558249198, 85.8926009680988, 84.73326827916155, 84.32939815556858, 85.03931460417414, 84.98406826740512, 85.54348307760144, 85.54348307760144
95.93, 94.78554662748036, 95.73211588975619, 94.91626786908235, 95.31767336817536, 95.7844728188504, 93.78041980350449, 94.0966639089767, 95.95790117495629, 88.76515541539706, 88.1447932219899, 86.52730251884587, 86.57537572631229, 87.06250530371784, 86.65995970598152, 88.30846150686266, 87.49140138380676, 89.38649563442337, 90.27207480336637, 90.0034305643994, 90.49603610567102, 91.60859251058923, 91.51604455092978, 91.47730956858213, 88.92096860685383, 88.92096860685383
96.54, 95.52049420734512, 90.61258285254608, 90.08112941449708, 88.53598896666898, 87.25496057018911, 85.48961899980043, 85.4829156262004, 86.47851026480683, 85.25911298499855, 85.63513532533442, 84.17834927434514, 85.00796617836136, 85.81502052580596, 86.77135935760613, 87.34983556747197, 85.73516685031548, 84.50371598688248, 85.12756253211897, 85.25774917644921, 86.71606068257626, 84.32939815556858, 85.82486939312408, 85.62929300258642, 87.0448044491523, 87.0448044491523
97.52, 97.39858603410872, 97.07877452395108, 96.06661508167909, 97.51304386880018, 97.88637998608645, 97.32620932941762, 97.63559466539674, 97.83905601598043, 90.99924218207825, 88.70839508278205, 89.74533515573789, 90.3372980604003, 89.82387413121856, 91.94547461161089, 93.38909132378235, 90.95399802556555, 92.84755496864051, 92.88396757474932, 88.4010977131344, 89.12265924239043, 89.23083841908456, 88.5668445118744, 90.29887190621918, 89.10993457247292, 89.10993457247292
96.36, 95.99628801746172, 94.62651677532652, 93.25840718116491, 89.83403607424243, 88.30445853998619, 86.42754941916886, 85.56876502520616, 87.22808249333302, 86.68875717205444, 87.51186933545075, 89.5968120151355, 88.3586287081167, 85.03586026793178, 84.31369739456835, 84.75618479052292, 85.88922846168357, 86.30541355906675, 84.52382558249198, 85.8926009680988, 84.73326827916155, 84.32939815556858, 85.82486939312408, 85.86882650491926, 87.49461700058073, 87.49461700058073
96.46, 94.08792873442825, 94.0242364209254, 89.8943434711448, 89.53345508477081, 87.62826820766571, 87.11431262582705, 87.63010056038343, 85.60483259739442, 85.23868258869805, 85.417973142472, 84.17834927434514, 85.00796617836136, 85.36926146160819, 85.91578948894784, 86.59746351978403, 85.88922846168357, 84.50371598688248, 84.52382558249198, 85.8926009680988, 86.92535035716021, 86.87762850493985, 86.42672847955146, 86.58510633120498, 85.53748605749544, 85.53748605749544
96.73, 96.76992533568475, 97.54130623484103, 96.67967883064911, 96.49229148705015, 98.65011897219341, 97.9670982359928, 94.72570594830829, 96.96651176176394, 95.72397680714109, 94.8331892852529, 93.26173176968909, 94.42193213025591, 90.01066870975693, 91.44408855405608, 92.93209270801768, 87.85851436101804, 85.6338265183411, 84.52382558249198, 85.8926009680988, 85.65049135080925, 84.32939815556858, 85.82486939312408, 84.98406826740512, 84.18839048711607, 84.18839048711607
95.88, 96.3433592710505, 96.79771364070173, 96.75209216635565, 93.43816327596767, 93.00516900852698, 93.46155596982614, 94.05232934369232, 96.56732949222844, 96.40802946998008, 92.99656830467454, 94.82431721516585, 95.51856758238544, 94.12318127350086, 93.69777690238804, 94.70719828303064, 93.97284057469248, 94.10090840942351, 93.51068123132505, 92.22884365626287, 91.87567886416606, 92.30971668293512, 91.33787771995175, 87.67198741462992, 85.07950982080035, 85.07950982080035
96.71, 95.5375826251566, 97.08367068631195, 97.31369653147475, 97.63943321246168, 97.45472871627155, 97.38401202837429, 94.80049362978338, 97.17061016060315, 98.41673816225384, 99.53343124389134, 99.40749138121129, 100.52019472303361, 98.2875936598369, 99.06469176305112, 97.90176244044802, 96.86871210437748, 96.00453733515079, 89.04115088887757, 86.18764229946895, 86.59890607170965, 87.98924387770722, 87.08193319882959, 86.95431859576125, 87.55913422996908, 87.55913422996908
96.87, 98.1360878242656, 97.94498842335923, 98.47635238614868, 96.16423381263836, 97.56787713227935, 95.60177295812258, 96.69822645607226, 98.81498659312638, 99.99091126009186, 100.13499097664966, 100.1986982661821, 101.49659164028232, 95.56714831725584, 95.80667528169927, 94.79870097128126, 93.65935158601464, 95.58206455292166, 94.73971950053117, 92.53539560353498, 93.98763500122348, 94.09974029243755, 91.81770512671523, 84.98406826740512, 84.18839048711607, 84.18839048711607
96.32, 93.490510497739, 94.7212220635175, 94.52832465437415, 94.29215023108564, 94.75136401884332, 94.32098702811972, 93.06653667450128, 89.1370728839605, 89.2908501074603, 87.97365042705877, 89.90023332906026, 90.67838217500062, 85.80886268795331, 87.42523634351485, 86.9550425498013, 87.02596817044484, 87.41104977411413, 87.78169807999483, 85.3001990746744, 87.02133697615278, 88.50793058739134, 85.82486939312408, 84.98406826740512, 85.56005557379225, 85.56005557379225
96.43, 97.19612511743624, 96.03807232738016, 96.54405656060828, 92.14669287629282, 93.94036563551006, 91.8493818107208, 90.68157028768523, 86.633056631354, 85.25911298499855, 85.67588852209451, 84.17834927434514, 85.00796617836136, 85.24579225106487, 86.38366475658357, 85.5234543917791, 86.04294116100512, 84.50371598688248, 84.52382558249198, 85.8926009680988, 86.62721588599261, 86.43644975144602, 86.03553121291802, 84.98406826740512, 86.91386699283312, 86.91386699283312
96.74, 97.36591341195385, 98.58992206781262, 97.24074144673546, 96.522554053636, 97.8269753424711, 97.69885536787372, 95.00233634608226, 95.11421823796573, 88.33485154487225, 85.67588852209451, 84.17834927434514, 85.01499259796314, 85.81502052580596, 86.40428782738398, 87.02671879712959, 85.88922846168357, 84.50371598688248, 84.52382558249198, 85.8926009680988, 85.57646079604118, 85.15610481564441, 85.91417880053243, 87.13871479005654, 89.47044184188901, 89.47044184188901
97.03, 95.99528607957417, 96.62818401025082, 95.44515421580725, 92.60712095086303, 91.1612462754819, 90.94812413553166, 87.7361521159818, 89.0528153389545, 88.40822996163874, 88.50172432860444, 86.64412886592595, 85.00796617836136, 85.81502052580596, 86.14625335533354, 87.4188044677038, 87.43231051959518, 88.80758668066916, 88.66794856476103, 85.92331050114399, 87.51160672517119, 86.35055176983978, 86.34651850425767, 84.98406826740512, 86.15800114319072, 86.15800114319072
95.66, 94.89372291887221, 93.20909008999068, 89.43918619232394, 89.93880358755217, 89.82184974426352, 89.67737052887772, 90.09512421816547, 92.02429426438594, 92.90010697342723, 93.48045604316353, 95.87887490755362, 95.76033254285142, 95.08442522784743, 94.03290472233785, 94.13828491893344, 93.68066080783349, 91.81895438713403, 91.5373839080134, 90.58989597812244, 91.93598950638376, 92.84682263929655, 89.42035925535305, 90.79432201762555, 92.85396886562104, 92.85396886562104
96.13, 94.16201573725219, 95.86197786034222, 96.40314793681652, 97.47606681469833, 98.99105882323528, 99.61670826547069, 98.13069758274602, 100.2134529438491, 100.33616550700238, 99.39921286807606, 95.6750930584848, 93.68953346302003, 90.62518617910528, 92.36937046928541, 93.34460671949772, 93.0229416106361, 94.77369181336165, 96.1215391736287, 88.17369766246719, 89.37465806945617, 91.55885255765106, 89.42231051088474, 88.35305180528897, 89.72854549910949, 89.72854549910949
96.45, 98.04699166043727, 97.05521176611367, 96.18784320329007, 91.73434350468003, 91.73294006487247, 89.25989031311401, 85.93209562997089, 88.33018928699494, 86.70863519595994, 85.14116081372691, 84.17834927434514, 85.19162872770451, 85.31627942406398, 84.31369739456835, 86.07579454684627, 85.88922846168357, 84.50371598688248, 86.35986108616194, 85.8926009680988, 85.77486789403928, 87.28380300263504, 86.85934511598924, 84.98406826740512, 85.42866560752171, 85.42866560752171
96.36, 97.55717978252511, 99.918531358778, 99.54237255944243, 97.52642303647379, 99.02635262907026, 96.92683387217438, 97.72734270084692, 94.51841324864412, 93.61248623889233, 90.60709780741941, 91.79521119578959, 92.17528714113693, 89.56962041874597, 87.99769990624294, 89.55326083509395, 89.87138628739076, 90.93340863406642, 87.51878110668402, 87.1177230702919, 88.62553885345937, 84.32939815556858, 85.16919227316062, 84.98406826740512, 85.96060802950744, 85.96060802950744
96.43, 96.58335550064066, 96.74720317255306, 96.44963980724845, 95.64971104973012, 96.21663349344696, 94.88503728366983, 93.46393829505583, 91.68412321629003, 92.19737461376573, 92.06555190148725, 87.49271807321102, 85.00796617836136, 85.81502052580596, 84.31369739456835, 84.75618479052292, 85.88922846168357, 84.50371598688248, 84.52382558249198, 85.8926009680988, 86.49368951600276, 86.96854088765319, 85.82486939312408, 84.98406826740512, 84.18839048711607, 84.18839048711607
96.3, 95.16942087684433, 94.33515173203122, 93.25517226822072, 93.28516293886295, 92.41650509989077, 89.43362113787416, 86.62908282988734, 85.17147623859385, 85.25911298499855, 85.67588852209451, 86.52765417058042, 86.20488674185859, 86.212577649051, 86.05195686666885, 85.82808573262271, 85.88922846168357, 85.06709597715368, 86.01605947452472, 86.09758645451393, 87.70829556350621, 89.64070205755321, 88.54843953746945, 84.98406826740512, 84.18839048711607, 84.18839048711607
96.57, 93.96121722464521, 91.11917634766648, 90.26890210146317, 89.98838204580436, 87.08669639893479, 85.48961899980043, 86.33794995904087, 87.76584171812884, 86.32593583575112, 85.67588852209451, 87.46848157517793, 88.43018238431834, 88.728026588579, 88.69160812401078, 84.75618479052292, 85.88922846168357, 84.50371598688248, 84.52382558249198, 85.8926009680988, 85.99662512887973, 84.32939815556858, 85.82486939312408, 84.98406826740512, 85.39045984147158, 85.39045984147158
96.22, 96.58065520843496, 98.90428957526233, 97.3777173244224, 98.13299228103313, 95.9400888780477, 92.20335069227201, 92.04301396632788, 93.85966884307189, 92.74736523203168, 91.21158434045024, 91.62913239034445, 91.01667414402584, 89.21725587292896, 91.22599272118609, 91.94711668886725, 85.88922846168357, 84.50371598688248, 84.52382558249198, 85.8926009680988, 87.4278463518511, 87.38707666352721, 87.75827085583633, 86.66084636750617, 85.96622697899483, 85.96622697899483
95.03, 94.66222132758809, 93.8966435244015, 91.63393445235545, 92.8198356824017, 94.50205943947292, 89.07849202899945, 85.4829156262004, 87.53016506852741, 88.55574035859992, 85.67588852209451, 84.17834927434514, 85.00796617836136, 85.81502052580596, 86.85197387692936, 87.02448589408729, 85.88922846168357, 85.28626880603836, 84.52382558249198, 85.8926009680988, 85.85231090061076, 84.32939815556858, 85.12286454762433, 86.09780985734619, 85.84227350291621, 85.84227350291621
94.51, 85.0, 87.14405114502874, 85.61960615880757, 86.01886868693161, 86.74129577424175, 86.57576578808106, 86.04176242033256, 85.81300300960132, 85.25911298499855, 85.67588852209451, 87.47018773743596, 88.20735841384318, 85.8806383236276, 87.0669289516012, 87.31486216570484, 85.88922846168357, 84.50371598688248, 84.52382558249198, 85.8926009680988, 85.44146362125831, 86.84477927218082, 85.93776430288315, 87.25688302914178, 89.18859518532501, 89.18859518532501
96.3, 96.71487317003748, 94.54368338514661, 93.08982671786615, 93.11723249552243, 93.47787155499881, 92.31700165162651, 88.3900826432075, 89.9490412777643, 90.28951991267685, 85.67588852209451, 86.25724662320653, 87.55586958237357, 86.0370620744068, 87.44238539982383, 87.26262430895838, 85.96495643916126, 84.50371598688248, 85.89114661653929, 85.8926009680988, 84.73326827916155, 86.02043220832884, 85.82486939312408, 84.98406826740512, 84.18839048711607, 84.18839048711607
96.28, 97.15709416156425, 98.25952285945743, 94.06195875980643, 95.47599565036859, 93.14674995970235, 89.8877893907998, 90.35997514972225, 90.7434114913568, 88.63940450660837, 88.84596960379045, 90.30601093556832, 91.19699220630582, 88.83160069490665, 90.38750531902264, 88.8646887844612, 88.9344794081827, 89.7424345676126, 91.02006611105693, 90.42392208291717, 88.13070429841888, 84.32939815556858, 85.82486939312408, 85.56628600889422, 85.99317948451034, 85.99317948451034
95.89, 95.46510782592348, 95.74847658947282, 91.64862339386431, 91.1574300029452, 91.82152022410571, 88.40898591688824, 86.65354944389377, 86.6528216875019, 85.25911298499855, 85.67588852209451, 87.43592572779156, 86.88730845474794, 86.38914159737226, 88.8685396059763, 90.21659586045234, 90.7600234218671, 90.80318320693137, 91.20719123472932, 92.05383503434358, 91.48293026361239, 93.81733065855609, 92.72548387755957, 93.89196456501952, 95.68018488299643, 95.68018488299643
95.79, 96.12207994685726, 96.81373136879964, 94.73583944317245, 94.67278865378108, 93.51655063157614, 94.11417330342651, 94.57746426313783, 96.97420926012106, 96.24743897729672, 93.34269763904987, 94.19729775439244, 92.83090433880004, 92.63228544625156, 86.9250820482863, 87.56902360722621, 86.63929258359806, 84.50371598688248, 85.44834478166666, 85.8926009680988, 86.4120483460876, 88.6516298055791, 87.89369153045091, 87.42587666322001, 89.98130980572147, 89.98130980572147
96.81, 94.93320691524681, 95.15352860650881, 89.89005487031046, 87.6755746817372, 85.37646404500278, 85.48961899980043, 85.4829156262004, 86.29094102836709, 85.25911298499855, 85.08493619760885, 84.17834927434514, 85.38713742199933, 85.23917423414632, 84.31369739456835, 84.75618479052292, 85.88922846168357, 85.56505304179856, 85.88175274778249, 85.8926009680988, 87.67329813145375, 88.71429842931492, 88.36108736174576, 88.2733413207015, 87.50687223170287, 87.50687223170287
96.64, 96.59647529706412, 97.85982045298115, 97.86265069040071, 95.36429679616806, 97.14947703848154, 95.3725876792442, 93.22106270250407, 95.47989383026744, 95.37054566684424, 95.8854852270014, 95.84005970091934, 97.41888681145808, 97.41536509966757, 97.13636988806675, 98.57446347986149, 97.44788064568016, 92.12596811907143, 89.54891880472191, 88.59477017639311, 89.96053491019475, 88.81526895470108, 87.25543365298319, 88.34834637666924, 89.49737685362072, 89.49737685362072
96.39, 95.74652671625492, 95.6466151383269, 95.24359004759705, 91.67685876759046, 86.69329762487953, 86.57565432369522, 85.4829156262004, 86.66316324059373, 86.63456691927999, 85.67588852209451, 87.74577674891314, 88.20066584369546, 85.81502052580596, 86.63567901365806, 87.72976460621146, 85.81515491048019, 84.50371598688248, 84.52382558249198, 85.8926009680988, 86.94568752257179, 86.56260483610865, 86.55031191103132, 84.98406826740512, 85.25260352486771, 85.25260352486771
96.09, 96.95710085035404, 96.33593149423513, 92.58991002126352, 91.53989733179316, 90.11899450154971, 85.09981854555537, 85.4829156262004, 87.08994171609633, 87.42938539904799, 87.5940794351385, 88.84197480537296, 87.46575944221328, 85.81502052580596, 87.03372718648339, 88.47564226524467, 85.88922846168357, 86.90698560920515, 84.52382558249198, 85.8926009680988, 87.01820328119278, 89.4468019571242, 87.5332564694194, 88.74052530545325, 89.57663580023511, 89.57663580023511
95.87, 93.83022120585247, 95.36565013324335, 94.7943786770457, 94.77633496277747, 94.60023938497613, 85.88618999976038, 86.51807268082945, 87.05954461685236, 86.90881022166906, 87.5151615499876, 86.62317484755867, 85.00796617836136, 85.81502052580596, 86.73740112253542, 85.43791417173215, 85.88922846168357, 86.09441559314112, 87.55411022395226, 87.09223295779071, 84.73326827916155, 85.23895823128208, 85.82486939312408, 85.95956999969867, 84.18839048711607, 84.18839048711607
96.11, 96.1284721103315, 98.06496390896646, 96.15941738117004, 97.25420016425937, 93.00520433775598, 93.14835102893814, 87.57031077593157, 87.02640979707795, 85.49070297666347, 85.67588852209451, 87.30464096702082, 87.7201766313093, 88.29239973133483, 85.70982141288152, 84.75618479052292, 85.88922846168357, 85.85748605679818, 85.85012883459987, 86.35256452533359, 86.57765587172962, 86.1446210383413, 85.95591774757835, 84.98406826740512, 86.40993557641355, 86.40993557641355
95.22, 92.34014050700006, 93.69647344023032, 89.411825767095, 87.02430275781614, 88.57102117170383, 87.33425892238581, 86.72277526743012, 88.281265439924, 85.25911298499855, 85.67588852209451, 87.72266950273796, 86.37279065555734, 85.27848531952996, 86.72157463808338, 88.54780943935324, 86.46670968690216, 84.50371598688248, 84.52382558249198, 85.8926009680988, 86.52450887534016, 87.50646241918434, 86.03859772681757, 84.98406826740512, 87.27531384924298, 87.27531384924298
95.89, 95.96386548806422, 96.90468657743673, 95.15033966116556, 94.13790041132391, 90.9275705843033, 90.19768689743546, 90.62408781856708, 91.85272903196582, 92.72578322275794, 92.47257039395852, 94.56199963114257, 93.28302503398452, 93.05386459588688, 93.64405756957369, 94.30023680301906, 94.26117049553949, 93.03801534634077, 93.6248188240683, 91.49178372707009, 91.51960722504414, 91.25924789102655, 90.88987285900127, 86.63663056700008, 84.18839048711607, 84.18839048711607
96.39, 96.05549120428296, 97.41328020919521, 95.65602211907786, 95.28768851275238, 96.75151974970564, 95.92515397312012, 94.75777014079279, 93.0894185700048, 87.17254767511352, 85.52476813102871, 87.36130351842185, 87.69876578966772, 87.40531884884376, 88.88028834768313, 90.24737916029417, 85.88922846168357, 87.30700982342925, 84.52382558249198, 85.8926009680988, 85.95669164972558, 86.40504252740796, 85.82486939312408, 85.6724373112016, 84.18839048711607, 84.18839048711607
96.78, 95.68564315117248, 97.48638205354271, 97.6745324222247, 98.45631439135862, 97.95596060188986, 96.25710700557964, 94.9045827351782, 96.98271881382013, 92.61735850626341, 89.30062838041226, 90.3957662097492, 85.44620938249486, 85.81502052580596, 86.56270753403629, 88.09788577341872, 85.88922846168357, 85.13091159007313, 84.52382558249198, 85.14730353261565, 86.71434999453707, 84.32939815556858, 85.82486939312408, 84.98406826740512, 85.99229925738017, 85.99229925738017
95.39, 93.8575288423728, 94.75235413040973, 94.67384770104505, 94.72340772525455, 92.706827222253, 92.11287617654364, 92.65347275638467, 93.40821647056627, 93.92781346007338, 93.66825548574471, 94.82782912283757, 96.04129915138664, 94.97863245415729, 96.23947799206707, 93.42066942529432, 89.46647915464285, 88.03790642000598, 88.2879102996988, 88.0612463650246, 88.06351235567519, 85.36274641590349, 85.41355387921672, 85.83595956191826, 86.38946281196844, 86.38946281196844
97.06, 97.94725837948587, 98.98066907333775, 93.1898789002725, 91.15814191048935, 89.89394412076527, 90.552331380286, 85.4829156262004, 87.33556809586383, 88.41657958015963, 88.60202860832129, 87.21318282480813, 85.72108381248214, 86.42492444840511, 85.39984714741702, 85.1912553984954, 85.20774489071735, 85.52233303431211, 87.03571384373029, 85.56709812476115, 84.73326827916155, 85.5070393002896, 85.82486939312408, 84.98406826740512, 84.18839048711607, 84.18839048711607
97.14, 97.50198456868556, 98.58549350235572, 99.1312336428759, 99.93358425780255, 102.26396390418726, 102.86180337973806, 101.39884326484133, 101.15768378983331, 100.58501362503574, 100.41342123571108, 102.3140465067697, 102.32325832373118, 100.8123887151956, 102.51056059574255, 103.99607022104534, 101.0718743641348, 100.91303387654749, 96.99959241920646, 93.76395657227545, 94.76936158517927, 96.15065191597343, 94.22851636899107, 92.5206084693253, 94.73734808192515, 94.73734808192515
95.96, 95.18264956867472, 96.47467556692247, 97.14440825406416, 93.98641158346041, 91.67227360111818, 91.39534196967541, 90.19760282332884, 90.37761724888257, 88.72064741501804, 88.88368812069723, 91.41129054614417, 85.6412964040185, 85.81502052580596, 87.52102501162034, 87.71842750672795, 86.00116200637274, 86.28215881123919, 86.18424166821464, 85.97521655209746, 86.91618329676254, 88.6376581163749, 85.82486939312408, 84.98406826740512, 84.18839048711607, 84.18839048711607
97.88, 97.67951536855294, 99.84931555821451, 97.16535209068897, 94.91627170770126, 95.2823485034492, 94.61827684028508, 94.15856742213518, 91.92014165132491, 92.79657498995009, 92.95066848217144, 92.97740884966868, 91.22943564179066, 91.4355707003874, 92.2615763067305, 93.07104374670595, 88.80236419328428, 90.92684080699053, 90.49989167760495, 87.46346366794289, 84.73326827916155, 84.32939815556858, 85.82486939312408, 84.98406826740512, 85.89136354703065, 85.89136354703065
96.65, 97.00535432815873, 93.3656797092656, 93.18410618715895, 94.36728134149051, 93.13452570359543, 91.86095069127508, 92.05948840028535, 93.28938810192844, 93.56948477927872, 93.4277262678867, 95.94829126399092, 93.77868806900082, 92.10931755654379, 92.82112412229822, 90.51668379308924, 90.65714512341809, 92.4127502570196, 94.49191045459433, 95.25884582274578, 94.31218826155795, 94.99119140273231, 87.35800626795576, 88.2462386775038, 89.65229360389553, 89.65229360389553
95.54, 96.0269171796428, 92.84448603567904, 90.14974434143076, 87.32552979096536, 89.55463425445507, 89.76772092844148, 90.14045204692108, 91.80745991106517, 88.90667923553278, 86.6160993990651, 88.19630269427617, 86.56116071834019, 87.49174718381752, 85.33739234187047, 84.75618479052292, 85.88922846168357, 86.95414016669133, 84.52382558249198, 85.8926009680988, 86.00578033734436, 85.02634066842555, 85.24136600719349, 85.36464536083201, 84.18839048711607, 84.18839048711607
96.67, 98.20410776477176, 99.41526756884105, 98.14146544214661, 98.29254022848659, 97.73626215883777, 98.61749516949664, 96.54593990112978, 94.1995218519529, 90.67987721322437, 90.68473428045428, 84.17834927434514, 85.00796617836136, 85.81502052580596, 85.88552893676778, 86.59938417541228, 86.80988823976215, 88.29356606166961, 87.12112908302774, 85.8926009680988, 86.6190795100435, 85.96114662398153, 85.82486939312408, 85.98423430967628, 85.98531728173084, 85.98531728173084
96.66, 96.18474438029214, 93.82102618006037, 92.44813839011955, 93.65558014120501, 93.81571634787615, 93.33484158119454, 92.8867049844435, 93.59632131121938, 94.92986107400964, 92.06551268520039, 90.7470188455974, 90.63855437542905, 89.13029227459269, 90.61520921225409, 90.0981044296709, 87.40556359957854, 85.19611629660665, 87.31841732804975, 86.78397791082506, 88.4154694213947, 89.25558241324364, 87.05662410403404, 88.25045328770248, 89.72618443523217, 89.72618443523217
96.65, 97.15885546878991, 97.24682624242408, 94.22225302235722, 93.55040469743746, 91.80735816510888, 90.17829595263157, 85.34220402727851, 84.10845337987462, 85.25911298499855, 85.67588852209451, 86.61794506189041, 85.00796617836136, 85.81502052580596, 87.45695918104245, 89.29552123786826, 87.86458405447067, 89.59621582284403, 84.52382558249198, 85.8926009680988, 87.68435422668777, 87.95620004733082, 86.91106147949135, 86.84183339256288, 88.27866820030066, 88.27866820030066
96.54, 96.49378577641167, 95.00827837866152, 94.84062300822698, 92.67098055966026, 93.41828335272578, 91.86025086360603, 90.5607278920113, 91.71468652218606, 89.96156372223723, 90.33722511023981, 92.19683894601658, 90.58418038806673, 91.08782730314363, 92.88569665764187, 92.3363996006647, 93.17667478846057, 94.58770316365523, 95.42179306942805, 92.9766565292218, 93.30739736955614, 94.22665459286388, 91.60468851991041, 88.40200729138643, 86.07607386617975, 86.07607386617975
96.4, 96.62139631934434, 97.99504516290452, 96.2321892526998, 93.27575009117587, 94.68049778932767, 91.94766768665036, 92.17156334911947, 89.09460439492105, 89.78674873266533, 85.77221757221876, 84.17834927434514, 85.00796617836136, 85.81502052580596, 84.31369739456835, 84.75618479052292, 85.88922846168357, 84.50371598688248, 86.23800637446817, 85.17084221447926, 85.0004045800164, 84.32939815556858, 85.82486939312408, 87.16298539698994, 89.22312144000271, 89.22312144000271
95.81, 97.0066378225927, 97.01847367279436, 95.26518052630084, 92.32005916979352, 89.62204294736316, 89.68518247924051, 88.5999356477791, 89.47621709806981, 85.25911298499855, 85.67588852209451, 85.82169393847244, 85.00796617836136, 85.81502052580596, 87.75963852192324, 89.26416704668077, 89.60954628061548, 87.81745524847268, 87.25083434730253, 85.72670535457601, 86.16157599090592, 85.19412488290767, 85.82486939312408, 85.72224331799531, 85.44437859067347, 85.44437859067347
96.58, 96.45922199644845, 96.53912151621704, 94.117250622559, 93.55637582250237, 94.28093080552517, 92.22053780280768, 89.66971183887803, 91.45788399684805, 88.04165063759085, 88.44926505691902, 87.79996371656215, 87.23412772818499, 86.47826523225999, 87.74895146447395, 86.12978400573043, 85.88922846168357, 84.50371598688248, 84.52382558249198, 85.8926009680988, 87.63248045578946, 89.10571271569184, 89.61519497301, 88.11657556697851, 88.29026767643248, 88.29026767643248
96.61, 96.68191852176751, 96.9121174012534, 93.90839332162352, 92.32149782956992, 90.8398419124016, 91.43772342985407, 86.76043281330314, 87.09755231929653, 87.72449302306848, 85.46965942761254, 86.17150266211812, 85.00796617836136, 85.06083597657818, 84.31369739456835, 84.75618479052292, 85.88922846168357, 87.70770913454095, 86.84922245724331, 85.8926009680988, 84.73326827916155, 86.41810472429535, 85.40189607176498, 85.66619012485532, 84.18839048711607, 84.18839048711607
97.22, 96.97590949924557, 97.16473478282215, 97.72024435328913, 93.71364568505214, 95.10324883571927, 95.37679349910844, 95.79321576791737, 96.77129844953558, 97.85659731099996, 97.46334252218831, 98.61703813238316, 99.24961773491164, 96.92795799941133, 97.21148156984229, 97.20555636447456, 96.16114129828111, 96.39058273997473, 91.26819070462088, 85.85968874278417, 86.99375097496949, 88.98693404192343, 88.16619522537908, 88.93792498866344, 89.38733226335344, 89.38733226335344
96.22, 97.1668736440087, 96.7698329939415, 95.45682927603626, 96.46173506964767, 94.62576422806232, 89.95026582287741, 89.85378564119345, 90.98305647550708, 91.32335026292844, 89.69541886066385, 90.3823719513669, 90.38611641784972, 89.02026159539085, 90.8963144143164, 90.58114080136464, 89.63179792450278, 86.46927050627949, 86.090242934447, 85.8926009680988, 84.73326827916155, 84.32939815556858, 85.82486939312408, 84.98406826740512, 86.84091694778448, 86.84091694778448
95.31, 95.30099225843048, 97.47116931777192, 96.85045214675539, 96.84695702414636, 96.9502979352513, 95.96415490820398, 94.67735691012915, 96.83169931492932, 95.41082425617537, 96.3882593281615, 95.46881037402964, 94.26024277478922, 94.01786831927535, 93.87114501880542, 93.94015435793969, 92.10701487146068, 88.93243341774193, 89.73890682595602, 85.8301993007916, 84.73326827916155, 85.56467243727337, 85.83069143501194, 85.06179446648889, 86.74173971056773, 86.74173971056773
95.88, 92.21723594643872, 88.65697116423132, 87.02623062318544, 88.48173786445064, 88.31163487891757, 86.19267159716811, 85.45696986172727, 87.69552237507642, 85.25911298499855, 85.67588852209451, 84.17834927434514, 85.00796617836136, 85.81502052580596, 85.1525712904955, 84.75618479052292, 85.88922846168357, 86.91686382546919, 84.52382558249198, 85.8926009680988, 84.73326827916155, 84.32939815556858, 85.82486939312408, 84.98406826740512, 85.20537702391898, 85.20537702391898
96.63, 95.7802450357465, 93.22447151681017, 91.73961210684487, 90.41076481971659, 91.95246662025107, 90.7496823436098, 89.84332986348237, 86.07703111255188, 86.79484989124573, 85.67588852209451, 85.84626930668531, 86.26072136044168, 85.93334081173876, 84.31369739456835, 84.75618479052292, 85.88922846168357, 87.75434086292185, 88.02333492304263, 85.28519230662154, 84.73326827916155, 86.93317695014467, 85.31182575450646, 84.98406826740512, 85.06301044588602, 85.06301044588602
95.74, 96.52482081869258, 96.62177089919734, 94.76861313856391, 87.14800259907116, 84.10957757803895, 85.48961899980043, 85.4829156262004, 84.10845337987462, 85.25911298499855, 85.67588852209451, 84.17834927434514, 85.00796617836136, 85.81502052580596, 87.24564204476025, 87.8659163815794, 87.99085202340393, 89.6578320912355, 86.35181095859545, 85.8926009680988, 87.61890764255118, 86.58645612825033, 85.82486939312408, 84.98406826740512, 85.61667194932089, 85.61667194932089
97.3, 95.592694457254, 97.84936515220508, 98.35224437289015, 99.17352819065022, 97.5662635719685, 95.3530697700769, 91.33817953170748, 93.39029120304028, 91.90471947714805, 91.90849050454631, 91.7514722194928, 90.98550344744649, 91.56717979509973, 87.02330517902584, 85.54586331853729, 85.38217025839187, 85.00893297447921, 84.52382558249198, 85.8926009680988, 84.73326827916155, 86.93596026340187, 85.82486939312408, 84.98406826740512, 84.18839048711607, 84.18839048711607
96.21, 95.6204169626705, 96.81142000654204, 95.91891465804946, 96.07687211646244, 94.66658233369836, 93.39118310577321, 92.73596099240933, 92.84702080610526, 90.67213243036335, 91.23761830175012, 85.82646153740579, 86.58515779466168, 85.81502052580596, 86.11265116545415, 85.38762284974422, 85.88922846168357, 86.19452325066258, 85.59007730419897, 85.8926009680988, 87.37490882629709, 86.18908290255311, 86.04632318919457, 86.5574838965011, 87.75368125736429, 87.75368125736429
96.29, 94.22592852379032, 96.17939701512671, 95.89253701509026, 96.2258305145851, 95.43416944110393, 94.53664180974992, 92.3393196387644, 91.14820775028589, 89.40456869163042, 86.82653216517363, 88.14757314555831, 88.10582742170419, 85.28621060487707, 85.30599082942427, 85.53349405449589, 86.30640301327962, 84.50371598688248, 86.126267402288, 85.8926009680988, 84.73326827916155, 84.32939815556858, 85.82486939312408, 85.78848737454477, 87.07625239396464, 87.07625239396464
96.83, 97.86741432763391, 97.61899417962407, 98.12388094547936, 99.1429282003185, 100.48885802941086, 99.77155937807952, 98.26341730648109, 97.01482047006166, 97.80100260225142, 95.26632400159939, 96.59586179474557, 95.44857641344862, 91.81784401569868, 91.08818422137594, 89.31915339375472, 88.56591535626484, 89.4201903726996, 87.40621706448881, 85.75584761978226, 84.73326827916155, 84.32939815556858, 85.82486939312408, 85.61559147963504, 86.13019624942126, 86.13019624942126
95.57, 94.73985780338171, 90.28985253410924, 90.10430938960275, 88.40008460358752, 89.22438222019291, 89.43626904279002, 88.3176317199718, 87.33633370192095, 86.21567653858168, 86.5898029854094, 86.93201385381585, 87.32183146709448, 87.94829720319171, 89.14182439400864, 88.69752911563481, 85.88922846168357, 85.18830977124144, 86.58095767412459, 86.05162235100026, 87.12111797538267, 87.99679585502263, 87.93754723461753, 86.62461761365998, 88.59443616291398, 88.59443616291398
95.76, 96.28952267199547, 96.74467953031755, 95.88874868708096, 96.69230817939092, 98.55003230659783, 98.7456418729429, 98.39018214370216, 97.50975037901262, 95.7764888610537, 95.3356095896213, 94.70521706930774, 93.84453714687743, 88.45712545845201, 88.20714250093243, 84.75618479052292, 85.88922846168357, 86.4532506748631, 87.45383580135044, 88.1893964726852, 88.28562621397843, 89.8168549177612, 85.82486939312408, 85.4883340156459, 87.43583967327667, 87.43583967327667
96.51, 90.3633411729057, 90.70591162773368, 90.31728635811034, 90.24303589949344, 88.88697460812439, 87.32514877576547, 86.81591530083205, 87.9313363133736, 88.73615500764863, 89.15739113133918, 90.99332916613217, 90.49764799490815, 88.90011827935061, 85.1310467526994, 85.75762297448124, 85.88922846168357, 84.50371598688248, 84.52382558249198, 85.8926009680988, 85.71245171623265, 84.32939815556858, 85.82486939312408, 87.1126478590716, 86.77116457602673, 86.77116457602673
96.19, 93.18555822995475, 91.21475005780854, 89.18980448834114, 87.38634305718534, 86.25797675067071, 86.17561619954985, 86.62175487696425, 88.27385075353239, 88.29900067476713, 85.78365020314718, 86.5350168130217, 85.71426042182358, 85.81502052580596, 84.31369739456835, 85.71820526145032, 86.38997513701487, 85.31350671727954, 85.56764993817065, 85.8926009680988, 86.61231982812679, 88.66241684854026, 87.44431335353103, 88.32191325658228, 89.67029714040183, 89.67029714040183
95.86, 97.20973379237803, 97.88935485725648, 97.19033292097653, 97.82562789646757, 99.68023306951419, 99.11383856658364, 100.3694951095605, 102.46558987445914, 102.92867953420243, 98.56801289826836, 100.70817838675957, 102.20378899953988, 100.82928358923502, 101.75315626860419, 101.87569078515304, 99.9535108291808, 101.01672075059858, 98.87445284157941, 97.64777443721343, 95.97615033638574, 96.9869139550624, 95.6080585279305, 92.75792368455117, 90.62328628851932, 90.62328628851932
95.52, 96.79080005836862, 96.94570754014337, 94.91500064643643, 94.57644983327033, 94.25467599211004, 94.51441111741114, 93.19185537363556, 90.77349355791652, 91.81229511662605, 89.48212245014604, 90.9381787238975, 89.80906670443005, 88.69732522689542, 90.51863226403306, 91.8101888971873, 92.56623436825588, 93.10859495224172, 92.56270756446725, 93.37629293931649, 95.13583928687298, 91.75053293996238, 92.34766342582176, 93.28247470619883, 94.6379274371874, 94.6379274371874
96.28, 96.58832330162603, 96.40301451326725, 97.35560401851075, 98.25393639328816, 98.52206453215533, 99.31243422014073, 99.88846840340311, 102.26213846225515, 101.17987103601689, 100.57903944924598, 102.82558705745893, 102.068731264729, 99.46633782066826, 99.06891790268999, 97.01328630314707, 97.61035081434466, 96.89555396802848, 96.07641674257336, 96.36836873086276, 96.24230274426604, 97.62833955202815, 96.897285238723, 96.9496626383433, 94.85205407656578, 94.85205407656578
95.64, 97.11761526619068, 97.70438830728854, 94.25247887353409, 93.0533112545427, 93.59221038688676, 92.60807423778196, 90.30500052384025, 87.29083842335342, 88.22024014839506, 86.6223327805411, 86.69493108346241, 85.00796617836136, 85.33794293433586, 86.34982752803815, 85.77659082571765, 85.88922846168357, 84.50371598688248, 84.52382558249198, 85.8926009680988, 84.73326827916155, 87.13400085476215, 86.070544626991, 84.98406826740512, 84.18839048711607, 84.18839048711607
96.19, 96.19419441983912, 94.32049517968566, 93.68270134076464, 91.24817241971336, 93.27436953279545, 92.50351590390753, 92.77118989658281, 91.46628130138242, 86.42274526229205, 85.67588852209451, 85.79498732636105, 85.00796617836136, 85.81502052580596, 86.43192454611648, 86.68059666888996, 85.69352447540894, 84.50371598688248, 85.56070481237687, 85.8926009680988, 85.85186816616451, 87.27729996408075, 87.26051924050856, 84.98406826740512, 84.18839048711607, 84.18839048711607
96.12, 95.5971250624938, 97.93380626102152, 98.08852720150838, 99.38577359807321, 95.6230566635677, 96.1744184111991, 96.75911495679067, 98.44116322534227, 96.2136104588033, 95.6558141667737, 97.36511654038506, 93.31479314892815, 92.17336437426664, 90.31261706487517, 87.1257747235415, 85.56192238009206, 84.50371598688248, 84.52382558249198, 85.8926009680988, 84.73326827916155, 86.5129863623064, 86.82019802330834, 85.69751407983314, 86.53485819615652, 86.53485819615652
96.5, 93.41125009326623, 91.1528444453081, 89.82584255561014, 89.41446817754424, 84.10957757803895, 85.48961899980043, 85.4829156262004, 86.62725395115527, 86.76722737595242, 86.49730145993605, 88.37377038645687, 86.69854549225214, 85.81502052580596, 87.67648908845172, 86.09432572600444, 85.30599250921556, 85.79543700565313, 85.77742259752324, 85.67648413989704, 86.74676205084681, 88.7411039904249, 85.82486939312408, 84.98406826740512, 85.47863095133454, 85.47863095133454
96.56, 95.94279593214003, 95.77069307207692, 95.09278295545008, 93.06011832930398, 94.33360004904969, 92.91524036921486, 89.90084775907721, 92.27608795442687, 89.75308175446966, 88.71227802862882, 89.44395225422102, 88.1630512347675, 85.81502052580596, 84.31369739456835, 84.75618479052292, 85.88922846168357, 86.03530864243123, 88.14598522847972, 87.7476426685329, 86.98795942568795, 88.39428817001668, 87.31341822180686, 84.98406826740512, 84.18839048711607, 84.18839048711607
95.77, 90.15805236129431, 86.66125060485909, 85.68112224577713, 85.25147394837903, 86.25320694766235, 85.48961899980043, 86.51713612230036, 88.43361399013577, 86.41997679560578, 85.23489087962027, 85.36997572566814, 85.9684059752797, 85.81502052580596, 87.55518002752193, 84.75618479052292, 85.88922846168357, 85.6085942396726, 85.87841170137344, 85.4640784641114, 86.02349154107422, 84.32939815556858, 85.82486939312408, 84.98406826740512, 86.34174449359688, 86.34174449359688
96.31, 98.05024396801664, 99.98005519686633, 96.53013559879135, 97.24533635442374, 93.12137650234669, 93.47688239838514, 92.51282049361876, 94.12186378543093, 93.1564512074906, 89.54707423560298, 89.792540757294, 87.86828095974272, 88.0935690808857, 89.97993396685601, 90.48268857636295, 90.09419977937252, 90.47307496549415, 87.82491395426362, 85.8926009680988, 85.48539133199291, 84.32939815556858, 85.82486939312408, 84.98406826740512, 85.53825023906835, 85.53825023906835
95.48, 95.99871936103493, 95.91766683000289, 95.45644393369322, 95.97814418524997, 96.08313232362867, 96.00431581863906, 95.17548321214868, 96.50622938720824, 93.78960046282654, 92.17004744349434, 93.09280292583088, 93.72475672809021, 93.04234575423841, 95.19363063121709, 93.43102970818285, 91.84944986029024, 93.62783827369168, 91.97697705260336, 91.33779062728675, 91.59559709657259, 93.72119281943918, 91.69509758242937, 89.73350862514387, 87.37379712426791, 87.37379712426791
97.16, 95.90429043400584, 92.34353475472395, 91.92267060442047, 86.62783017750655, 88.37632046472193, 88.0822958584667, 85.4829156262004, 84.10845337987462, 85.25911298499855, 85.19034681290181, 87.13037623791084, 85.00796617836136, 85.81502052580596, 84.31369739456835, 84.75618479052292, 85.31724266568112, 86.7133594727387, 87.39701455328019, 86.22583596611315, 86.32682131479099, 85.44552016198917, 85.82486939312408, 86.45590328534834, 86.31314446558851, 86.31314446558851
97.08, 95.63222331807877, 93.55443474763712, 88.48240453605635, 88.7048930143849, 90.48059181065368, 88.4967853214422, 88.55767465441632, 85.95885440786998, 86.94041025901375, 87.25261920445689, 87.71560506178359, 87.80279545474905, 85.81502052580596, 86.84858955733233, 88.15746527082445, 88.42020954330323, 88.70651684397002, 87.76139226355932, 88.12262129117106, 87.23821311171852, 89.07451861947396, 86.27782908367668, 85.94719631547478, 84.18839048711607, 84.18839048711607
96.26, 95.40309242043018, 94.92812996112369, 94.8174491975475, 96.0553426604102, 97.06272714105262, 96.97009133726448, 96.92732760832001, 97.83091520510803, 97.75988065282117, 97.66113456755538, 97.83436822612339, 96.3966878217378, 94.5317538571856, 92.33760443557873, 93.85734334639452, 94.22999278998097, 94.86476484681565, 94.92685111418375, 94.68893939676902, 95.43160343719984, 93.67478465447901, 92.33833568674649, 88.29714322037749, 84.18839048711607, 84.18839048711607
94.78, 95.02766666390444, 97.16701390408282, 97.83693960907502, 98.07125692431241, 98.98241846386318, 99.13217510750673, 99.20967289109032, 101.69170555483556, 92.1517939404591, 91.13894376190912, 92.00537723595244, 93.08997133397048, 92.97659226984682, 90.59573097404297, 91.51173694302022, 90.71668813649535, 89.9327161606758, 89.76457975105657, 90.00195384556724, 91.35098703767397, 90.59093643689454, 90.9523378405988, 92.1337502250928, 93.25174567611194, 93.25174567611194
97.24, 97.30107937161578, 95.76947695187546, 95.93600225757527, 85.84178934947957, 85.96636929986117, 87.06582795280846, 87.39692136087177, 86.50741729563589, 87.50903638293725, 85.67588852209451, 84.17834927434514, 85.00796617836136, 85.81502052580596, 87.39646092284696, 87.59798716024763, 85.88922846168357, 86.82321593634114, 84.52382558249198, 85.8926009680988, 84.73326827916155, 85.87883792094522, 86.57063367417688, 87.55591844030405, 86.81262322638058, 86.81262322638058
96.36, 95.15090463069933, 97.05149227787233, 97.15266346490957, 96.22519675849738, 96.59204274119149, 96.09785590702158, 96.64679769129796, 97.05175450017643, 95.98620345028435, 95.86203381270231, 97.90447778577236, 99.13162001537908, 98.99128226794245, 100.99106476888292, 101.09112592231199, 99.56570036679254, 98.39879145012085, 99.83835328355545, 96.08565803087342, 96.69525551316973, 98.35898513152391, 94.21063288474654, 95.19064161337263, 97.1727124949867, 97.1727124949867
96.5, 93.65410788305283, 91.83894818976717, 85.70305509210984, 85.25147394837903, 87.05688293016185, 87.45618668668394, 85.20448253915652, 86.73503108981843, 87.91282697160668, 88.31587002134354, 90.69913575676584, 90.29770283516996, 87.2260354753675, 88.08161978392556, 89.1471468907658, 87.35993990215204, 88.59594187811332, 86.42786928468058, 86.4231463709651, 84.73326827916155, 86.38972035145814, 85.82486939312408, 87.34492716261599, 88.64161419391539, 88.64161419391539
97.91, 99.32269828938513, 100.96498472707596, 101.72519014877071, 100.397490718263, 100.10697788590672, 98.31622776716628, 99.16016192659507, 101.10285664552919, 101.92543415249952, 102.58097708771709, 102.00377311947443, 103.115099965908, 100.17084352134803, 99.60703951277087, 96.39580657188496, 96.4273546681358, 95.54214669801196, 93.26058742802086, 91.4396711805006, 91.06925916624724, 89.45565080475622, 90.08689880893063, 89.83434508839967, 91.4785610853941, 91.4785610853941
94.34, 94.73570969784406, 88.2034847769956, 85.68112224577713, 85.83227407871674, 84.10957757803895, 85.48961899980043, 85.4829156262004, 84.10845337987462, 85.25911298499855, 85.67588852209451, 84.17834927434514, 85.00796617836136, 85.81502052580596, 87.39509272309976, 87.49031661423548, 87.25497659359013, 84.50371598688248, 86.33833238662623, 85.14945325632688, 85.76182737319995, 85.85914836943869, 85.82486939312408, 84.98406826740512, 84.18839048711607, 84.18839048711607
95.62, 95.18715715278049, 94.49712320134935, 92.42829320667089, 90.90879013448462, 89.13584061617051, 89.31979847782063, 88.95884825934529, 88.30182885325226, 85.25911298499855, 85.67588852209451, 87.30589287315345, 88.05915061331727, 88.55807119187284, 90.01065088530362, 86.14613952028944, 86.29073900288039, 87.91047143063089, 87.49806946493479, 85.8926009680988, 84.73326827916155, 85.63915489783327, 85.82486939312408, 86.62216466316937, 88.14877972690303, 88.14877972690303
97.23, 91.25027135718274, 91.86326621203199, 90.90833889327051, 90.81356572024438, 91.78629672555628, 90.64516595215818, 90.76833520832162, 89.10418979220898, 88.91160008838528, 87.95269438104155, 87.02212774367767, 85.00796617836136, 85.24671657438367, 86.02296822392822, 87.00234878664568, 85.4224660641046, 87.19437296145004, 84.52382558249198, 85.8926009680988, 84.73326827916155, 85.34956729624503, 85.70516184153199, 84.98406826740512, 84.18839048711607, 84.18839048711607
95.96, 92.78528767974326, 94.65896428326853, 92.4415261929789, 92.67472592340214, 91.11690210776655, 88.68083334791288, 87.46803259495225, 89.86009524072985, 86.04258346483206, 85.67588852209451, 86.89630139214835, 86.65815091725784, 87.07907702818046, 87.83653195679462, 84.75618479052292, 85.88922846168357, 86.3891120046497, 87.05416889879942, 86.35705969861978, 87.36451479076251, 86.2854836587841, 86.23535542052235, 84.98406826740512, 86.73316303037754, 86.73316303037754
96.08, 94.96161709494069, 97.37185437013628, 96.85937770005755, 97.0220685850709, 98.01404432780801, 98.94855622467342, 90.74633841963808, 88.24683999509477, 89.71135533775092, 87.82768996941522, 88.74918375902818, 89.04733854295753, 88.34639557182233, 85.80226451101271, 86.81565686002531, 85.88922846168357, 84.50371598688248, 84.52382558249198, 85.8926009680988, 84.73326827916155, 85.21252444162764, 85.82486939312408, 86.10227832211409, 85.02513081612705, 85.02513081612705
96.5, 96.18233576118939, 97.42555272088501, 96.926241603456, 89.79245911223965, 90.93818247236544, 86.8808957970385, 86.10404407072298, 85.58960311763792, 85.53027329080253, 85.69266123964503, 84.17834927434514, 85.40788853606772, 85.18348010757181, 84.31369739456835, 85.80875564764966, 85.88922846168357, 85.15163803625656, 85.6089023203145, 85.5596246241011, 85.46971824395051, 87.0349017971995, 85.82486939312408, 84.98406826740512, 86.11690744462126, 86.11690744462126
97.46, 93.35115751010146, 91.67731545849553, 91.25040936226442, 85.25147394837903, 85.53323917740722, 85.53109912214148, 85.4829156262004, 84.10845337987462, 85.25911298499855, 85.67588852209451, 86.69450116520692, 85.00796617836136, 85.81502052580596, 87.78901271778628, 88.20769720814913, 86.54051321130585, 87.79946309238667, 89.32179800638625, 86.78013272111937, 87.67441420998851, 84.32939815556858, 85.82486939312408, 86.14701879271294, 86.15154291465952, 86.15154291465952
95.76, 96.89791448466511, 96.0424139928916, 95.70103101599575, 94.38338925733122, 91.38505426349539, 89.58720191994063, 87.07774694370886, 87.45140857107148, 87.42623346608063, 85.67588852209451, 86.33124369773238, 85.00796617836136, 85.1710477584759, 85.94703140807036, 86.92066574860004, 85.88922846168357, 85.48326673489059, 86.67457522662612, 86.66008686085523, 84.73326827916155, 86.87500340950689, 87.24752128132499, 88.70313321883384, 88.75301024508876, 88.75301024508876
96.34, 97.92052870565169, 98.31853277815955, 95.5987397702666, 95.16732347554118, 96.77302558216716, 96.42027713747672, 97.40560816836937, 99.4705648882196, 96.09320928807867, 94.17298793711572, 95.09949347377977, 90.15898665921995, 89.40499838746544, 86.58959957765667, 85.37168827968308, 85.01882526564597, 84.50371598688248, 84.52382558249198, 85.8926009680988, 86.12878857605443, 84.32939815556858, 85.82486939312408, 87.14114387977109, 85.62941867665452, 85.62941867665452
94.69, 93.70323872498919, 94.92560024596482, 85.10493890343889, 85.25147394837903, 84.10957757803895, 85.48961899980043, 86.11842081093553, 87.73560561903045, 88.43775014822668, 86.42519880226554, 86.22312628045431, 87.03551534504406, 85.81502052580596, 87.5445370164784, 87.28897395965974, 86.32058164561377, 86.36222141222557, 84.52382558249198, 85.8926009680988, 84.73326827916155, 86.76721081870423, 87.24045679806905, 88.32572959756862, 88.97924448526074, 88.97924448526074
95.84, 95.0150535830617, 94.1951892085675, 91.3349068855577, 92.61867781794732, 94.98501519096975, 93.19492657172933, 94.00869107424323, 91.86512358718305, 90.36234147244473, 89.10760745192154, 89.1863560373886, 86.13916119038258, 85.81502052580596, 86.6079275795959, 84.75618479052292, 85.88922846168357, 84.50371598688248, 84.52382558249198, 85.07120628612884, 85.08357511673256, 84.32939815556858, 85.82486939312408, 87.1851159726013, 85.52905396257367, 85.52905396257367
96.25, 96.22257253570626, 92.23951797407358, 91.44168655497087, 90.88242911152932, 92.54715041047527, 92.28642095415502, 87.26995595813285, 89.22604920908266, 89.69084692761464, 89.29372822037058, 87.69677967914355, 89.17518792553398, 87.31210666648572, 87.4950149880724, 88.10654089959858, 88.44136519278506, 87.87559444596587, 87.24245044081708, 87.89803042195399, 88.96816289109145, 90.6281636337441, 89.44022568054814, 89.48289357951589, 89.44801620400764, 89.44801620400764
96.22, 94.74912737769687, 95.36514786644058, 92.49610775078983, 92.17034787567336, 93.20869603178915, 86.38683693317559, 87.23204260461303, 89.3443384022345, 90.3014997295861, 89.70557010720955, 90.08580994216155, 88.97227210238974, 85.5634896130752, 85.34789001162927, 85.62103467944057, 85.88922846168357, 87.17157167887109, 88.89230993767772, 85.43057744698018, 86.1301674724366, 87.26516339467278, 85.82486939312408, 85.93391027613357, 85.57005461611485, 85.57005461611485
95.92, 95.03998633747166, 96.74428306076507, 96.34486547982361, 97.27950759094793, 99.3607646261337, 96.5102517698848, 96.02371840030855, 98.22607215866402, 95.5314961209883, 94.24870535191376, 93.32656105107193, 90.52820146086897, 90.04612560912058, 89.21632622452107, 89.72432342524785, 89.10888903043674, 89.61275416324722, 89.62392794566063, 87.34149763948221, 87.07353205002296, 88.53314271917395, 87.70661331485746, 89.17879206913139, 87.07628445389443, 87.07628445389443
96.32, 93.81217735170904, 93.58495773095932, 89.94639297598647, 88.28601268812791, 86.72743339521183, 85.48961899980043, 85.4829156262004, 86.75360412682433, 87.39544554227044, 86.89820874223135, 88.98898656090617, 87.57858076371157, 86.83801257460378, 87.87330246265441, 88.26320221550216, 88.84405591559191, 89.58090932533389, 91.73819682764066, 85.92309740108877, 84.73326827916155, 85.3509271164792, 85.82486939312408, 84.98406826740512, 85.67172138317255, 85.67172138317255
95.94, 97.10919877173956, 98.5251745796428, 95.13069404443671, 91.51878981065926, 89.00058333208466, 89.92133502036152, 90.80359356832166, 90.62105041165195, 89.16443248286042, 88.86973371729187, 85.79971323222242, 86.18768408291346, 86.01829293947365, 84.31369739456835, 84.75618479052292, 85.88922846168357, 85.36391104900405, 84.52382558249198, 85.8926009680988, 86.40765753548871, 86.16052221637841, 85.82486939312408, 84.98406826740512, 86.38500561953977, 86.38500561953977
95.66, 96.75637961051156, 93.05986444411363, 91.29253065910918, 91.67573187481058, 92.85188919687224, 93.44037541522812, 92.42294318268748, 94.60141317822864, 92.56854088082989, 89.26651119436049, 90.74905244850295, 88.42021471255885, 85.81502052580596, 84.31369739456835, 84.75618479052292, 85.88922846168357, 87.90334099820763, 88.55036416838584, 87.11395829445932, 84.73326827916155, 84.32939815556858, 85.82486939312408, 86.27426496981737, 87.73434871290804, 87.73434871290804
95.77, 95.88225940651041, 94.63547324597876, 93.1273089149389, 92.87500002057078, 92.63588245679384, 93.45182798066939, 93.90996480818671, 93.63399922707305, 92.24801994028105, 90.99135034766529, 93.33287574121569, 92.92231802109265, 88.76587676076224, 89.09075960952876, 87.03388176414992, 86.75896170333283, 84.50371598688248, 86.20426353684404, 85.8926009680988, 84.73326827916155, 84.32939815556858, 85.82486939312408, 85.79287371133859, 85.94109366239337, 85.94109366239337
96.77, 95.67164989892854, 96.59320213024847, 96.6755491584851, 97.9834582621101, 97.975037595221, 96.5932748812351, 92.63746624141497, 93.71046714238604, 94.51703983538074, 92.38629070691196, 91.52597324697628, 88.80481821224703, 86.3577444685826, 86.86666721472486, 84.75618479052292, 85.88922846168357, 84.50371598688248, 85.3700386743157, 85.8926009680988, 85.34684576585413, 84.32939815556858, 85.82486939312408, 84.98406826740512, 86.56427078107171, 86.56427078107171
95.65, 96.65901333817472, 98.6163459779271, 96.39570813627688, 96.44311049769682, 98.60885745433833, 98.00874765579307, 91.35786206752284, 91.9250141375864, 92.69125140117437, 93.0992030589821, 92.21145550944934, 93.49561828531725, 94.40142145951313, 96.17508622259697, 95.11925438416273, 92.3700644578605, 93.47262461115237, 91.78756506891365, 89.31133884075979, 85.67442011312387, 84.32939815556858, 85.82486939312408, 86.85099762363211, 88.22753291779489, 88.22753291779489
95.38, 96.34999543728279, 97.902069577962, 95.38665824059943, 96.14526708254087, 94.75350822702678, 92.03471653580432, 91.12830529163655, 85.28323237863043, 86.38748435639418, 85.67588852209451, 85.34637383933963, 85.00796617836136, 85.81502052580596, 87.52709114867855, 88.94342158708461, 85.89064711506784, 84.50371598688248, 84.52382558249198, 85.8926009680988, 84.73326827916155, 84.32939815556858, 85.82486939312408, 87.19893634892506, 87.53085547526761, 87.53085547526761
97.47, 91.85135673748351, 91.12220073880961, 87.09262109426368, 85.25147394837903, 84.10957757803895, 85.48961899980043, 85.4829156262004, 86.3475468489881, 86.61808367783149, 85.6456722643257, 85.78220714247982, 86.94605225157925, 85.81502052580596, 85.394283552508, 84.75618479052292, 85.88922846168357, 85.59806510975807, 84.52382558249198, 85.8926009680988, 84.73326827916155, 85.275963884035, 85.82486939312408, 86.22388222795183, 85.988235392784, 85.988235392784
96.85, 97.96219446743247, 96.11087996300041, 93.35856556538812, 94.63401717174095, 90.56699766877198, 90.31411473496948, 90.8860628043987, 90.01460079862002, 89.21122120977937, 85.67588852209451, 86.30060035944167, 85.00131946402158, 85.81502052580596, 84.31369739456835, 85.13164537836346, 85.40151371504311, 86.97398113861563, 88.56181459768007, 86.1024851232933, 87.3081480487687, 86.61278592849962, 85.57619893362988, 84.98406826740512, 85.50527605279157, 85.50527605279157
95.82, 95.92845006869277, 98.31173984824404, 99.19382306901528, 98.12532561735493, 97.89743951080607, 97.04224987152506, 95.47450185318719, 94.44179277273051, 92.84537782510188, 89.04975365451783, 89.46998850769985, 90.70095305497905, 85.36577650605133, 85.69983978820662, 87.20910337392544, 87.02426636643231, 86.4586356289256, 86.85856571910928, 85.8926009680988, 85.89285356713272, 87.82259120615319, 85.55482342159392, 86.08558611961955, 87.20751318297822, 87.20751318297822
95.05, 95.57988780610927, 97.06256340980599, 97.33172009221063, 95.2010842220408, 96.5089541904027, 95.23501884993122, 96.02558457185256, 95.27105492734475, 93.6851835154621, 92.94829407188425, 93.01010088665618, 94.22186773346748, 94.67683173147022, 95.58475281766398, 96.5983146263771, 95.8018169817184, 95.18465384959195, 95.32900482943322, 94.23345354214513, 94.26220265528748, 95.27209342750243, 93.3471758880828, 93.92327940383527, 92.25607670828772, 92.25607670828772
95.38, 93.28405295205746, 93.6109714491405, 91.50106674653699, 89.01328843182935, 86.99849000717767, 85.48961899980043, 85.4829156262004, 87.30771635078167, 86.91653911563834, 86.12710836881696, 87.07645247588573, 86.22536926351634, 86.68925131510764, 87.58643906436279, 89.05647792478085, 89.66288561174066, 87.07858152693987, 88.45436068938423, 88.66669465986486, 88.40288205333053, 89.43704797446733, 90.34580665290906, 87.83840971028515, 89.86106554969595, 89.86106554969595
96.61, 94.13012458993973, 92.66195972567483, 90.03779537794743, 89.78478085950883, 92.17111554974156, 90.30033445963646, 89.40030828878841, 91.30546058240381, 92.19726622584514, 88.14056061587526, 90.71719715076931, 91.86293802075197, 91.02017030900474, 92.99117813753993, 94.60324274905395, 93.59984467562248, 93.87870021077292, 89.7788938676948, 89.64895645557405, 91.48890690720506, 93.31723428217074, 92.5243554469717, 92.87646631929704, 94.16896315101665, 94.16896315101665
96.29, 94.40442874829509, 95.01015976881469, 93.2090809615966, 85.25147394837903, 86.72444400409265, 86.16521548864021, 85.4829156262004, 84.10845337987462, 85.25911298499855, 85.67588852209451, 84.17834927434514, 85.00796617836136, 85.81502052580596, 85.65664754369496, 85.94280592675771, 85.79388665110146, 84.50371598688248, 84.52382558249198, 85.8926009680988, 84.73326827916155, 84.32939815556858, 85.82486939312408, 85.7537960681526, 85.25304063561852, 85.25304063561852
95.17, 90.73537664655942, 91.2399575496937, 91.27325920849191, 92.48038470258041, 93.90023256567657, 94.6663977625998, 90.9234488573429, 88.59188278258, 89.54359097107266, 86.87141582264205, 88.52169341975984, 89.25917314998719, 85.435689841073, 85.97145686592235, 84.75618479052292, 85.88922846168357, 86.85615063600201, 88.1428261441957, 85.73471901557217, 86.5907563654974, 86.75306966603758, 85.82486939312408, 84.98406826740512, 84.18839048711607, 84.18839048711607
95.59, 96.04822177910603, 96.42900183453659, 95.89690376066636, 97.29502569741263, 98.22361911600132, 99.13955284940094, 95.86756080892536, 96.9216096879168, 96.16209811991607, 96.21229251183115, 97.3904175230799, 95.58330423689188, 95.88221872397133, 97.53602245996389, 97.22639362689112, 96.37472924240265, 92.9901293521958, 93.46006127585633, 92.95463731631186, 93.56090083277648, 94.90928877922585, 92.91216046831518, 91.46658595007311, 92.91634698428234, 92.91634698428234
97.18, 96.08157276396439, 96.52031059198829, 96.01934885070744, 94.93935176129239, 96.99313144101566, 96.50589298430226, 91.13332160578443, 93.10118919502096, 93.0361454276385, 92.53227411103383, 91.4130980808971, 91.57500101793711, 89.43509720210007, 89.74621840926473, 90.13103300790007, 86.11284973405198, 85.26505961741645, 84.52382558249198, 85.8926009680988, 84.73326827916155, 86.14921950626189, 85.82486939312408, 87.00238142469003, 89.09864725746144, 89.09864725746144
96.34, 95.4332702253627, 97.32630091054457, 96.4978991116703, 93.05400897455662, 94.5322129774854, 93.94231922711096, 93.13719712438032, 93.12129786111342, 90.27287088724502, 87.3641375033058, 88.76168747318583, 87.32546570154017, 85.89498570096113, 86.80798628430888, 87.49648549056816, 85.24587934589997, 86.51607538453933, 85.44898642204724, 85.8926009680988, 84.73326827916155, 84.32939815556858, 85.82486939312408, 86.98564576843685, 87.02424797185384, 87.02424797185384
96.35, 96.18181665981572, 97.98786913849754, 97.47073710007707, 96.55554826137413, 98.93207868937175, 93.11930531398006, 90.84159071320715, 90.69347746111733, 90.1019314991191, 89.66940735474104, 91.55273390727298, 92.82745434027156, 93.59015391526594, 94.08852954156393, 93.80779661039536, 92.98067014563539, 92.09420343805638, 90.23637239842512, 89.81147609345723, 90.74780528635758, 93.12090796234237, 93.24196721251542, 94.82431224928341, 92.16802694183652, 92.16802694183652
96.24, 97.2523006693344, 99.54166876969654, 98.67101649780787, 97.69777430480814, 96.21860261738289, 95.05448235497332, 95.10836660672251, 93.88873221316261, 93.40701880799674, 92.62227551256063, 92.70960563049954, 91.95177997899016, 92.24783574052684, 86.48716465591848, 87.90632395927135, 86.32890035773177, 84.50371598688248, 85.42569252376968, 85.8926009680988, 87.64754677467657, 88.42196945483214, 87.05060987384812, 85.45453391664097, 84.18839048711607, 84.18839048711607
96.31, 93.72613812154438, 94.27497194420599, 94.46755826639547, 94.24397017136269, 95.99335127054965, 96.14073091219834, 92.078589618684, 92.45450447772589, 91.31915297487988, 92.02223731269356, 94.5095691252165, 93.66245834584322, 91.03770471078937, 90.36271646860057, 88.67562299378834, 85.53891368291443, 87.42858110177168, 84.52382558249198, 85.8926009680988, 85.58753435951624, 86.07219237526729, 85.08047675810491, 85.63058035781467, 86.35787745304756, 86.35787745304756
95.67, 96.45177768451643, 97.7683038835326, 95.34312024809076, 91.78231911803962, 92.62958061347864, 91.32888342380991, 87.1699883532847, 86.80505284966267, 86.53826207264854, 87.19411186927836, 88.76497298915032, 86.42369920735764, 85.81502052580596, 88.09790533479764, 86.45040591441955, 85.54309031304253, 85.11863675148827, 87.04428353998834, 86.36686026200577, 85.38523612752404, 87.11995218609432, 85.13671212822364, 84.98406826740512, 84.18839048711607, 84.18839048711607
96.27, 94.55433385171195, 96.76037700689892, 95.58352947620259, 93.01100639960941, 94.92061546443132, 95.14464003806829, 95.46892015731946, 90.34917097976353, 91.6362555240319, 88.35710091162983, 90.38734240155954, 91.58092551639608, 90.77548080153362, 90.01441659080709, 84.75618479052292, 85.88922846168357, 85.23824880914434, 86.07481077995276, 85.27576298547787, 85.45923955410602, 86.14577004845603, 85.82486939312408, 86.1255726680415, 86.86166021980004, 86.86166021980004
95.75, 95.66885933143658, 96.52170894149859, 95.4500171452888, 95.45287139354095, 95.34324531234529, 86.04505469666412, 85.4829156262004, 84.10845337987462, 85.25911298499855, 85.74075238221135, 84.17834927434514, 85.00796617836136, 85.81502052580596, 87.86133819688226, 89.09477458679346, 86.45731755813894, 87.98479175615978, 85.59734745036943, 86.21636182900346, 87.38916285016231, 88.07718410043675, 86.85039853499939, 88.2996727025629, 89.21482541201138, 89.21482541201138
96.21, 96.20921014930016, 97.13447134272887, 96.64911835828057, 95.65358987542027, 96.73087492611077, 95.93287343688526, 95.14042462457464, 90.12713766057982, 89.01742979533553, 90.01528640661788, 91.29466000294343, 92.1650527589604, 91.76832311351205, 91.59852956036845, 93.03289821972776, 85.88922846168357, 85.86688837556417, 88.05695957284412, 87.05766538832628, 84.73326827916155, 84.32939815556858, 85.82486939312408, 87.14040356346437, 85.18955676269799, 85.18955676269799
95.99, 96.7100131294474, 97.2429700778484, 96.12304503079801, 96.26421132818002, 96.75407089764758, 89.98036032393576, 87.98169180771482, 84.10845337987462, 85.25911298499855, 85.99688825135979, 86.28286584621571, 85.96710835737609, 85.96835489662135, 85.41233923958475, 85.41599349409267, 85.88922846168357, 85.09067296203565, 85.35521653052187, 85.8926009680988, 87.02895854401174, 85.94645878431132, 86.2196110926071, 87.74648947488248, 89.40302790389475, 89.40302790389475
95.82, 95.69537102972855, 96.85658608194697, 93.84520742088962, 92.83806023585542, 94.41783264214277, 94.14724014604232, 90.95233417582013, 92.9544681540558, 91.24444866736798, 89.7700827902237, 91.95164539287865, 90.89510975144916, 90.82399443846727, 90.04912918833969, 90.7384358537269, 85.94872821064668, 84.50371598688248, 85.74227996769953, 85.8926009680988, 86.62145938349622, 84.32939815556858, 85.82486939312408, 85.99293599985447, 86.88691041832065, 86.88691041832065
95.2, 94.53800561302378, 90.1231498496646, 90.76118628826629, 89.72127263092648, 92.22598242931163, 92.93622947538915, 92.41615519966224, 89.942471802266, 90.79477384482222, 88.87339470158642, 89.80968385795242, 90.45459062986858, 86.93049523516623, 84.31369739456835, 84.75618479052292, 85.88922846168357, 84.50371598688248, 84.52382558249198, 85.8926009680988, 85.55881170261735, 85.93064897270656, 85.82486939312408, 86.91479506990237, 85.1521399774516, 85.1521399774516
97.03, 92.31252031352683, 94.03408365756695, 91.92282272361295, 92.0949315132272, 91.71282410633742, 92.56632150546898, 87.53615618926499, 84.10845337987462, 85.25911298499855, 85.57763472439241, 85.31319529654856, 85.00796617836136, 85.27366951825647, 84.31369739456835, 84.75618479052292, 85.88922846168357, 84.50371598688248, 85.09278152550675, 85.8926009680988, 86.73514256871744, 88.05478366211189, 85.90230941864583, 84.98406826740512, 86.28725412342247, 86.28725412342247
95.72, 97.1516792199176, 98.82049530095067, 97.9251412165447, 97.23318002615707, 99.0986906765378, 98.06234749415093, 89.32992289440584, 84.10845337987462, 85.25911298499855, 85.67588852209451, 85.42475429346621, 86.44722960884943, 85.81502052580596, 84.31369739456835, 84.75618479052292, 85.88922846168357, 85.81318180040938, 84.52382558249198, 85.8926009680988, 84.73326827916155, 84.32939815556858, 85.10467098545504, 84.98406826740512, 85.21711269990814, 85.21711269990814
95.64, 94.42604046045348, 93.05543590892074, 90.7448032352792, 87.70043865241492, 87.50888038549876, 86.28137967299264, 86.74148818776058, 87.00165615688454, 87.30141354335385, 86.99781114379607, 87.3499071898596, 86.82699328692424, 87.42335748085407, 89.5146687402831, 89.28260092228285, 86.47258894189717, 86.56440664765971, 85.75101695242853, 85.8926009680988, 84.73326827916155, 84.32939815556858, 85.82486939312408, 86.27025984308666, 84.18839048711607, 84.18839048711607
95.7, 94.22017534370701, 90.33220131756566, 91.28001745571248, 91.83588890682569, 91.51234765941422, 89.9505134957334, 89.88998200209905, 89.6272270175663, 89.33241877406621, 89.52793672063284, 90.55720393901224, 89.69131281806924, 89.9230232651181, 89.49582906752933, 88.77788371204487, 87.18786658162426, 87.52966607397858, 87.87806030241097, 88.26058842364466, 87.15941624101849, 85.43817315640749, 85.64479651248408, 85.95573286623815, 87.70446492948754, 87.70446492948754
96.71, 97.24339825775778, 98.89329679143982, 94.74745952938744, 95.13297979693755, 93.61053824618622, 93.24310297876725, 91.54090089271699, 91.44243313054137, 90.29854917902603, 89.05292537470937, 88.3630477005493, 85.00796617836136, 85.81502052580596, 87.16245241794802, 87.6699125497934, 86.33455158251208, 87.69644921308863, 88.06303643666043, 88.29404422696324, 85.5002369573867, 84.32939815556858, 85.82486939312408, 87.14436733945973, 87.97372954780475, 87.97372954780475
95.92, 94.45361612464475, 92.88727492382577, 92.85732208622068, 90.89125081097465, 90.90857802883238, 88.79966722379976, 87.61845513310821, 88.25003696956269, 85.13904913559901, 85.67588852209451, 85.66049488322669, 85.00796617836136, 85.81502052580596, 86.99747571592908, 86.53454968513022, 85.88922846168357, 86.65003404626916, 88.13005577933778, 87.75955195211182, 88.37678647418373, 89.75032451016035, 88.61305298895135, 89.55250602704035, 88.04342215659125, 88.04342215659125
95.85, 92.47042060929984, 90.71599839869816, 89.99138759619508, 89.6134386764595, 87.31563760633148, 88.15353831847449, 89.1603211248883, 88.73974650803, 89.95698718810792, 87.02615877639099, 88.54131161570919, 86.09194505807763, 85.49724109841239, 85.67867043285858, 85.77430625668379, 85.88922846168357, 86.78285581414704, 86.48999315401569, 85.8926009680988, 85.53236357642116, 84.32939815556858, 85.82486939312408, 84.98406826740512, 86.84259218038237, 86.84259218038237
95.9, 95.51411088421355, 96.98237625060881, 96.26986181879307, 96.81732707525578, 98.80390922920884, 93.22964278451937, 92.86830303654506, 95.33856110692444, 91.70071158709095, 90.33613541327114, 91.18763964786326, 92.14117934293341, 88.33212641883856, 90.04993300848439, 89.63031146836823, 88.80095042129025, 87.35447614907638, 84.52382558249198, 85.15795625197171, 85.46058491104483, 84.32939815556858, 85.82486939312408, 84.98406826740512, 85.81390702199477, 85.81390702199477
96.16, 96.83611988051454, 97.76411132675688, 92.42185058883081, 92.45448890082407, 93.83418822804872, 93.53250737463941, 89.2809663146696, 89.7095852169738, 88.2769367985812, 85.67588852209451, 85.82381965114105, 86.07775597192457, 85.81502052580596, 85.10927421023219, 84.75618479052292, 85.88922846168357, 84.50371598688248, 86.21897795279442, 85.8926009680988, 85.92895135210013, 84.32939815556858, 85.1821006682186, 85.31347600129953, 84.18839048711607, 84.18839048711607
95.88, 95.00788044906334, 97.14462643298886, 96.76326872172606, 88.29984602615805, 86.37370389396555, 85.48961899980043, 85.4829156262004, 88.04578442302267, 87.68510928670736, 85.67588852209451, 85.31934478479715, 86.11324023074863, 85.52766269613502, 85.50164148303033, 84.75618479052292, 85.88922846168357, 84.50371598688248, 85.60318788903729, 85.99819516455135, 84.73326827916155, 85.30692482020142, 85.82486939312408, 86.04503649467553, 87.36129749398164, 87.36129749398164
96.97, 98.47916703403563, 95.57844507423957, 94.78798315130545, 95.72735543572973, 96.14892106481423, 97.02611285196461, 95.73828225234065, 93.73516866580681, 89.50093717365988, 90.015673226132, 89.80777024709211, 90.88097119472906, 90.20413510438559, 91.74776039615467, 92.15725395026651, 86.54316460408856, 86.0281499738043, 86.35835907387822, 85.8926009680988, 85.73868812607449, 86.60287713940819, 85.83378497902713, 86.51885743370643, 85.54558239573748, 85.54558239573748
96.48, 92.7853855179147, 90.36332111943076, 90.36669964575974, 89.46606569521744, 91.70593790262788, 89.79217618687376, 89.16916901377631, 90.70872502574274, 90.14413155265174, 88.59463444628938, 90.22710252351459, 90.7294448130513, 90.21618081594191, 86.92322310826637, 87.82114024295787, 85.12364735384338, 86.9626149652636, 86.04369786045443, 85.47495203880256, 86.21939056638502, 85.43518537626848, 85.82486939312408, 87.04034576211566, 87.38149154015677, 87.38149154015677
96.56, 89.96607252729972, 91.88160173328026, 92.41712438266181, 86.96463563397337, 89.01192451538135, 88.76670653788653, 86.37558174769569, 88.1815639202493, 85.14683174702583, 85.67588852209451, 85.38743232412018, 85.00796617836136, 85.81502052580596, 85.22475325789067, 84.75618479052292, 85.88922846168357, 85.76954292729718, 86.70087458998889, 86.29817487965592, 86.29074547232047, 88.24288706843038, 88.64412377507082, 84.98406826740512, 84.18839048711607, 84.18839048711607
96.63, 97.39643058388877, 99.01527551655586, 92.76664702229924, 87.86798206104704, 87.5498939370744, 88.28391387964957, 85.77008065005646, 87.96532815179552, 89.12773007844234, 89.44177361188447, 90.49620882434004, 89.51017737997783, 90.33067037485418, 91.23050446772653, 92.46408248394002, 91.9948715147229, 91.72021683853889, 89.78239922613822, 90.05934424428605, 88.55684944278471, 84.32939815556858, 85.82486939312408, 86.5425112376854, 84.18839048711607, 84.18839048711607
96.1, 96.05245879759684, 92.55745749668287, 90.99940847513658, 91.68460755951568, 93.61964206267976, 91.81674351387278, 92.5571964413491, 92.63406806457253, 88.17030502170857, 86.27443602579322, 84.17834927434514, 85.00796617836136, 85.81502052580596, 84.31369739456835, 84.75618479052292, 85.88922846168357, 84.50371598688248, 86.45235097258107, 86.10588137896299, 87.33725294670009, 87.50869079568527, 87.2410860469959, 87.04008051371915, 84.18839048711607, 84.18839048711607
96.96, 94.56806291005236, 95.36228977627498, 95.75654043703948, 95.22890250346511, 87.3322441475236, 85.14197804620233, 85.4829156262004, 87.23530401777268, 85.25911298499855, 85.67588852209451, 84.17834927434514, 85.00796617836136, 85.81502052580596, 85.09082030640306, 85.57574104932324, 85.88922846168357, 84.50371598688248, 86.32400861655462, 85.8926009680988, 85.08909143049462, 84.32939815556858, 85.82486939312408, 84.98406826740512, 87.5095699737085, 87.5095699737085
96.41, 97.56117353631554, 99.5457415002939, 97.94499344010549, 99.06082856088702, 98.2848885245504, 92.29993223684174, 90.52622286300206, 88.02511787019543, 87.69934052951818, 86.84846054496222, 85.77575911487558, 85.00796617836136, 85.81502052580596, 84.31369739456835, 84.75618479052292, 85.42584961332223, 87.52027859801836, 89.40982343728574, 88.75929399053562, 90.39052185424215, 88.95285175247355, 88.87764095509036, 85.68267204224678, 86.23530406098145, 86.23530406098145
95.74, 95.50863161524013, 96.17382318889614, 95.58208309286898, 93.15762341093362, 94.40514901018476, 93.43228228070649, 89.43926858127796, 90.46165547164917, 90.60098616111209, 89.17392833171455, 87.94713701923786, 89.70881310674031, 87.51934241534877, 85.38876611145422, 86.120269855214, 86.63137090514772, 88.5428714913528, 87.69179645605962, 85.8926009680988, 84.73326827916155, 85.81552455868616, 85.82486939312408, 85.57718336010873, 85.62151788187083, 85.62151788187083
96.24, 96.41137043036008, 92.85662396154758, 91.2058132018117, 91.95986801904643, 93.50648039017423, 93.6680848436051, 93.20345619403278, 95.56670383175556, 95.87461115698366, 94.8460663219761, 94.29167658500226, 95.66878081569187, 95.16320430249654, 91.39482931188721, 89.5530357764105, 89.55293383416392, 84.50371598688248, 84.52382558249198, 85.8926009680988, 84.73326827916155, 84.32939815556858, 85.14311566892052, 85.45717425447864, 87.10137672604006, 87.10137672604006
95.47, 95.02456720939584, 92.32540895773562, 91.84882024681383, 92.68619037245351, 94.74373810515141, 92.53147962267283, 92.74670935761206, 94.49837483845089, 92.89561253764475, 91.28896181290033, 92.56018007994327, 91.84150399026558, 92.31367865978054, 93.70446456329351, 94.5537852756779, 92.93134777525786, 93.19861218744387, 94.25852073433988, 94.44173794689306, 93.33253108135007, 89.05732909208443, 86.67842791070886, 85.04637288436786, 85.8098485387972, 85.8098485387972
95.85, 94.90899472581256, 96.51252286728655, 96.80769705278492, 97.03853104922949, 96.73589241283098, 95.40681687986428, 93.86000396486563, 94.21343904705247, 92.49897804493422, 91.9980835077384, 93.80120022275135, 93.74433301909085, 93.34568351462597, 90.25612645936634, 90.16387828465822, 90.30065961542678, 90.57596609275248, 92.41747810235515, 92.58759944992588, 91.71973295982792, 93.14938484191856, 88.63210052376368, 87.71975455625379, 86.61160015430876, 86.61160015430876
96.13, 97.17338902388198, 97.47355077880914, 98.14269613145309, 98.05099342471125, 99.72032905069814, 98.81378742926978, 95.19742934866791, 97.6307822769776, 94.08419227905398, 92.75846007462856, 88.61833178888286, 88.66913995025531, 89.41723842526761, 91.77672913127665, 93.15493085615326, 85.88922846168357, 84.50371598688248, 85.20757049537183, 85.8926009680988, 87.69998050906885, 84.32939815556858, 85.05324811668312, 85.83940866253772, 88.17138201474623, 88.17138201474623
95.14, 95.30351926722142, 95.23932570107397, 94.95761440556363, 94.81023397846201, 94.28489950752783, 93.5350445488612, 94.65891333517786, 95.84487541619261, 95.51932384131729, 95.94016670802446, 98.20472169933024, 95.59885850577719, 96.34371286199709, 98.50232132456365, 98.25822704204897, 97.13301384926257, 93.66300834012547, 93.9558816310103, 93.6837489493404, 92.75852523365042, 92.71678957453867, 89.06416832564217, 85.29083483431505, 84.18839048711607, 84.18839048711607
93.89, 95.08582995486718, 94.988771096129, 94.18853023947423, 93.67163603546715, 94.51700002534453, 94.49586087501147, 94.35077852618024, 96.7868539301063, 97.40758476470855, 98.16261380475801, 99.94479770657904, 101.00844884734833, 101.17154616584699, 101.61319682881499, 102.23676053137012, 102.95305716462119, 105.14684946600444, 100.55155550974064, 100.1269029229769, 100.31040947109481, 99.82106321266888, 100.72421759294951, 100.36298271585204, 99.63704535835538, 99.63704535835538
96.95, 97.45980915828214, 96.85388573978817, 96.79423825048413, 95.92856799531289, 96.50366375568862, 91.88515765330769, 91.873992906647, 90.74113370553849, 89.7914557256109, 88.38980033866102, 90.29577227046377, 89.23002419308128, 85.81502052580596, 85.8915639703148, 85.75546848752083, 85.88922846168357, 85.7435544470398, 87.94859938552113, 85.8926009680988, 86.34638814301884, 85.531669444313, 85.82486939312408, 86.96018781992204, 86.3818164293637, 86.3818164293637
95.85, 95.13880697668849, 94.88558918265934, 92.63601518803888, 93.46265364938378, 90.76718863852513, 90.520254884063, 90.38118360123086, 91.79550366193993, 92.32399776099543, 89.74244303317825, 91.178881100632, 91.63859617421377, 92.2385293576049, 94.0083114178136, 94.20057831128096, 92.40895249776983, 88.82714712641052, 87.71226634454851, 86.67573798600773, 87.1031709901593, 88.36298782170427, 85.52367380890185, 84.98406826740512, 85.5260802081843, 85.5260802081843
96.47, 97.10770739896186, 98.1946701158785, 97.10430992111961, 98.11033175941526, 99.37453225521125, 98.39095641248166, 98.30754232722073, 98.43761375386832, 93.73271607069069, 92.55471402507817, 93.5978061794861, 94.91124726998248, 89.44092267561368, 88.6115647147422, 85.22632696230609, 85.88922846168357, 86.45773720210036, 87.30901771215619, 85.8926009680988, 87.20801626061503, 89.26199837692586, 86.08476897696806, 84.98406826740512, 85.68850538401021, 85.68850538401021
95.63, 95.3020381853453, 93.6308594074105, 89.84995993919584, 88.84036810637569, 90.87210873978024, 90.58330061819944, 90.2775499813255, 92.7676692293479, 91.28295028386962, 89.90783388633994, 87.82206726923312, 87.78259687835819, 88.17779302874165, 86.62072740509916, 87.03105219937792, 85.67304719354789, 86.26089696615945, 84.52382558249198, 85.8926009680988, 84.73326827916155, 84.32939815556858, 85.82486939312408, 85.61172744994983, 87.00641912263897, 87.00641912263897
96.81, 97.68701610506311, 97.77504570679308, 94.70766245435568, 94.72284354640426, 93.04357028658279, 90.0521583257537, 89.48296003745492, 91.68671614054506, 90.68886415709915, 85.67588852209451, 86.4088069267731, 87.19917487499539, 87.93458027356847, 86.77013851188205, 84.75618479052292, 85.88922846168357, 85.85393937148704, 84.52382558249198, 85.8926009680988, 85.4815736687943, 85.18868965277946, 85.82486939312408, 84.98406826740512, 86.88678653696297, 86.88678653696297
96.79, 93.1890952783374, 95.3843498080561, 95.82139099323176, 96.66499312868015, 97.65072040345642, 97.37481427726902, 97.15116293808092, 98.07968966161238, 92.90997433899312, 92.66084046201203, 91.79998949069119, 92.94018226304541, 91.4169293814293, 92.90685175275007, 92.9805182583027, 90.77163168581335, 86.14802408836483, 84.52382558249198, 85.14097259602956, 86.04374094875482, 84.32939815556858, 85.82486939312408, 86.80407063659315, 84.18839048711607, 84.18839048711607
95.84, 95.69847428573257, 97.71200762272223, 96.50488719980346, 92.80598028265283, 91.3089218099348, 86.9305331958139, 85.4829156262004, 86.27386645304726, 87.11282897785169, 85.67588852209451, 86.10988055111, 85.00796617836136, 85.04778928807048, 86.45539372875619, 86.13482484167132, 85.88922846168357, 85.65039273391307, 84.52382558249198, 85.8926009680988, 84.73326827916155, 84.32939815556858, 85.09923124706067, 84.98406826740512, 84.18839048711607, 84.18839048711607
95.51, 93.50817565944617, 94.22419983056932, 93.65570055321687, 93.12629799184442, 91.19615018139046, 89.12066547560352, 86.82548512007709, 88.35179030560508, 87.58144054496435, 85.67588852209451, 84.17834927434514, 85.00796617836136, 85.07059074508767, 86.11815646418795, 84.75618479052292, 85.88922846168357, 85.05501456717182, 84.52382558249198, 85.08427252815912, 84.73326827916155, 86.62092890282128, 85.7441044674805, 85.9667458455278, 86.50303478566354, 86.50303478566354
96.34, 97.77870295375335, 99.50012616418783, 99.1424989402297, 98.11410019933375, 97.63086912124375, 94.83104711563293, 94.50821420599301, 96.02609147417981, 97.09664801699375, 96.65954366440724, 98.49027077903288, 97.48561962499681, 96.46250644430363, 94.37107874421231, 95.63435707430152, 95.98394726037344, 95.36709545744613, 95.10082859340736, 93.55944843592762, 92.56424113909414, 92.93711117844107, 92.70053525793426, 93.06291227266442, 94.96536496820875, 94.96536496820875
96.29, 95.54158534116229, 93.85800349051206, 88.35015887049587, 85.25147394837903, 86.7261577692036, 87.25576793214273, 86.68944960226702, 87.700588156753, 87.79543991369746, 88.13595420171113, 90.51978597802344, 88.97776810994694, 89.03730645790843, 89.41438549095044, 91.31106432237705, 90.47684398972929, 91.37557771849725, 91.55966035321057, 90.16753939185254, 87.09208249978533, 87.97168685727553, 87.39757204872721, 88.94656656977338, 90.75376026751978, 90.75376026751978
95.38, 96.93773153503693, 96.48362768643622, 97.01399829201387, 97.29066837270646, 97.25139196924377, 94.16439671427587, 89.15306625776992, 89.99525584706298, 86.92037607460917, 85.67588852209451, 85.24765239712748, 85.00796617836136, 85.81502052580596, 86.45340762655547, 87.78520065098147, 88.14032970680131, 86.42584315060161, 86.41412644212092, 85.22501089211788, 84.73326827916155, 84.32939815556858, 85.82486939312408, 86.76109962736612, 86.25412019579056, 86.25412019579056
96.58, 94.70693664460923, 96.35249223134744, 96.03642730683708, 96.55292110884716, 95.62361167543912, 95.68324647540754, 95.29029396613636, 96.13115619334963, 95.09506586151088, 91.10251564161133, 92.30099631970151, 92.6324171683595, 93.1171585952874, 92.37101225724182, 89.87673017948397, 88.7687212499508, 90.56904982880387, 90.43416401216815, 89.83773113606512, 90.25042061605286, 90.21024563349137, 90.36803309889115, 90.74285063071659, 89.35163345528447, 89.35163345528447
97.15, 89.99417642253815, 89.98476316310752, 89.0324268796931, 88.16157636853019, 89.75348386066925, 89.09721431967904, 88.11012058325802, 87.95108560116219, 85.25911298499855, 85.40826860902722, 85.12704241234611, 85.73576063823921, 85.81502052580596, 87.18455736237975, 87.5463923255293, 87.41422468336457, 87.0771241612328, 87.77076464397838, 86.72659076001531, 87.25489451677313, 89.51425008806476, 89.12057949023486, 85.51798355921365, 85.32004660016405, 85.32004660016405
97.01, 96.43795218604654, 97.88927455580185, 92.89329502261893, 92.98247371974776, 95.08078491355658, 94.23816985524216, 93.73222186298534, 92.81609430385465, 94.16024457892338, 93.8567952399505, 91.54136519102083, 91.3609482180585, 90.96686948743465, 89.22832788923063, 86.9065948141567, 86.8001645160481, 85.74176995189205, 86.83822845047818, 85.8926009680988, 85.87181849546434, 85.48957976943713, 85.82486939312408, 84.98406826740512, 84.18839048711607, 84.18839048711607
96.33, 96.85227430689936, 96.49908197297181, 95.81404649625058, 95.75407310803628, 90.83847195794388, 89.81967692966425, 88.88477207595517, 90.75536097992628, 91.16964805251108, 90.55911347865057, 90.15037314307668, 91.05545322675893, 90.76949061740457, 91.90104287983289, 91.95265813620121, 92.2303617825636, 93.86900178269217, 94.47648748314698, 94.92837368551064, 93.59616954404926, 95.11386002648437, 95.70048034398498, 95.3613477760813, 97.66335791999413, 97.66335791999413
95.5, 91.59814924494218, 92.45445212054392, 91.82531289641207, 92.85023230929586, 92.02879298776087, 92.95724914838563, 93.1867058870249, 95.46456083947614, 95.85029103091361, 94.16280987186309, 93.93299883651811, 94.21251810559686, 94.6795726906957, 94.13439926079374, 92.59593049946959, 89.64594522170825, 88.05120757859908, 87.1115524526064, 87.16251517260787, 87.63312107794737, 87.37903512861982, 87.48812934509809, 86.837411101027, 86.4701481235793, 86.4701481235793
95.64, 90.42294979499268, 91.80843429471169, 92.77717148649762, 94.13043292212906, 90.59123997617745, 90.71729472531754, 91.03657668377585, 86.22055252494272, 85.25911298499855, 85.67588852209451, 85.68340550020521, 86.43410912404455, 85.17993472537835, 84.31369739456835, 84.75618479052292, 85.88922846168357, 87.07983339093715, 87.38561702221782, 85.8926009680988, 85.38066290894498, 86.27065632056176, 85.42591524474601, 86.4480615912583, 88.62493981902634, 88.62493981902634
95.51, 96.00192955566412, 92.15097823024007, 86.14343507206172, 85.2708151904545, 86.45538252130045, 86.1315345677607, 85.4829156262004, 87.20956364332426, 85.53139821557085, 85.5800684650086, 85.9785235433976, 85.92633581624362, 85.81502052580596, 87.03690198067085, 84.75618479052292, 85.88922846168357, 86.9574590967636, 84.52382558249198, 85.8926009680988, 87.3770426745927, 89.36205390159459, 89.30375464386051, 88.56807902702708, 86.14580344238205, 86.14580344238205
97.18, 98.22588454367343, 98.8840485094314, 93.14081780548703, 88.1660912392928, 86.6597068900462, 86.92303291688138, 86.4267479053097, 84.10845337987462, 85.25911298499855, 85.67588852209451, 85.34111329547011, 86.86955142043142, 85.81502052580596, 84.31369739456835, 84.75618479052292, 85.88922846168357, 85.34523091781263, 84.52382558249198, 85.8926009680988, 86.51023332929637, 87.99416978247274, 87.6349852529174, 87.44562327082201, 88.39039858248192, 88.39039858248192
96.01, 96.4334387098746, 97.86542820026649, 94.26184318818915, 93.02041246705507, 93.54253052287073, 94.72459288257005, 94.32453812479227, 94.41970719659629, 89.28748992774545, 89.98194310605699, 86.97923282146684, 87.28839328959897, 87.51881773722019, 88.85597202174802, 84.75618479052292, 85.88922846168357, 86.38072836592876, 87.38592921169203, 86.41083202998506, 88.07076949388676, 89.46411457097976, 87.9785593254052, 84.98406826740512, 86.88456668504894, 86.88456668504894
96.65, 97.8088114464162, 99.54090928235159, 98.07175062588847, 96.92257564382972, 95.57132820274431, 93.9499718456986, 92.59573364951888, 92.02348910386425, 85.25911298499855, 85.46687049546306, 86.15321744264503, 85.00796617836136, 85.47689467725715, 84.31369739456835, 86.105299699631, 85.88922846168357, 84.50371598688248, 84.52382558249198, 85.8926009680988, 84.73326827916155, 86.86488856601942, 86.44611568277159, 84.98406826740512, 85.13688877863827, 85.13688877863827
95.5, 93.55549950492721, 91.02740839707955, 91.38005169711916, 89.0120014336589, 90.50367442097146, 88.21688087931197, 88.3457531254165, 90.39229763390887, 90.68509494454877, 88.84651126550047, 85.28086400257065, 85.00796617836136, 85.81502052580596, 87.17529515676304, 85.09838848431522, 85.88922846168357, 84.50371598688248, 85.04003409706087, 85.61803739405688, 87.55025366796163, 89.0203336151766, 89.1417562769837, 87.82811754146339, 89.87526468535052, 89.87526468535052
97.31, 95.54499206120009, 92.643277332818, 91.12316636815912, 91.39904891890477, 93.07062794601437, 93.79812107063799, 93.40936317244892, 93.38729727855763, 92.7708148844693, 92.56083034001028, 91.2309560033511, 90.32312310611043, 85.81502052580596, 85.78969988855746, 84.75618479052292, 85.88922846168357, 84.50371598688248, 86.02572781673383, 85.8926009680988, 84.73326827916155, 84.32939815556858, 85.82486939312408, 84.98406826740512, 84.18839048711607, 84.18839048711607
96.56, 95.65253700876802, 94.76801848500963, 89.60642127178336, 89.36096689903223, 91.1690447051954, 90.27727064401205, 87.24888517565499, 88.42534033058502, 89.78935208007115, 87.81343305446681, 88.9542713535679, 90.6392986821036, 89.80537767163081, 89.34885813909169, 86.28799650342208, 85.88922846168357, 86.60561132629935, 88.1956465163836, 85.8926009680988, 87.27491445786404, 88.42585540273755, 86.57736267852098, 86.02197147283822, 87.77847348944002, 87.77847348944002
96.89, 97.64775540700418, 96.38930540139205, 94.55989255749517, 95.77398784737206, 94.02454130941324, 91.42911882145766, 88.20485456701645, 89.43765371006555, 89.36195690263511, 89.62284777676115, 88.63101580792583, 86.26769391904418, 85.81502052580596, 85.7777373623882, 84.75618479052292, 85.88922846168357, 87.80755311682876, 84.52382558249198, 85.8926009680988, 86.31320879503089, 85.9405726977941, 86.19145370182463, 84.98406826740512, 84.18839048711607, 84.18839048711607
96.25, 95.34064577205763, 94.82635102398838, 92.47828972162542, 92.03433284037015, 94.03818716179823, 92.86375952107048, 92.22558565452513, 92.21349959749892, 91.16884694864243, 91.20897188345485, 92.6263928483058, 93.15441304444201, 87.40031147847016, 88.68712057097694, 89.32992378592233, 88.9386894420275, 90.82657875875215, 89.63043433851574, 89.31285508798261, 89.4274664770998, 89.63250398512686, 89.20053171590104, 87.93560305096486, 88.68738624748505, 88.68738624748505
95.29, 95.75233374088944, 93.27370439698062, 93.32147339529521, 93.14623261333787, 94.95977018335782, 95.51871860200104, 90.18974995689368, 91.97807457585253, 85.91740869533005, 85.67588852209451, 87.3899875125263, 88.74421181254093, 88.04148811596319, 88.95775225590366, 90.54293847480453, 90.17230198493108, 91.79923108671181, 88.471289943413, 88.73694195201631, 88.40849040296789, 86.29601780400522, 85.82486939312408, 86.4519949213904, 84.18839048711607, 84.18839048711607
96.43, 96.92259923405297, 93.45435361501147, 91.31772509545995, 90.144738424057, 91.59993907803624, 92.37678483960336, 90.07143231040368, 89.45648718556207, 85.25911298499855, 85.67588852209451, 84.17834927434514, 85.00796617836136, 85.81502052580596, 88.0142995250988, 86.89098911683767, 86.88743567984434, 84.50371598688248, 84.52382558249198, 85.8926009680988, 84.73326827916155, 84.32939815556858, 85.82486939312408, 84.98406826740512, 84.18839048711607, 84.18839048711607
95.97, 95.50476733797242, 95.47124573010652, 96.22375406882497, 96.68049244157962, 93.81221141634795, 88.1702571865919, 87.15243813208237, 85.94123831852546, 86.0172314940425, 85.13365666375881, 85.2417151397821, 85.00796617836136, 85.25916473646372, 86.89858236213155, 86.92483227711169, 85.88922846168357, 86.10067009868779, 84.52382558249198, 85.8926009680988, 84.73326827916155, 84.32939815556858, 85.82486939312408, 84.98406826740512, 84.18839048711607, 84.18839048711607
95.46, 96.79345053698177, 98.60507795024608, 97.35296586421917, 95.42241628356295, 96.54337088853927, 95.41353437184591, 91.32619535473346, 92.0846640154853, 89.91359756037133, 90.1563750228586, 88.16971474069065, 89.346570265613, 87.61272333261431, 89.65858789694171, 88.63845309492874, 87.75189346824361, 86.22519948596882, 86.86178866627219, 85.8926009680988, 86.44852407850966, 87.33839178337129, 85.7562098638107, 84.98406826740512, 85.25528799922932, 85.25528799922932
96.07, 97.83978339321065, 99.86435049910511, 94.06525182693339, 94.66211070865555, 95.58992864849024, 93.04884725313215, 89.63743333974797, 89.67198964019478, 90.28316960592142, 86.86841936364297, 84.17834927434514, 85.00796617836136, 85.81502052580596, 84.31369739456835, 84.75618479052292, 85.88922846168357, 87.27112677739973, 84.52382558249198, 85.8926009680988, 84.73326827916155, 85.77665354543275, 85.82486939312408, 85.93385760342447, 85.31544684640532, 85.31544684640532
94.86, 93.84662050949349, 96.15674694764415, 93.38329478204163, 93.1491946575117, 93.74472562742538, 94.51669837746768, 95.15299120613652, 95.03311935057019, 95.09999302690979, 93.98675015387619, 95.13758550857317, 92.56608400651534, 91.90322526599888, 92.43811420059362, 88.83074090116055, 86.22812347618058, 86.37790736273978, 87.83465945256917, 88.34884003506126, 86.96032904960396, 88.97779783865245, 89.14911685823535, 88.99456560744692, 91.15928218210955, 91.15928218210955
97.5, 96.62317370164905, 98.57770064655129, 98.81197749219663, 97.72497975638403, 99.7940827592425, 99.65961876181323, 99.89110630114978, 96.1972736749447, 94.07779801267918, 94.72826024343907, 94.8947825099041, 94.50121684805549, 94.69590924553074, 95.40426935770118, 96.47450543510529, 95.73715041471561, 93.80756307131975, 95.0516195533287, 93.85511007130822, 89.96427452575563, 91.31728739440085, 89.53231569082025, 85.85634874147259, 88.05478036670385, 88.05478036670385
96.06, 94.19254615414026, 92.2544887808139, 89.65539101020505, 87.82856247527955, 84.10957757803895, 85.48961899980043, 85.4829156262004, 87.48127138233403, 86.46480025888347, 85.96813505274278, 87.11292265471874, 86.65838028874268, 87.52872047459216, 89.32228070550694, 90.81975800166272, 90.36103472597122, 84.50371598688248, 84.52382558249198, 85.8926009680988, 84.73326827916155, 84.32939815556858, 85.82486939312408, 86.85245358547986, 88.69789929040212, 88.69789929040212
95.75, 96.47294842901194, 97.28241751214816, 96.24512849824619, 95.83251248850844, 93.29312663293491, 92.125065277149, 89.46921422055081, 88.39792953123622, 87.31773640583928, 85.67588852209451, 87.58842194473574, 85.00796617836136, 85.81502052580596, 84.31369739456835, 85.04752547069938, 85.88922846168357, 86.38578669629891, 85.75206439502082, 86.05128178624244, 85.8213152417937, 85.43944762331671, 85.82486939312408, 86.7157586150872, 85.99530961969225, 85.99530961969225
96.54, 97.72850226777373, 100.01024105160239, 98.05394784149847, 97.00833748010172, 96.93700839363869, 92.72641987922799, 93.28190639310905, 93.346735870605, 91.24611414862252, 87.81304113143067, 89.8503722812876, 90.77504696985471, 90.64766519978417, 90.10859659207482, 90.40422604821146, 88.29033172549147, 88.83736336627665, 89.25493606410927, 86.51699598560167, 87.19396353880617, 87.60527806979351, 85.06157451966774, 84.98406826740512, 86.3191820727775, 86.3191820727775
96.25, 93.19505097128007, 93.56891900197049, 93.17549213467593, 92.68451850694127, 93.16618930990838, 93.92106756502154, 93.9614271312636, 96.59882720787037, 96.18529797812732, 96.44476316846445, 96.85080968393554, 95.12829045734078, 95.04572308861181, 91.33270049135626, 91.03834569836387, 85.88922846168357, 84.50371598688248, 84.52382558249198, 85.8926009680988, 87.0904282539454, 87.50455629894022, 87.3244740193254, 85.65159085806474, 86.90737030514475, 86.90737030514475
96.08, 93.05093368210403, 94.59400664090053, 91.96964458792549, 91.50041113898288, 92.8853938234205, 91.86487608725496, 92.34984422757893, 93.9047510739742, 92.08632377922802, 88.78346316918089, 90.01124483306579, 91.21695832880832, 91.74330036608836, 91.73588204169899, 90.5760545664457, 85.88922846168357, 84.50371598688248, 84.52382558249198, 85.8926009680988, 86.0868092803753, 86.29051924296188, 85.48789768873894, 86.42448650236037, 84.18839048711607, 84.18839048711607
96.56, 94.04488424225386, 89.8135145215464, 89.0440639950428, 88.83381423418392, 89.56466700589179, 85.89189624785912, 85.4829156262004, 86.13046372017469, 85.25911298499855, 85.67588852209451, 84.17834927434514, 85.00796617836136, 85.81502052580596, 84.31369739456835, 84.75618479052292, 85.41579150435462, 85.86474776654823, 86.30621235368676, 85.82496083152347, 85.74765424472427, 84.32939815556858, 85.82486939312408, 86.76718593768791, 89.01004285007129, 89.01004285007129
96.74, 94.14835486562386, 92.63106557007364, 93.06533211825565, 92.91549400358775, 92.39247894345897, 92.10943395709143, 90.86612021540451, 91.7127294619837, 89.83492812758013, 88.9281938076679, 88.61772085306147, 89.34980962275827, 85.33572189798431, 86.99555361568582, 85.37989997769266, 85.88922846168357, 87.40953497295544, 84.52382558249198, 85.8926009680988, 84.73326827916155, 84.32939815556858, 85.82486939312408, 86.50301859779472, 86.31200969772456, 86.31200969772456
96.48, 94.85084489659995, 90.41921974574979, 88.35818454231362, 86.24047662625459, 85.84381673103601, 86.64205600264907, 85.05202646444322, 86.09080284127384, 86.58254967101024, 86.19257523318848, 84.17834927434514, 85.46468457157268, 85.81502052580596, 85.17713486046361, 84.75618479052292, 85.88922846168357, 85.42554934461185, 84.52382558249198, 85.8926009680988, 84.73326827916155, 84.32939815556858, 85.82486939312408, 85.58815593106358, 85.58735118987148, 85.58735118987148
95.39, 96.76485850093268, 99.03730353407663, 95.69871083140322, 93.59861340004616, 93.71917847303995, 93.06288252853307, 90.69969742404716, 91.68732771797919, 92.43204578660061, 91.88842984556838, 93.33207641124312, 93.69541296712138, 93.68944127566476, 95.91722965953836, 97.46180201123502, 96.33689505805681, 97.00920352781127, 97.71042768138662, 96.33712147592607, 98.30323359112455, 100.31746367105069, 99.51888457561472, 99.81929181662439, 97.51505703251549, 97.51505703251549
94.98, 93.33526014221455, 93.81213561642043, 91.90632649000392, 90.9348239423416, 91.93131605202235, 90.67243331273394, 91.04782983123317, 90.73432761082135, 89.74704175822401, 90.6022507266963, 92.26194245501638, 92.13289776777805, 86.95452969255726, 84.31369739456835, 84.75618479052292, 85.88922846168357, 87.3500645988427, 84.52382558249198, 85.8926009680988, 86.5148581585353, 88.65374880099967, 88.24403262690775, 89.85495625126117, 91.94388859368235, 91.94388859368235
95.84, 89.68130827384057, 89.3138087603425, 90.16050732757554, 89.26303742032904, 89.28558201673171, 89.98418076656098, 88.64079105602634, 89.61052264593096, 86.36258559073542, 85.67588852209451, 84.17834927434514, 85.00796617836136, 85.614877228708, 85.99017922467348, 86.94815119606388, 85.88922846168357, 85.35775382047825, 87.47548271964493, 86.15192741729322, 84.73326827916155, 86.37806015014141, 85.99438448480744, 86.06834871971769, 88.10039597910273, 88.10039597910273
96.32, 97.33703453631044, 94.34801964281318, 94.12182624099975, 95.5698746893934, 98.04340001646288, 98.26906611207295, 97.3526406305848, 98.69303898737793, 98.32388227157438, 99.23212496024452, 100.87095494720687, 102.17478306106676, 102.39287902363561, 99.60787908532293, 101.4928260661815, 100.93132287560547, 102.7539801162044, 101.48851176335135, 101.15581838253117, 101.80841882609423, 103.83182804608818, 103.29324447894562, 100.70477336005091, 94.72548322051557, 94.72548322051557
95.72, 96.55116377482256, 98.06332252709257, 91.7366091161955, 91.38053949804802, 92.88196151634797, 91.79376386222138, 92.82065329335633, 88.78411370178904, 88.52044605350548, 87.50014850518697, 88.71411716718646, 88.70687966971923, 87.34690184654426, 88.60482718067601, 89.8269755552632, 87.8059064652027, 87.08239409458376, 84.52382558249198, 85.8926009680988, 87.27688162409136, 88.03307787349516, 85.85177390345416, 86.4493208568283, 88.00102821943365, 88.00102821943365
96.12, 95.50415483698379, 97.73604146292375, 96.16001165334302, 95.45091035243551, 90.30922147174464, 88.14050274870333, 88.5004390485495, 86.40915845432392, 87.84123265366905, 86.19803619486956, 87.39348120773307, 89.02562035833012, 87.75892944766187, 89.00009974395353, 89.51191435842642, 86.8916587890445, 84.50371598688248, 84.52382558249198, 85.8926009680988, 84.73326827916155, 84.32939815556858, 85.82486939312408, 86.04703112202549, 87.55080974941654, 87.55080974941654
95.68, 94.09878719865308, 94.10233297622696, 92.91895441277279, 92.2546914769332, 89.5280864589714, 89.8253207596538, 87.39064739332464, 89.48234871752891, 87.10799982693379, 85.67588852209451, 87.63568610099814, 85.00796617836136, 85.81502052580596, 86.18061698430493, 86.48553901546943, 85.88922846168357, 84.50371598688248, 84.52382558249198, 85.8926009680988, 84.73326827916155, 84.32939815556858, 85.82486939312408, 86.1830266282431, 84.18839048711607, 84.18839048711607
96.51, 98.04482699232335, 96.53291476640082, 97.2600315363951, 92.87874702725874, 93.88604608637732, 92.77367074807512, 92.8923448525859, 94.6009161785821, 92.72755804441367, 92.00049365933594, 93.63956287467668, 93.85705171015988, 92.13719417651144, 93.08858442586718, 89.66982837304147, 86.92770102323193, 89.12156139664948, 89.19014429727484, 89.22721278808822, 87.09492356984269, 88.60188795774633, 86.25985529769545, 84.98406826740512, 84.18839048711607, 84.18839048711607
96.71, 96.60830823762396, 96.87099343692418, 96.7442444769924, 96.34602909166281, 97.6305437129193, 96.2360445418638, 95.93613163033899, 96.65571069644248, 95.11218847681158, 94.29811298596385, 95.5706609879175, 93.86217469280486, 91.50605185462481, 93.26318524527267, 93.31147811243052, 91.21106856252166, 91.59787172352723, 89.80049149296234, 89.84505957718603, 90.03602599267438, 91.85707010962074, 86.53848907990985, 87.84114572486862, 87.31126374855262, 87.31126374855262
95.76, 89.4967345455241, 88.36009040298738, 88.64363594925705, 88.74371661561155, 90.01465791348625, 89.1977940201464, 85.4829156262004, 84.10845337987462, 85.25911298499855, 85.67588852209451, 87.10942775916259, 88.53607625127515, 88.22283833845198, 85.3734432728438, 85.33461666586936, 85.88922846168357, 85.61219182767113, 84.52382558249198, 85.8926009680988, 86.76770031229964, 88.78776577595866, 88.00313822635499, 89.74220426133309, 84.18839048711607, 84.18839048711607
97.2, 97.18487976411957, 97.38066071725936, 97.87713040460797, 99.20194612043835, 101.08074756319324, 100.05682460683282, 100.1256960739958, 101.57278374428451, 101.8960851485514, 101.40531578790475, 100.85388664571003, 101.98446810104983, 101.46300555321787, 102.63360971783086, 104.18156198354582, 104.66995356976159, 105.4855407074378, 105.81456419832915, 103.46056862868326, 103.48728113713754, 102.1342894143243, 102.25557205482168, 102.35752245267673, 96.35526769779305, 96.35526769779305
95.47, 95.09203772024635, 95.40308765818355, 94.91004285300342, 95.97236586573686, 93.94276192879751, 91.37229348244334, 88.88496457473964, 84.10845337987462, 85.25911298499855, 85.30971248146317, 85.84864252899588, 85.00796617836136, 85.81502052580596, 84.31369739456835, 84.75618479052292, 85.88922846168357, 86.79724887513117, 86.42892886393543, 85.8550353792514, 87.05156147353112, 84.32939815556858, 85.82486939312408, 86.50268380423256, 86.3481958366097, 86.3481958366097
94.39, 93.5996920228265, 94.16197617021979, 94.2036343149292, 93.8882975627944, 90.87836661318924, 89.08309251470266, 88.47528432885002, 89.23718071291732, 88.28397682826103, 87.19729435498712, 84.17834927434514, 85.00796617836136, 85.81502052580596, 86.93278774587247, 86.93510193496459, 86.92358530840525, 87.05458885829873, 88.13846523037196, 86.9866140908097, 87.63189568375076, 89.53262812627484, 88.19871168515324, 85.60856563813672, 86.6192652359407, 86.6192652359407
96.5, 97.63947442587079, 98.52103468980319, 99.03030178527102, 96.93709111831396, 96.71076287984366, 97.25963451124146, 91.0863055266642, 93.21360865908873, 90.72687435247133, 91.08492835943075, 92.17478460715313, 89.46925643604565, 86.74697084752711, 88.08637448852612, 88.39422747379793, 88.83164559183126, 90.7594843974641, 91.19870441193251, 90.50791542214728, 91.14084765472282, 91.42101593388894, 90.49301266603054, 89.12018792269755, 87.29794848511509, 87.29794848511509
95.22, 96.57706339824513, 96.98448756033086, 92.87715504245223, 89.34970145236204, 90.93138686966395, 85.9743848033387, 85.13287761444252, 85.19650873070435, 86.27413146927044, 85.04813720382103, 87.05886901301268, 86.95433825867957, 85.21930660807402, 84.31369739456835, 84.75618479052292, 85.88922846168357, 86.87006927033701, 84.52382558249198, 85.8926009680988, 84.73326827916155, 84.32939815556858, 85.82486939312408, 87.49228984630365, 84.18839048711607, 84.18839048711607
96.49, 97.31960404523929, 96.93673832008646, 96.38088734989569, 93.6100710473639, 88.50462758112654, 87.85546406779217, 85.93546881223148, 86.76407469868285, 85.25911298499855, 86.0129893426424, 84.17834927434514, 85.00796617836136, 85.81502052580596, 84.31369739456835, 84.75618479052292, 85.21820909617054, 85.72190942055583, 84.52382558249198, 85.8926009680988, 87.32195641945339, 89.49610509167537, 89.31861766687629, 88.94272747825725, 84.18839048711607, 84.18839048711607
96.65, 95.88029467411877, 98.02479880543504, 95.5896423571132, 94.35657157159775, 96.87890578173432, 95.17451615027917, 95.97181746839355, 97.49944602225305, 96.60894012768593, 96.74734473869586, 97.21843647296616, 96.59759853533156, 93.46045929676468, 94.3984191643851, 95.81323456099135, 92.22806052228997, 92.40374632388881, 90.72325158761402, 89.50800880866971, 89.26596473230879, 87.93494971623774, 88.37940231777016, 86.41481095314562, 87.89227886279562, 87.89227886279562
95.45, 91.04500330745775, 93.01752783372619, 92.27419801900159, 89.90213286355743, 86.23789059726369, 85.48961899980043, 85.4829156262004, 84.10845337987462, 85.25911298499855, 85.67588852209451, 84.17834927434514, 85.00796617836136, 85.81502052580596, 86.6788132882326, 86.45888564079775, 85.88922846168357, 87.04670328997435, 87.98080742932805, 87.87132659655603, 86.59202535663798, 86.45198864880173, 85.82486939312408, 87.05276452066724, 87.83965161373962, 87.83965161373962
96.02, 92.5781269841073, 94.91721987807881, 94.75093570782224, 94.95912771825934, 96.69372985593117, 96.47419949200204, 95.81354612075609, 97.02359220860559, 96.19060926052033, 96.49154865334974, 95.04439013385227, 93.0506490159892, 89.20917786569515, 88.29440111900975, 86.27965676137543, 85.08786779980655, 85.35208251040355, 86.5878720424662, 85.8926009680988, 87.49586985408169, 88.69322077036031, 85.82486939312408, 84.98406826740512, 86.76654711778225, 86.76654711778225
95.45, 96.62008842213042, 98.35694783158374, 97.77473299536659, 92.94768216858175, 94.1341892862751, 93.94911833416505, 92.96302880244035, 86.5561427175631, 87.31849022867537, 87.4291008183309, 85.53742981493134, 86.0196377393301, 85.26546566289949, 85.8906766848238, 84.75618479052292, 85.88922846168357, 84.50371598688248, 86.17119309611525, 85.8926009680988, 87.24165674902567, 85.11245818774528, 85.82486939312408, 85.78384813207035, 87.60264701783582, 87.60264701783582
95.87, 96.19595011017203, 89.26655671803715, 86.96044831977538, 87.98811412755725, 89.46847764985782, 89.1833951402014, 89.40334794368216, 88.77916331974305, 88.91809731005667, 85.35060461584645, 86.03729497067955, 85.00796617836136, 85.81502052580596, 85.73083242759621, 85.26084726227097, 85.88922846168357, 84.50371598688248, 85.58139451544767, 85.13795965834083, 85.83033175821012, 87.28632637818103, 85.45159388626253, 86.92791560843065, 87.58736018057314, 87.58736018057314
96.92, 93.4079378659258, 93.40827542614765, 91.52270686551874, 91.07214926274463, 92.77657500286699, 90.73743851252573, 88.12615453236296, 86.79226643718142, 85.25911298499855, 85.67588852209451, 86.1729455514803, 85.00796617836136, 85.81502052580596, 84.31369739456835, 84.75618479052292, 85.39883069972636, 84.50371598688248, 85.93883827505977, 85.8926009680988, 86.86371851841427, 88.86345969798259, 87.34857582918634, 88.17047382079613, 88.82911869739176, 88.82911869739176
94.88, 93.80962965723066, 94.12909418277528, 89.4556967871482, 90.12393022137262, 92.38044474893789, 91.37449190559514, 89.89072009205854, 91.15730978615795, 88.77071136918245, 86.96343620778974, 88.04601339281993, 86.16526022243274, 85.81502052580596, 84.31369739456835, 84.75618479052292, 85.88922846168357, 84.50371598688248, 85.237545914402, 85.8926009680988, 85.25456535913996, 86.13609635218747, 85.82486939312408, 87.16068892002731, 88.7526769623863, 88.7526769623863
96.1, 89.42814041991174, 86.20009525108695, 85.55025960267793, 85.65960654165916, 84.10957757803895, 85.48961899980043, 85.4829156262004, 85.8337919437142, 85.96672495667782, 87.06779657069724, 88.53028404577825, 90.05098899645908, 87.08461546037778, 86.597429053558, 86.65850806451455, 85.88922846168357, 85.57853868980553, 84.52382558249198, 85.8926009680988, 86.74357422035906, 86.87186763507523, 85.878676185267, 84.98406826740512, 85.22474671076122, 85.22474671076122
96.25, 96.44717973939387, 98.32533566402687, 94.59762593755117, 92.01636633003815, 89.47946595223742, 85.48961899980043, 85.38980323690468, 87.36748766875628, 85.04255805449023, 85.29373198685428, 87.44928962394053, 88.37372677302727, 88.2421083978143, 87.51027127297911, 87.42417646285092, 86.32278173010386, 87.33298406251843, 87.86430607548398, 85.10761649499307, 86.86754510085667, 88.66572379193475, 88.17055008083878, 87.15411943140994, 88.85669320500786, 88.85669320500786
96.55, 92.5264479698019, 92.78216908998759, 92.42006471457485, 93.77255753868779, 95.75343436570282, 91.18701016253635, 86.73639433115802, 86.85917972571389, 85.93891363488842, 86.2170989196651, 87.68508223615974, 88.83168282596581, 87.02572803922327, 86.88426478871452, 85.22506326427775, 85.88922846168357, 88.08883896889108, 85.07695336499202, 85.8926009680988, 86.21834384683889, 88.13633585895762, 85.82486939312408, 86.32125122964379, 87.11162285193397, 87.11162285193397
96.44, 96.49987016084354, 96.45671862676895, 94.69734258715972, 91.38254287244142, 91.42018139305907, 92.42332053642515, 92.01978509151697, 90.62192909098535, 88.3885731263339, 86.13806601643944, 87.00202585536753, 85.48869454199148, 85.81502052580596, 85.49522632969345, 84.75618479052292, 85.88922846168357, 86.74803701881062, 88.48734875860599, 85.90715674544859, 84.73326827916155, 86.66094657334546, 86.28446702461663, 85.42187566088047, 84.18839048711607, 84.18839048711607
95.12, 95.00228125451129, 96.965356534518, 95.4111019270592, 95.33209436695871, 97.30341762778455, 93.9303718799314, 92.40187961025903, 94.58128498903808, 95.1144771408105, 94.30398803126496, 96.37113134542959, 96.5915565516316, 93.61632768179207, 94.5310517849649, 92.79311939345533, 92.5625876275602, 91.08464251540057, 91.54433781700033, 90.28421431779617, 90.12034858670567, 91.48472207760989, 89.24593254406253, 87.9865615418583, 88.77462326125226, 88.77462326125226
95.85, 96.4404920397178, 95.01345053534733, 95.43689144863889, 94.59393873866101, 97.19492856875524, 97.50170125850863, 95.10650200253504, 96.73641119164182, 97.89073117209485, 91.73565164823827, 92.0101715620397, 90.56469478670793, 90.29965227549914, 92.59930109939211, 92.92622526038176, 92.86915088895927, 89.1699963538147, 89.33225718129147, 85.8926009680988, 86.53944196059616, 86.25773518490614, 85.82486939312408, 84.98406826740512, 86.13116249735184, 86.13116249735184
95.58, 97.02071885322732, 96.63606548405961, 91.14332748999848, 91.14000395984586, 90.25054219462798, 91.20768059865236, 91.64116041923086, 93.62302310048854, 91.38143588008782, 91.36368759002633, 93.14427518093912, 92.24688908905861, 91.79302926217996, 92.00067753819008, 92.55204751979744, 93.27991770305631, 94.13626893385019, 91.23326326388396, 89.8364445091603, 87.14286629133412, 85.40062477760755, 85.82486939312408, 85.28865882003574, 84.18839048711607, 84.18839048711607
95.79, 94.54166588513606, 93.96616434420696, 87.17121420938273, 85.7175293456828, 87.23384731454938, 86.70103543733737, 85.4829156262004, 87.68332639888966, 88.77771759675174, 89.33932273704525, 91.2562362627175, 87.42144348447195, 85.81349828822134, 86.08698621095758, 84.75618479052292, 85.88922846168357, 84.50371598688248, 84.52382558249198, 85.8926009680988, 84.73326827916155, 85.35004122753428, 85.82486939312408, 86.28777622508531, 86.48151459886996, 86.48151459886996
95.79, 91.39792148001466, 89.78512539531047, 89.39155721846315, 89.9083038222009, 88.89231865181898, 86.16425272580845, 87.0626363987096, 87.93529069000307, 87.95934054394284, 87.20350528258078, 84.17834927434514, 85.00796617836136, 85.81502052580596, 86.15066627031838, 84.75618479052292, 85.88922846168357, 87.10765153689813, 89.15324174084893, 88.27375292035012, 86.9229637551445, 87.09233545900427, 86.13280555049538, 87.36394875826517, 87.01519522413452, 87.01519522413452
96.45, 93.10293144974136, 94.92821484867635, 94.56744933698525, 93.6689361440941, 96.13259542988328, 95.75526524729675, 91.19663479055654, 91.00751887198447, 90.13903921246794, 90.65303214194635, 91.56860961611008, 89.87369810857028, 88.96625774688977, 86.01495323076502, 84.75618479052292, 85.88922846168357, 86.81685396629302, 87.82905128174053, 87.02806989259896, 88.12834523794918, 87.61164641753314, 86.72535186144975, 84.98406826740512, 85.99970900718854, 85.99970900718854
95.06, 93.32752950932219, 91.05016525909605, 88.95476501359671, 88.87363206405645, 89.8609814242657, 90.61326793347514, 89.44557279128567, 86.79496214746348, 85.50305445104588, 85.36087857061104, 84.17834927434514, 85.00796617836136, 85.81502052580596, 87.2976633363109, 86.04229378810419, 85.88922846168357, 86.36649731895066, 86.75535316613835, 86.08482202766884, 86.61428928898793, 86.04364944161169, 85.17074916355165, 85.97292306430361, 86.26192780805673, 86.26192780805673
95.54, 94.94701220875767, 91.97605249425126, 92.0309986022142, 93.18018604626617, 94.52726587875578, 94.98322814301542, 95.1677417179307, 94.95181289358004, 92.37033904710594, 91.92383341706558, 89.82678939017117, 90.18614928093355, 89.51874067781466, 90.27112799990472, 89.44999026283597, 85.47665578121114, 84.50371598688248, 84.52382558249198, 85.8926009680988, 84.73326827916155, 85.24452069073219, 85.82486939312408, 86.66059460949654, 84.18839048711607, 84.18839048711607
95.19, 96.7859211309846, 98.54810581734958, 93.62101673225044, 90.15969884471376, 91.59508688535541, 90.34965004968117, 89.85049079851534, 88.8972214339761, 87.93619481720658, 87.12842859260925, 87.28762103239974, 85.00796617836136, 85.81502052580596, 87.56559920395829, 87.77621183560757, 87.14654664087261, 88.25211708632136, 86.83795205813523, 85.12932493034604, 85.22534291319029, 86.43096221377736, 85.82486939312408, 85.55674272174055, 84.18839048711607, 84.18839048711607
96.32, 96.65020168668045, 98.66761137088653, 98.79485301602509, 96.62846505525272, 98.5163876668889, 95.4051188846083, 96.02302577165621, 96.60565581519322, 94.62679903218681, 93.15315607719602, 94.37525611612271, 90.29093955076183, 89.39287051439324, 90.71138051789423, 91.68362974966708, 88.7909556153127, 89.2107499124525, 85.25967316246857, 85.8926009680988, 87.65023181751727, 89.00322894763511, 86.26033861484062, 84.98406826740512, 85.36047302013915, 85.36047302013915
96.33, 96.20431376633677, 98.21142463123493, 98.83093866405848, 99.5360432456421, 100.21829733139565, 98.46705677754477, 98.70968112559451, 97.75071694424699, 93.1189386998855, 90.42908834280131, 86.49676021471585, 85.90523630300389, 85.4049823554412, 86.5679437753933, 84.75618479052292, 85.88922846168357, 87.15888421330908, 84.52382558249198, 85.8926009680988, 87.33925057203739, 89.4487548673517, 87.91235454108467, 86.50264150203861, 88.50607499213534, 88.50607499213534
95.86, 95.07187354786194, 94.50299640121348, 89.96020837749235, 88.16427302024174, 88.81376269809007, 89.77036659391052, 89.06485673229223, 91.10142889998895, 89.93107617766748, 85.67588852209451, 84.17834927434514, 85.00796617836136, 85.81502052580596, 86.53593766997292, 85.7476495738738, 85.88922846168357, 87.48724821743937, 88.81490282962066, 86.73717376015398, 85.72261396095213, 86.45365400542653, 85.82486939312408, 84.98406826740512, 85.4181702989532, 85.4181702989532
95.15, 95.23631646323284, 96.81774771131401, 96.8887129492266, 92.81808620769735, 94.4833869160164, 94.17846917602114, 94.85220283893561, 94.99988969038642, 91.45757035435491, 91.17109289262902, 91.49288972595971, 90.60211308957868, 88.13300497219846, 87.87593211723325, 88.21833443501978, 86.18320981179347, 87.5012013986666, 89.2404472020547, 89.2248142918416, 89.35518663859742, 91.14918722134324, 88.47300608723835, 87.18744290569984, 89.1106960123665, 89.1106960123665
96.15, 94.66567160322552, 90.65707465377174, 91.37535633889456, 89.34038258651023, 91.458111163642, 92.21356876302379, 91.87335400623371, 92.63307518317546, 87.70968653961383, 86.1478329782969, 86.1051214928392, 86.01333339197777, 85.23201273811468, 85.45696540696713, 86.09232996476531, 85.88922846168357, 86.7368670130885, 87.05264952735223, 86.39679780425952, 85.14564221313992, 85.92763720342853, 85.82486939312408, 85.46081897313479, 84.18839048711607, 84.18839048711607
96.41, 96.4820858522849, 93.20447655027185, 91.50634848575051, 89.10721377803297, 87.82197984233672, 86.15550291153728, 87.28903787913275, 86.09611208918508, 85.25911298499855, 85.67588852209451, 86.77396133334867, 87.85336682220432, 88.5839888862966, 89.76754491737627, 87.38863554326275, 85.88922846168357, 86.02033899100178, 86.83956956780155, 85.8926009680988, 86.6837965153029, 87.21401735505461, 85.90576002952245, 85.91658000114049, 85.1703986522686, 85.1703986522686
95.78, 96.72175106300871, 92.63344717163413, 91.18747584918836, 89.3681745560133, 91.09871458091902, 89.16497890302533, 89.94459446138794, 92.18118224872279, 92.74306149003961, 93.39084607491625, 91.90202691227755, 87.89803147125406, 85.81502052580596, 85.89929700522427, 84.75618479052292, 85.88922846168357, 86.10554756352361, 85.07589881799888, 85.8926009680988, 86.96115821326738, 88.50854157720694, 87.13031413755937, 84.98406826740512, 86.86994869037287, 86.86994869037287
96.29, 93.77660202081834, 91.9745356605143, 90.3992639868134, 90.16816085759022, 88.29612069850391, 87.37280667575881, 87.29086790942944, 85.44353489586464, 86.2296296985316, 85.80546295241928, 84.17834927434514, 85.23853886556269, 85.81502052580596, 87.3057626132329, 89.10915642380402, 89.46812866590216, 88.53844550347613, 87.49492195872084, 85.8926009680988, 87.23012345270139, 89.51481904209405, 88.87494654244463, 89.30353069654078, 89.59255887098278, 89.59255887098278
95.07, 96.71241255535709, 98.1887522522056, 98.71515173293828, 97.27812094633843, 99.44996934693395, 96.85821151411885, 97.18553823707032, 97.78145055711411, 93.20261156295767, 93.47964758082918, 94.67607529190437, 91.80355107244124, 90.17330678091989, 90.7014897207181, 89.46424946241666, 88.9954051648241, 89.5351876099426, 90.94351938171422, 91.1452330011171, 90.49266253906373, 88.13516562612892, 88.51899414070738, 88.69899618679447, 88.69205354944498, 88.69205354944498
96.14, 95.91450537602766, 97.59019291258122, 95.57353449587342, 94.87080297181461, 93.10690857151654, 93.62554245851582, 92.96446983650958, 95.35004817586545, 90.45775637833405, 88.31820299643161, 84.17834927434514, 85.00796617836136, 85.81502052580596, 84.31369739456835, 84.75618479052292, 85.88922846168357, 86.75644581301083, 85.97592005593016, 85.8926009680988, 85.22364251264143, 85.7731533541695, 85.82486939312408, 84.98406826740512, 85.18276649116665, 85.18276649116665
95.55, 96.32015948415312, 95.33081908050895, 95.22879111395395, 92.27194618432281, 90.7666496627874, 91.25514703635655, 91.85228761396867, 89.37200817455637, 85.25911298499855, 85.67588852209451, 86.2975959842879, 85.00796617836136, 85.81502052580596, 88.05127560234442, 86.97745684830936, 86.02971856848411, 85.18448860280388, 84.52382558249198, 85.8926009680988, 86.15287934984983, 85.96547901512216, 85.82486939312408, 87.22374838224214, 88.01604651419338, 88.01604651419338
95.97, 97.05946393841835, 95.19066258754222, 95.61763334108899, 96.28904043219607, 95.93741611917618, 95.00954628052567, 92.19413132316674, 89.47988358573866, 90.3252200226456, 87.64045267879646, 87.80462426611204, 88.90767371257152, 85.81502052580596, 86.0814876198344, 84.75618479052292, 85.88922846168357, 84.50371598688248, 84.52382558249198, 85.8926009680988, 85.64449818417373, 84.32939815556858, 85.82486939312408, 84.98406826740512, 86.4317358105838, 86.4317358105838
95.48, 94.98822265901585, 97.0338758957412, 94.91725273859754, 94.8480079564406, 95.77132457049227, 94.80492037123838, 94.24283005319147, 96.63805694355891, 94.52471110083636, 93.02617668076896, 94.22547158993008, 93.1562118611764, 93.48857603204783, 93.9602377252242, 92.37189956243206, 89.23187644807898, 88.83461930419374, 89.51322892337728, 88.60444590639992, 85.10328172425842, 85.28037130867176, 85.87015341318582, 85.65290419789382, 85.04878566313623, 85.04878566313623
95.98, 97.57438980091571, 98.08834073496716, 98.60747863200179, 97.83733268246593, 99.45913655747573, 96.6388285027978, 95.35495207739278, 95.54983450435023, 96.5571587990613, 97.36235434253226, 97.86131629713461, 99.05766561484099, 98.9920751910532, 99.59628265733093, 97.58243331377122, 97.30096200180786, 96.2776685337851, 96.28757889942048, 94.60827197124424, 96.08901167370792, 94.02896591369985, 92.91528430435706, 92.95985166425523, 92.8607189017779, 92.8607189017779
96.86, 98.00552300982847, 100.19833697859697, 100.12583709626476, 94.35033911192805, 94.29633827556935, 92.06946050768038, 92.50259759619604, 93.61043131138831, 93.90651938786253, 92.65949004029223, 90.69022254988751, 87.22525462478312, 85.81502052580596, 87.64974974569203, 84.75618479052292, 85.88922846168357, 86.32324382700128, 88.0348171298436, 87.25418737626418, 86.97447882663026, 87.91291682879327, 88.56428139876857, 87.04119630412262, 87.62018434969649, 87.62018434969649
95.95, 96.60808907842222, 96.87127448924811, 94.49501192763336, 93.70441875650728, 95.25678716759032, 92.66740733407272, 88.43301460446017, 88.65951834250136, 85.25911298499855, 85.67588852209451, 84.17834927434514, 85.00796617836136, 85.81502052580596, 84.31369739456835, 85.06108371179722, 85.88922846168357, 87.62895863429544, 89.7311489539246, 89.16183849628986, 88.9282890456381, 90.49027100107855, 89.01916140560287, 90.70873713412645, 92.38593263719471, 92.38593263719471
96.7, 92.92248707840878, 93.79652038094802, 90.88836104283007, 90.87059752991662, 92.18012305838361, 91.3818560335057, 86.31358712869071, 86.68338156952836, 85.6237066932298, 85.67588852209451, 84.17834927434514, 85.00796617836136, 85.81502052580596, 85.2177747537302, 86.64295371169143, 85.88922846168357, 87.77002116724172, 88.55420231718642, 85.8926009680988, 84.73326827916155, 86.78135089736722, 85.82486939312408, 84.98406826740512, 86.18651742280252, 86.18651742280252
95.1, 95.69247513310538, 94.63187959772452, 93.41533194190131, 93.26229963915051, 92.50878821963865, 92.40681537781765, 92.71993371744591, 92.60457795317065, 91.79368193605522, 87.44640489515993, 85.97883542603105, 86.82223297656341, 85.30993502076868, 87.41828214817653, 87.07400626554357, 86.91075034353787, 86.86026143547375, 88.15572539955747, 86.97504813351036, 88.7087407548752, 88.64268473428083, 89.4075521952806, 90.45974077864172, 91.35921528990772, 91.35921528990772
95.35, 96.42411091883051, 96.44913399888961, 95.04022226998971, 95.27873000588393, 96.08148992662518, 96.65372388736505, 93.85710085489177, 91.30310416097788, 88.86844229043204, 88.66121407943652, 89.28704506654043, 90.10569698283233, 88.0626479374895, 89.24494359089918, 84.75618479052292, 85.88922846168357, 87.44237721910024, 84.52382558249198, 85.8926009680988, 86.58835470508926, 87.13199741267628, 87.67209582110128, 86.57698461488766, 86.24235979058354, 86.24235979058354
94.52, 92.44227805571498, 94.30367824070538, 91.1122441816738, 92.00105110721589, 91.43478606789841, 87.9016877712838, 85.4829156262004, 86.68490638213754, 85.0590456680597, 85.67588852209451, 87.4901206495245, 87.05263479905341, 87.45260025653594, 87.55868877978597, 84.75618479052292, 85.88922846168357, 84.50371598688248, 86.21198867696627, 85.8926009680988, 86.26332059707696, 86.99502959173908, 85.82486939312408, 84.98406826740512, 84.18839048711607, 84.18839048711607
95.73, 93.23105578927714, 94.82564796658369, 90.32734304702872, 90.81641711899725, 91.45145655838081, 90.07112339043545, 90.55407410778633, 91.873236805589, 91.29007085469713, 92.03644550175967, 88.96867002859916, 85.00796617836136, 85.69315866724467, 85.21821877122919, 84.75618479052292, 85.56039130550617, 86.78668785631999, 88.01392328436248, 85.56139682415483, 84.73326827916155, 84.32939815556858, 85.82486939312408, 84.98406826740512, 84.18839048711607, 84.18839048711607
96.26, 85.0, 86.52343663187868, 86.20113578712443, 85.25147394837903, 87.43291708097472, 85.48961899980043, 85.4829156262004, 84.10845337987462, 85.25911298499855, 85.63123566923178, 86.70853874338916, 88.43340741000843, 85.87588138514788, 84.31369739456835, 84.75618479052292, 85.88922846168357, 87.28843443619533, 87.48717963096587, 85.75076775283375, 84.73326827916155, 86.33408150229559, 86.21545103265322, 87.2030191966764, 87.4744936327751, 87.4744936327751
95.67, 95.7534473295852, 95.70264524022758, 91.68075399670542, 89.91323387338015, 91.0686191684987, 89.73946411265258, 87.15911000801545, 84.10845337987462, 85.25911298499855, 85.67588852209451, 85.57037520664878, 85.6355598230894, 85.81502052580596, 84.31369739456835, 84.75618479052292, 85.12908785599753, 85.12024555935376, 86.23451878936628, 85.8926009680988, 87.1204770599628, 87.08749322244006, 85.83627112158281, 87.55410314786735, 87.63671065730344, 87.63671065730344
95.53, 95.23003476686767, 96.11844466103193, 95.52072920869176, 89.36943026109938, 90.52673613846675, 90.53393698783091, 89.89372812349968, 89.11748351075074, 88.12176976274164, 88.77646994401049, 89.7417423452452, 90.19771280637013, 90.30595806349855, 90.51029100590245, 84.75618479052292, 85.26007380015993, 84.50371598688248, 85.82045091910169, 85.8926009680988, 87.7698722116926, 88.98351509968, 85.82486939312408, 84.98406826740512, 85.79525044567329, 85.79525044567329
96.0, 95.64746067689451, 96.04738523804264, 92.3977041106498, 90.57834473591667, 92.20602212664001, 88.33296952776877, 86.21059214866398, 85.51045803669817, 85.87885182819964, 85.67588852209451, 84.17834927434514, 85.00796617836136, 85.81502052580596, 86.56910717491279, 86.70014267773328, 86.73523902253393, 84.50371598688248, 85.46554746724672, 85.24974989588998, 84.73326827916155, 85.3179116346831, 85.82486939312408, 85.87610224746639, 86.3712943956228, 86.3712943956228
96.09, 96.01335357124275, 91.41432266645467, 91.57510035000293, 90.91747451905398, 91.1501557735555, 91.03679865418759, 89.20743123886932, 87.05446563599573, 87.73388381876924, 85.86785152529377, 87.06304508185347, 85.00796617836136, 85.81502052580596, 86.95098099772537, 84.75618479052292, 85.88922846168357, 84.50371598688248, 84.52382558249198, 85.8926009680988, 84.73326827916155, 85.95927651790723, 85.82486939312408, 84.98406826740512, 87.0389533598291, 87.0389533598291
96.23, 97.84966898662456, 92.67522104054231, 91.60773866592125, 90.33611132272226, 92.31589469667624, 90.54318042260483, 85.4829156262004, 87.68198531808336, 88.08007347765046, 85.23127269364217, 84.17834927434514, 85.00796617836136, 85.81502052580596, 86.50640897160349, 84.75618479052292, 85.88922846168357, 86.91874179322294, 88.9444615478469, 88.25755823304667, 89.08652286918971, 89.30855095004544, 85.82486939312408, 84.98406826740512, 84.18839048711607, 84.18839048711607
95.46, 95.62464506546044, 96.79167240011432, 94.30041684551426, 92.55589262328431, 94.89285923778678, 95.26211351337157, 92.87806762079178, 92.47943128879218, 93.6467435613118, 93.87879021108732, 91.88841084946179, 88.72674281886897, 89.17145171443049, 90.1036656673409, 88.9798209490037, 87.54161755912219, 88.93376387876485, 89.61810723384387, 87.68544886546859, 89.51503932919752, 89.08814446478024, 89.0337482542475, 88.11380233719991, 85.02217233173673, 85.02217233173673
96.45, 96.0091938191099, 95.72471098297162, 96.10989662725889, 94.02401310070294, 93.17104638067126, 92.41511096027784, 88.50309776104984, 90.44041706764396, 89.4382224030412, 87.87772571558662, 86.57934663269751, 86.84427738615553, 85.81502052580596, 86.287415817796, 85.26560146501005, 85.88922846168357, 86.82190051668834, 85.30660755733798, 85.8926009680988, 86.35100652201761, 84.32939815556858, 85.82486939312408, 84.98406826740512, 84.18839048711607, 84.18839048711607
95.61, 92.72160807559973, 94.31423062100644, 93.71888437179832, 92.71205645930006, 93.50932043146089, 91.57554986059112, 86.92210115416071, 89.01453604766068, 90.0411603164251, 90.61134022556789, 90.06913275354435, 91.22996549424826, 89.65501744942401, 90.72222615339884, 92.01794414684713, 92.20769120729, 91.81335899028471, 89.76296881331302, 85.8926009680988, 85.5703553542038, 87.07083666225672, 85.82486939312408, 84.98406826740512, 84.18839048711607, 84.18839048711607
95.9, 97.12268196245672, 89.89235299257855, 90.0147675036088, 90.23099781262466, 90.45586337822553, 91.21279123942737, 90.79040873372324, 91.48866918943678, 91.10360603043651, 90.17075877695216, 91.44433742538318, 91.6983396218185, 92.03881852525426, 93.56509612274527, 87.9827335928404, 86.65260162137346, 84.50371598688248, 84.52382558249198, 85.0106321018677, 86.76935120000559, 88.63188843268216, 88.45310373044487, 84.98406826740512, 87.07854225971288, 87.07854225971288
95.01, 95.37685699174642, 96.17930789202478, 94.1520288506584, 94.47131262077498, 94.09735218577184, 94.32079395573292, 93.84748210343395, 94.96978170068353, 86.99202472155255, 86.81517671835363, 86.68990964894226, 87.09762232337104, 86.57619275471983, 84.31369739456835, 84.75618479052292, 85.88922846168357, 87.62000051092586, 88.46226487309958, 85.91951282051652, 84.73326827916155, 84.32939815556858, 85.82486939312408, 84.98406826740512, 86.38465001795628, 86.38465001795628
96.76, 97.71683284545581, 98.66409563559553, 95.14100412096549, 95.48505487475003, 94.79622534581851, 95.10368523984783, 95.27426810488586, 96.57166564437699, 95.5401238950617, 96.51782242850152, 97.92075897462995, 97.27517992215795, 93.03763162464993, 92.90817314350053, 94.2106095736338, 94.40624746761094, 95.7297973989394, 95.27556048099163, 90.97011348267893, 91.38285506877847, 93.09935655126606, 91.13147106330977, 91.03109790116567, 93.2988946241673, 93.2988946241673
96.33, 94.86841036143367, 90.36192631514716, 85.68112224577713, 85.25147394837903, 86.26822495708237, 85.48961899980043, 85.4829156262004, 87.31433792459578, 87.1058673414646, 87.08860744651929, 85.08949883790558, 85.86236451727717, 85.81502052580596, 84.31369739456835, 86.16841469480184, 85.2282322852431, 85.91128422357384, 85.12920684236458, 85.18626181899957, 84.73326827916155, 84.32939815556858, 85.82486939312408, 87.06790432148546, 86.51887856914976, 86.51887856914976
96.4, 94.96522369106249, 94.99835088703756, 95.52600822152255, 94.97163775640388, 97.48103700930675, 98.06735670791196, 98.05955427177526, 96.24695757920516, 94.19197919509038, 93.72090329188296, 92.47524410472332, 89.45340636890172, 89.99225318639945, 90.84487300341611, 91.78419014722526, 90.50585101702639, 91.68289778861806, 90.86630622275257, 88.22939021789344, 87.30961661094763, 84.32939815556858, 85.82486939312408, 87.29076197914951, 88.00391990769576, 88.00391990769576
96.77, 97.719599226777, 96.98917039061573, 96.16217970502376, 96.70719173467081, 98.40425380194098, 96.92406098560697, 95.01406206058513, 96.38507771476318, 91.75539534008212, 87.99372282266336, 89.27228461359309, 90.41914394882198, 87.47857326472884, 85.72296637981854, 84.75618479052292, 85.88922846168357, 84.50371598688248, 84.52382558249198, 85.8926009680988, 85.2480950879454, 86.07763542233089, 85.82486939312408, 86.23225551634069, 84.18839048711607, 84.18839048711607
97.02, 97.11896718520758, 97.5568650700144, 97.8354993888114, 96.68519824754574, 97.6944022079, 96.45499989489907, 96.59198404800884, 93.3121282385165, 93.28392701174853, 90.75349897827095, 92.36308018654906, 92.38013094475201, 91.38360033826457, 92.15841635941901, 93.74282040039957, 92.22483990390347, 91.7036349699378, 93.21312952842464, 88.95624058374122, 88.85875774749478, 90.42901071300435, 91.12460101153611, 91.17747816991171, 90.45393014419925, 90.45393014419925
95.57, 94.67800233060811, 95.94006611208093, 96.81896920179149, 95.18156119682887, 96.06815150294321, 94.76998897071046, 92.46845510058954, 94.99237833816969, 96.16596653013683, 95.492663076206, 95.43469530564414, 96.48051947190109, 92.23939795183821, 84.31369739456835, 85.40474029863513, 85.88922846168357, 84.50371598688248, 86.29384677760265, 85.5117663505775, 85.4535227738953, 87.06397541968329, 85.82486939312408, 84.98406826740512, 85.08837955190047, 85.08837955190047
96.65, 96.57852040588362, 96.02471855055302, 94.10596594337134, 94.32647309364887, 94.03251080246375, 90.61086120457166, 89.30127987456343, 90.17695792255057, 90.77239711330375, 91.04555275964563, 92.36086345398425, 90.73340368288385, 89.3942686590789, 90.8521734828718, 89.7432066589584, 85.0175737523421, 86.25628680512897, 84.52382558249198, 85.8926009680988, 86.83358025737255, 87.73561870533989, 87.11352787524127, 88.22992722384863, 86.91579537197012, 86.91579537197012
95.8, 97.27123282419014, 98.06523487862793, 97.68044980222754, 98.79394139823438, 97.72710488379633, 97.4338723336013, 96.23866315506989, 97.55789461625334, 98.47106172736306, 97.61241952784668, 96.21549805265062, 97.10385981062221, 96.51310117045495, 96.879947746184, 95.24971106455827, 95.80799031005513, 95.34589970388578, 97.00109804804784, 96.74334331475535, 97.97712158629028, 97.20014181883026, 95.8550793129725, 94.33774113806543, 96.79492664010289, 96.79492664010289
95.94, 95.79639280828819, 97.03255145142235, 97.31917910791071, 97.61699070506539, 96.97920577437887, 92.47814029252002, 88.13857999667526, 90.32346544042528, 88.31251164903416, 86.67556993581702, 86.91889249339778, 88.64169416928485, 86.60023067106852, 87.43076687371429, 87.28012992785719, 85.88922846168357, 84.50371598688248, 84.52382558249198, 85.8926009680988, 86.5344209459125, 85.95236985957116, 85.82486939312408, 84.98406826740512, 84.18839048711607, 84.18839048711607
96.37, 94.55603995036176, 94.26312545408496, 94.10848984507496, 93.76426521426083, 89.17661570360156, 88.62394009287978, 87.80010055511039, 89.44484996404255, 87.49131256117045, 87.16047469916118, 88.17514699028925, 86.14711085495404, 85.65998143388262, 84.31369739456835, 84.75618479052292, 85.88922846168357, 87.86416798290482, 88.38402783700707, 86.44778623794727, 87.26263634123555, 85.81909658500098, 85.82486939312408, 86.57060865962758, 86.76986056915258, 86.76986056915258
95.48, 95.1128981263551, 97.14555436187925, 93.69636573332455, 87.83633469167223, 88.53869691908474, 85.53035599989349, 86.48628772996634, 87.4768686103147, 86.71337463564387, 85.67588852209451, 87.53162529815063, 87.15469746983264, 85.00557702086955, 84.31369739456835, 85.05709261778527, 85.88922846168357, 84.50371598688248, 84.52382558249198, 85.8926009680988, 86.81059534163623, 84.32939815556858, 85.82486939312408, 86.90091549295397, 87.24648118878166, 87.24648118878166
95.91, 90.81539492470652, 90.29460971395403, 90.85505321660837, 91.13199937230507, 92.29008153589959, 85.48961899980043, 85.24203268782249, 84.10845337987462, 85.25911298499855, 85.73654021550743, 87.2574272611793, 87.3261906173249, 85.70366572275097, 87.52569812523664, 84.75618479052292, 85.88922846168357, 87.10577668980947, 86.08712809751599, 85.96606658875483, 85.63399775530455, 84.32939815556858, 85.82486939312408, 87.1202812519197, 88.5875020175776, 88.5875020175776
95.07, 94.86995653500647, 95.68637368782285, 95.77730169066761, 92.3536302724915, 93.75738745498067, 93.45229375984593, 90.83177969985665, 90.43117607225021, 87.86477600469047, 88.48816233942205, 86.0176553400746, 86.85901779013821, 85.99021992818841, 84.31369739456835, 84.75618479052292, 85.88922846168357, 85.10314628872409, 87.35790805963046, 85.8926009680988, 87.47996696207694, 89.22806392641468, 87.50468969481844, 87.30647420405666, 89.70642941120406, 89.70642941120406
96.61, 97.2660034071622, 97.72789552095395, 96.55330390917479, 96.7625078136025, 97.31265266903529, 96.44160364198945, 96.40175394156438, 97.64010265600379, 98.09099780090608, 98.21685398736335, 99.82332526855019, 101.09512653466014, 101.7021380464345, 103.5567124979871, 103.61838305672309, 103.82865765440039, 103.31738673675471, 100.29977511114045, 99.81861459743752, 99.52694010300252, 100.16832543177898, 100.22158530201196, 96.24090239838824, 98.38094254205527, 98.38094254205527
95.14, 96.20015581155782, 96.04783379149985, 96.59763357819041, 95.0589825845233, 94.49699917775158, 94.91865150482361, 94.20494816762536, 95.6688878507729, 95.34489144375274, 92.0926851127717, 90.94629941511269, 90.39755218411614, 90.69257204521907, 91.88053644547387, 91.78294972426026, 89.38260770319059, 89.15045124459533, 90.76710102679624, 91.1141898136158, 90.20338823317758, 91.52385250527703, 90.03082982963629, 91.15606900403279, 91.65017426210717, 91.65017426210717
95.36, 91.93658705478508, 94.02644518304793, 91.32834910382667, 92.10590125266846, 93.08898377024958, 91.64853034476494, 91.70936921387165, 93.1493784810173, 91.13113933976685, 90.87883317289322, 92.76114155768302, 93.79046226917188, 89.37139940900542, 90.53979233152148, 91.23117956217344, 88.36583401532874, 89.24024686418498, 90.91756093119062, 89.560319461877, 90.47566899947782, 89.78261719429482, 89.56978396055308, 88.84744785923881, 88.20295549605825, 88.20295549605825
95.87, 96.96552377902243, 98.24148421194148, 96.02843280016366, 93.9336304574345, 88.85916196568483, 87.53542665894369, 87.59722154745509, 87.52695575300785, 86.47672401520292, 87.12636331969718, 88.06332472310524, 89.26973594481271, 88.58927638659782, 87.29477154493104, 86.94954996423874, 85.88922846168357, 87.09213228679202, 88.22701818848878, 88.8302295019731, 86.88994135407138, 85.9342942921164, 85.82486939312408, 85.48960793651396, 86.908360844637, 86.908360844637
96.83, 92.80290438184127, 89.31600105508151, 88.70258546020285, 87.55869528981606, 89.93488058987221, 87.18440908963683, 87.51065059084044, 86.35383185859604, 85.25911298499855, 85.67588852209451, 87.03283693067866, 86.00727427511796, 86.10058138647742, 85.6843331837959, 85.64886926600312, 85.88922846168357, 85.3309521139259, 87.22317203820921, 87.12589286883642, 86.92973887467437, 87.8453402925689, 85.89406006910124, 85.11778758762352, 87.08755472152235, 87.08755472152235
96.93, 94.90796134787733, 97.33188290550076, 95.21037649464004, 88.95748248150653, 90.16398520450245, 85.48961899980043, 85.4829156262004, 86.73375987868742, 85.25911298499855, 85.4748140301875, 86.21824578271803, 85.00796617836136, 85.81502052580596, 87.97011945016348, 89.507044946086, 86.62235171449414, 87.41813264632331, 85.67802127123724, 86.38416704235954, 85.35266301983332, 84.32939815556858, 85.82486939312408, 84.98406826740512, 84.18839048711607, 84.18839048711607
95.32, 95.69148673829568, 97.0583510887061, 94.88378580068158, 89.74262089238302, 88.02438685178305, 87.66360889305561, 86.91513538074145, 88.91404575989006, 88.37144150785963, 86.45235097278209, 88.62269994048404, 88.24895199838701, 89.19320217835136, 89.88508739335116, 84.75618479052292, 85.88922846168357, 87.27864836236085, 88.26157883488327, 86.74213149255972, 85.80464900317793, 85.67172320250805, 86.09694510502362, 87.6059681938491, 86.54097543353716, 86.54097543353716
96.34, 97.56219537712802, 98.681568189717, 97.54558626643002, 94.90892071915843, 96.26674618265662, 93.59301320286497, 90.67901298923267, 89.66121404045444, 88.1616056502674, 87.19659621040873, 87.4358897045772, 87.28635878935427, 85.81502052580596, 86.62269162066568, 85.77292292171467, 85.88922846168357, 87.51651013839215, 87.99987714859803, 86.78321609209135, 84.73326827916155, 84.32939815556858, 85.82486939312408, 86.83263247532311, 88.56677083344219, 88.56677083344219
95.02, 93.7668518365736, 93.53818514006844, 91.58370201779398, 90.67811774885972, 91.34873424043134, 87.16515990231572, 87.299780553757, 86.75005054925533, 85.93617989660333, 85.67588852209451, 84.17834927434514, 85.00796617836136, 85.81502052580596, 85.1218134254129, 85.04184605728142, 85.12047140195111, 86.0116723754898, 85.11278241997685, 85.8926009680988, 86.51443715896743, 87.18707328415495, 87.57787808575627, 85.84389348061265, 84.18839048711607, 84.18839048711607
95.82, 94.08292219776098, 90.0510063271246, 85.48668436799724, 85.68424825526878, 87.88515355042423, 87.3254364946892, 86.17743923458123, 85.33603249794736, 85.88311504908819, 85.12880300148926, 87.4479532625078, 88.68463391738537, 88.89474342835403, 88.96701340680781, 87.2062402728094, 85.88922846168357, 85.26593242113256, 84.52382558249198, 85.8926009680988, 84.73326827916155, 84.32939815556858, 85.82486939312408, 84.98406826740512, 85.88106071070742, 85.88106071070742
95.57, 95.36780437055101, 92.84643405531942, 87.56906238367081, 86.14155062953213, 87.01119271778227, 86.692987928803, 87.02620943809018, 86.15692396860346, 85.25911298499855, 85.67588852209451, 87.85158970557433, 87.21754716605305, 87.17875351518596, 84.31369739456835, 84.75618479052292, 85.88922846168357, 87.44977118706647, 89.43720652706743, 85.0540893041577, 86.29912092408453, 84.32939815556858, 85.82486939312408, 85.85687578335876, 87.48247164286353, 87.48247164286353
96.21, 97.5688605286228, 94.35352604933075, 91.67572347610891, 92.23309292946011, 94.75335500285651, 95.01789518215293, 91.24374867964306, 91.53890059702148, 90.05684103382784, 88.42444252374247, 89.79979374731117, 90.54968796400404, 86.23062565369766, 85.87367360164879, 84.75618479052292, 85.88922846168357, 84.50371598688248, 85.1704967090593, 85.8926009680988, 85.67607798619902, 86.4923629760035, 85.82486939312408, 84.98406826740512, 84.18839048711607, 84.18839048711607
96.11, 90.42202335362434, 92.47470767247366, 89.53825070906952, 88.7487031610377, 90.7821418875783, 90.23541389423553, 90.89791022963038, 91.31265547328817, 91.00695671927907, 86.43395813248463, 88.02765375143335, 86.97150288980706, 86.83190668138799, 88.65699224543255, 90.44764985403269, 87.23635889515621, 84.50371598688248, 84.52382558249198, 85.8926009680988, 84.73326827916155, 84.32939815556858, 85.82486939312408, 86.6573209531971, 84.18839048711607, 84.18839048711607
96.31, 95.89710447749215, 97.08369158050883, 97.75234612819759, 98.29504029791359, 91.51281716028092, 88.88833671128889, 88.13588693990417, 87.4615766047315, 87.9366911379749, 85.67588852209451, 84.17834927434514, 85.43702027118347, 85.81502052580596, 87.08039184520695, 88.80968278782146, 85.88020564383363, 84.50371598688248, 85.75457217902496, 85.8926009680988, 84.73326827916155, 84.32939815556858, 85.82486939312408, 85.95704994013057, 84.18839048711607, 84.18839048711607
96.3, 95.87088958028272, 97.99232483379332, 96.7314806928047, 96.96402634960513, 97.34331714816733, 95.69657766775737, 93.5745130198988, 94.60157639907207, 91.34865993543063, 91.54364605990956, 91.40582498138497, 91.31301371204172, 91.05409866905207, 92.64519775003222, 91.09481931853418, 90.97817327743371, 91.26584366049889, 92.41227341605965, 91.27862156108642, 92.31801408327868, 92.71173700660302, 92.35747917347304, 86.13415259550229, 85.13698943482966, 85.13698943482966
95.29, 95.90545298921303, 91.71355713993574, 91.85750537223733, 91.03624744589061, 91.68778388594998, 90.05469623648155, 90.34022426186344, 88.59858810562685, 85.25911298499855, 85.67588852209451, 86.34311612822377, 85.00796617836136, 85.81502052580596, 84.31369739456835, 84.75618479052292, 85.46383165197392, 86.22721024361755, 87.87894643705674, 88.06498348815896, 88.72349535757307, 87.45621608255904, 85.0128657106645, 84.98406826740512, 84.18839048711607, 84.18839048711607
96.67, 88.38322511304564, 89.00378856956044, 86.12422484978464, 85.25147394837903, 84.10957757803895, 85.48961899980043, 85.43386768551278, 85.56001417971173, 85.00437711520236, 85.59186012195401, 84.17834927434514, 85.80681931300262, 85.81502052580596, 86.31006841097374, 87.57488169814694, 86.29732340514414, 88.25930899292726, 88.58079337977637, 88.16793010099553, 84.73326827916155, 86.31501299945754, 86.16844464880131, 87.53170319623078, 89.32814360118105, 89.32814360118105
96.97, 96.34830618550092, 96.2918810556545, 93.37680043235251, 92.3643916172968, 92.82601820362615, 92.64934945378353, 89.88525334282564, 91.66833191673159, 86.15185269181205, 85.19379866858708, 85.12940861741654, 85.25202042611464, 85.81502052580596, 86.98511605968011, 85.34007596447434, 85.66104789661398, 84.50371598688248, 86.2530405701893, 85.8926009680988, 87.08331381784531, 87.82227694818192, 86.69062341818129, 87.0708561139477, 87.31224390459819, 87.31224390459819
96.31, 97.57397249854588, 92.90245232783866, 92.67243861808015, 89.63298395594838, 88.73257139836673, 85.48961899980043, 85.4829156262004, 86.3720846245682, 86.33253321474979, 86.70696967666476, 87.84478568479393, 87.37936185489907, 88.1068372047309, 87.31168879748557, 87.17390560412376, 87.04502561702238, 84.50371598688248, 84.52382558249198, 85.8926009680988, 85.80620558538709, 84.32939815556858, 85.82486939312408, 85.96818456997569, 85.90032675146118, 85.90032675146118
96.18, 96.57272402883319, 98.67678929601799, 96.80019086072713, 96.73022472708648, 95.62778571962173, 96.6458454962156, 94.77392962333124, 96.46539072786548, 95.5233102038019, 96.29743526855034, 97.86621214564019, 97.18442900532197, 95.934931715665, 96.76404564970704, 97.01938290539105, 97.35437515899469, 98.06530236538761, 98.39227492409272, 97.63183577237733, 90.2280270087631, 91.47104651169566, 89.50720910786906, 88.89281033258364, 90.12985326566321, 90.12985326566321
96.39, 97.54586704699275, 92.6854789685062, 89.90605198026125, 87.98279581199552, 87.90800448178312, 88.15759614415694, 85.4829156262004, 86.57285153274935, 86.82146107797635, 86.3564645572241, 88.45158677737642, 88.57001675695443, 85.81502052580596, 84.31369739456835, 84.75618479052292, 85.88922846168357, 86.19380284001362, 84.52382558249198, 85.8926009680988, 87.15397949214552, 87.34912440306715, 85.57954582664063, 85.47521094001898, 84.18839048711607, 84.18839048711607
96.58, 96.57133694529874, 96.51302881770972, 96.14415455066494, 96.69760610508953, 98.71060839577198, 96.75009990801802, 96.87359205748022, 97.34965649208614, 96.64296451851504, 97.45772004961792, 97.21914636129418, 98.39618437650714, 97.52221645574093, 95.06628346566902, 93.33610415847669, 88.28150098877649, 84.50371598688248, 86.0804955491792, 86.52318074348392, 86.59817281126679, 88.52170033609451, 86.24003965553942, 84.98406826740512, 86.91599316360839, 86.91599316360839
96.65, 97.74933193524309, 98.47052714090285, 98.22565035682817, 96.96157567480387, 96.51015838522356, 95.3799457304566, 94.56474590718385, 94.86593324232503, 94.13171407192439, 91.94524593581144, 94.37351103725473, 94.39773692535302, 94.88282919041653, 89.70780304352759, 90.52261128784941, 89.88793349138786, 91.73305549454156, 93.25975835523101, 93.7505164942319, 93.59018074982961, 92.58377213176904, 87.68762055083188, 88.34086182167142, 88.41948670974624, 88.41948670974624
95.84, 95.87522069433138, 95.37628524059173, 94.04422839147854, 94.84294317483896, 93.85219686444438, 89.72006447382257, 88.04458271259038, 89.01555034846909, 90.22376449896409, 87.006145366381, 87.75711282315807, 88.78586409249952, 88.55202511001607, 87.85974326117633, 89.41986600563108, 90.11279295332905, 91.91492500178917, 88.92696947791464, 88.41189454504875, 84.73326827916155, 84.32939815556858, 85.82486939312408, 84.98406826740512, 84.18839048711607, 84.18839048711607
95.84, 95.33937623216438, 96.46976596805591, 95.8078765580215, 95.60923438043244, 98.00504724496766, 96.91199375182768, 96.60823247785598, 97.91897720103752, 96.49200489592984, 96.21165308286145, 96.35115331759573, 91.73123501007272, 89.65598653880727, 91.70636867952818, 92.9444393527487, 90.77856806422163, 91.05604197628584, 91.50190897376622, 89.92196735070945, 85.99663383752338, 87.97306254973269, 85.82486939312408, 86.45970479155686, 88.63496160555106, 88.63496160555106
96.06, 94.97960725061334, 96.06769590568213, 96.19033783671296, 96.15414054310331, 96.4591111984934, 94.76601280589716, 90.88328982334555, 90.56523386613961, 90.85911532544048, 88.68538745076495, 89.59947234553557, 87.87635252274042, 85.81502052580596, 86.60676809162366, 87.47507604675494, 87.78922463375645, 87.6229803272819, 87.47138204019058, 85.57757451972078, 86.76341453559738, 87.63016877276057, 85.5534612975471, 85.02640016517418, 86.43705409376476, 86.43705409376476
96.33, 93.07115598416507, 92.76561745390036, 91.92553767167205, 85.48887475546836, 87.38894675614448, 86.89167089221966, 85.4829156262004, 87.2927541422415, 86.36397079656368, 85.67588852209451, 88.05928918383835, 85.00796617836136, 85.81502052580596, 86.70110925213035, 84.75618479052292, 85.88922846168357, 87.78514413529446, 86.8081308789833, 85.56275514342062, 86.41102855424907, 88.81694863816276, 87.82078220783715, 87.81226839310351, 88.79397902842818, 88.79397902842818
96.5, 96.09007504548758, 98.0286823254523, 90.88888824995823, 91.43187209094675, 92.56729259784457, 90.24476672141576, 88.90301893179502, 89.3438407847871, 89.39958135469979, 87.05069570464923, 87.71188957938958, 87.56424671714181, 88.05697077577886, 88.96696604599356, 88.84292505243228, 88.8910314759948, 91.01225942815677, 90.312926827025, 87.1633448496095, 84.73326827916155, 84.32939815556858, 85.82486939312408, 85.31803149552505, 86.5735794653354, 86.5735794653354
95.99, 94.80196020590368, 96.43234175474731, 93.5095014785307, 93.29063067238855, 94.27110071022904, 90.67907842578613, 91.16351396015672, 91.10559418752698, 86.40013907450972, 85.67588852209451, 87.27542704171135, 87.34751905194277, 87.4640570999333, 84.31369739456835, 84.75618479052292, 85.88922846168357, 87.7502308851369, 88.56805715191086, 89.15127976734715, 90.14939049472727, 86.26346732921603, 85.82486939312408, 85.98277411114277, 87.54701086198085, 87.54701086198085
95.99, 93.46926499374763, 93.57866578392093, 93.6505390923615, 89.3419027405222, 89.11827378782256, 87.71482108726047, 87.60330486929983, 90.1057208131567, 91.49516945811504, 88.29025958273648, 85.15482495235591, 85.44136277189313, 85.33364856360019, 84.31369739456835, 84.75618479052292, 85.88922846168357, 84.50371598688248, 84.52382558249198, 85.8926009680988, 86.53305156400491, 88.19704877625969, 85.82486939312408, 84.98406826740512, 86.36246495533831, 86.36246495533831
96.32, 96.73878827193703, 96.87447330553137, 94.16557624513479, 91.578827959205, 91.49475946337547, 91.95005387474248, 92.66720599523515, 90.97281445642561, 91.51069853674491, 91.85407513396555, 93.88945098175738, 91.46738769314945, 90.00723486612631, 89.5630869489242, 91.1640432709267, 90.93969241162961, 89.64342068098492, 91.01193319385047, 90.90554067674374, 92.80145714383583, 94.77044349151552, 89.93885302771807, 87.89684885489713, 87.77898978654778, 87.77898978654778
95.72, 95.2639032115855, 97.20219973989147, 95.30629654147158, 92.46397921575362, 92.3977112072462, 90.05592606783792, 89.1944494969933, 87.26359641390242, 85.25911298499855, 85.67588852209451, 87.30510083228978, 87.03352321872032, 85.81502052580596, 86.54799353587973, 84.75618479052292, 85.88922846168357, 85.79953811833809, 86.23744476525538, 86.63657923666901, 86.3073186834534, 86.93978564698917, 86.12167246701986, 84.98406826740512, 86.66964828626215, 86.66964828626215
95.67, 95.56036858255368, 96.40922152512204, 97.30503337985107, 96.42530287697127, 98.37639651778993, 95.35190893679892, 93.3112345996376, 93.8050291635298, 91.34016581799213, 85.37606152577149, 86.83671739098517, 87.42930175648465, 86.06196238633275, 85.90810595114246, 85.7799947722414, 85.88922846168357, 84.50371598688248, 84.52382558249198, 85.8926009680988, 84.73326827916155, 84.32939815556858, 85.82486939312408, 86.1672369865923, 88.39560610311995, 88.39560610311995
96.94, 97.02332886071768, 97.78147459451927, 96.03010205860424, 95.5146497261352, 96.3475527692085, 96.36960886812072, 97.01991138444778, 99.37052406637054, 98.91268338958831, 97.22847910929111, 95.08545074497898, 95.62378645914487, 95.5446366692935, 95.76089825686891, 94.51964936179701, 93.34936351425858, 93.85414307684871, 94.59638000394136, 88.68743759298931, 87.24372197349534, 88.18645492244688, 87.68686804693426, 88.63535129560951, 90.03097627743077, 90.03097627743077
97.11, 97.74386425219453, 99.37516231955821, 98.52132834890571, 98.71681922481851, 98.27239953991051, 97.08439773727136, 97.97707169320844, 96.36875922985573, 96.25314980765697, 95.0948351731059, 96.46609305540456, 96.90723806703464, 96.96465479986556, 94.9752961818382, 91.5051792263519, 90.63185313729525, 91.77058238042198, 93.66456619286886, 92.70604830901743, 91.83755756310136, 88.24974828432374, 85.0386983610328, 84.98406826740512, 85.11290215505605, 85.11290215505605
95.13, 90.15423372684728, 91.36145078460571, 92.11315111772494, 90.08171405177485, 91.14684992272457, 88.92517127991506, 87.16583354033867, 86.13477857854816, 86.13999452962743, 85.10320871262851, 87.42849245001725, 87.774431274162, 86.52737775492236, 86.40168438738904, 87.65626188035674, 85.88922846168357, 85.33370943008883, 85.07451848292392, 85.8926009680988, 84.73326827916155, 85.89581451698966, 85.82486939312408, 86.48667483177299, 88.6937061636121, 88.6937061636121
96.18, 96.4449844602693, 97.95454470596852, 96.55237334245079, 97.48095918719302, 89.84894258955399, 89.37521726350788, 89.87036787346095, 89.40028652097315, 85.04806886096442, 85.74192771226274, 84.17834927434514, 85.00796617836136, 85.81502052580596, 84.31369739456835, 84.75618479052292, 85.88922846168357, 86.05569379223341, 86.32510782752186, 85.8926009680988, 86.78768211640146, 86.89116079286484, 87.14392592451064, 85.2777124638293, 84.18839048711607, 84.18839048711607
96.01, 97.40372488486622, 98.32376598523754, 96.87607785457509, 95.15862310169979, 95.15386737880354, 95.8902006614049, 85.48028774125751, 86.54411962869375, 85.70518651504742, 85.67588852209451, 86.36782882219156, 86.78707928106907, 87.59961850458026, 89.30004793672036, 84.75618479052292, 85.15080327129898, 85.88816405627384, 84.52382558249198, 85.8926009680988, 85.82333603223636, 85.5246557486446, 85.82486939312408, 86.51549644789736, 86.78059492266507, 86.78059492266507
95.58, 95.79466576459832, 91.91457893582816, 92.69053072201169, 94.10998992033475, 94.06415982701226, 94.24366525639812, 92.08163153482577, 93.76627821429794, 91.70206889049102, 85.08637814842932, 84.17834927434514, 85.381286043986, 85.81502052580596, 84.31369739456835, 85.95440384133629, 85.88922846168357, 84.50371598688248, 84.52382558249198, 85.8926009680988, 84.73326827916155, 86.57819555113119, 85.20838425372443, 84.98406826740512, 85.56884662065923, 85.56884662065923
95.35, 95.01645838378072, 92.90378268027501, 91.79911992682779, 89.07664944699111, 91.49440719897699, 91.63088653755194, 88.08279567420212, 86.23546646878508, 87.03321216983613, 85.67588852209451, 84.17834927434514, 85.00796617836136, 85.81502052580596, 87.45262125298703, 88.5180728430448, 87.38729955002165, 84.50371598688248, 85.20250644967689, 85.8926009680988, 86.18818420797948, 87.3659215314497, 85.82486939312408, 84.98406826740512, 85.23625376090764, 85.23625376090764
95.95, 94.1005842166872, 94.73611712990564, 91.88305854369455, 91.11601119951925, 93.53222833425674, 93.6000170587386, 93.0422000236703, 92.0180302653177, 90.80239937351843, 90.7969292852799, 92.62620152979046, 93.74409412482346, 93.4476919931883, 95.07218106781833, 95.76463736333642, 88.43771549156142, 86.8878170292182, 87.6194467207632, 85.8926009680988, 86.74319976940222, 86.36404273964301, 85.82486939312408, 84.98406826740512, 84.18839048711607, 84.18839048711607
94.44, 91.05231785183487, 92.21337325824433, 87.23568736445421, 87.39140808305459, 89.09232846609773, 85.48961899980043, 86.12613336004118, 84.10845337987462, 85.25911298499855, 85.67588852209451, 84.17834927434514, 85.00796617836136, 85.81502052580596, 87.47350632282681, 85.65413463069129, 85.65412420061489, 84.50371598688248, 85.17575877011399, 85.51574775424943, 86.10498963438572, 87.35755698435808, 85.28580479919263, 84.98406826740512, 84.18839048711607, 84.18839048711607
96.22, 97.05780227466536, 96.89929249036847, 95.36109191957873, 95.3303864009607, 95.86337236196658, 94.13033430357495, 95.30813021591607, 96.39516264762915, 94.57591002206128, 93.15476791376028, 90.81877809700835, 89.5022661131994, 87.38408674056244, 84.31369739456835, 84.75618479052292, 85.88922846168357, 86.02505427145032, 87.81152083040026, 87.66476590751516, 86.45154895831237, 84.32939815556858, 85.82486939312408, 84.98406826740512, 84.18839048711607, 84.18839048711607
95.68, 91.15989021702097, 93.63819529990965, 93.58865256920843, 93.81243092955644, 94.89653853730995, 93.24125996805562, 88.31275573703617, 89.07341801059671, 89.36698906321425, 90.32300491267661, 91.97744882428319, 92.82986304793765, 92.63400802168091, 94.35518327266968, 93.13086280791256, 91.90336854787392, 93.25579265926106, 94.72174185611094, 94.2943259142036, 93.4462128615665, 93.45950886020724, 90.74657147472635, 90.18235394208757, 89.02274942061638, 89.02274942061638
95.59, 96.87489240722839, 97.80388067127775, 93.92401268052447, 94.64853646582235, 94.28022058774332, 92.71023352974176, 93.3636027276198, 94.55927721775014, 95.22589921674002, 94.46352145255192, 95.84896507677767, 95.52400029590356, 94.69320641423458, 96.73288366843524, 97.06865514712084, 95.24804152769362, 96.92825661276632, 92.0581506126339, 92.66270073957676, 94.30309434777615, 89.90333714857292, 90.2771209661889, 91.66743939683286, 90.29353100147091, 90.29353100147091
96.84, 97.79280435365702, 98.54464674999493, 98.62281849094308, 99.41083844789304, 100.05309992197252, 100.63433377438665, 96.95631916635772, 97.90807103496945, 93.75257999594507, 90.67514634619901, 88.68102230514334, 88.50238604802104, 87.08949630836524, 87.87240034219576, 89.14315758491892, 85.88922846168357, 87.61469800634381, 88.98800191385004, 85.8926009680988, 87.34622823722484, 87.16943549627112, 85.82486939312408, 86.36162657685924, 86.15757088215774, 86.15757088215774
95.71, 96.04623892536856, 96.65689779357908, 96.96609703268453, 94.28205195077764, 90.59861315046278, 85.48961899980043, 85.4829156262004, 87.22016806688154, 85.25911298499855, 85.67588852209451, 85.45496408536934, 86.25963292051065, 85.81502052580596, 86.72970504275379, 84.75618479052292, 85.88922846168357, 84.50371598688248, 84.52382558249198, 85.8926009680988, 84.73326827916155, 86.72349280266576, 85.82486939312408, 85.17994649349868, 85.45946220776133, 85.45946220776133
95.06, 93.6565074931186, 95.63156895065578, 94.12681646921082, 93.79370114233862, 95.12793034264124, 94.24309885243237, 94.65364643430546, 94.38712554925624, 95.2655350496782, 96.10826698424229, 94.37376057411784, 92.87912750020291, 90.57513674136126, 88.79516270626705, 87.06820994629477, 85.88922846168357, 86.74438860244015, 85.94314971309767, 85.2035168226123, 84.73326827916155, 86.1093728296291, 85.82486939312408, 84.98406826740512, 84.18839048711607, 84.18839048711607
95.37, 93.15238848694047, 91.89180225158574, 92.44421007304234, 89.77875886205277, 89.17370690986608, 88.39686571983214, 89.3547141651809, 90.54071775036782, 86.55351017687876, 86.32927541763544, 86.06802887162993, 87.1489926276056, 85.81502052580596, 86.20519262473223, 84.75618479052292, 85.88922846168357, 86.16080048088793, 85.6224611371231, 85.8926009680988, 86.71615693668637, 88.83178117922321, 87.79023153070662, 86.99912698699715, 88.37160389358836, 88.37160389358836
95.76, 97.47888852897412, 95.91526052777854, 96.42183629789815, 96.36627343367468, 94.05808016948068, 91.2392724920214, 90.88154634255353, 91.23645041733177, 91.97498473262294, 90.64780531188806, 85.65252448651081, 86.5211314041267, 85.04678825534675, 84.31369739456835, 84.75618479052292, 85.88922846168357, 85.48998346833663, 85.32116334153196, 85.8926009680988, 85.7656075409456, 87.0514213268761, 87.3732674628437, 88.72214705170946, 89.42674277116002, 89.42674277116002
97.28, 98.9297723762724, 100.56825394749279, 100.45112462539247, 97.96034891780083, 93.43516083540615, 91.14812773451565, 89.41560866268843, 91.47348688627255, 89.06100928571838, 87.00201676355314, 88.99349181914056, 87.17448692493778, 85.34086163525558, 86.5634265314401, 86.16234305097248, 85.88922846168357, 86.62385918477395, 87.82222005626699, 86.45677218875633, 87.35609386009426, 88.17255545995285, 87.4139713321957, 87.74838938553275, 85.77272258837391, 85.77272258837391
95.51, 90.9673280370636, 86.85191431785903, 85.78423826133003, 85.25147394837903, 86.52853404885492, 85.51199446632529, 85.4829156262004, 87.36522076920787, 86.23358142373601, 86.01859454453503, 85.67806778352936, 87.02407029613856, 87.23066400231083, 84.31369739456835, 85.51392260572281, 85.49983379180665, 87.0147281381704, 88.91565058390397, 85.8926009680988, 86.97047618892661, 87.2288988378899, 86.89945719292973, 87.95739935938063, 85.12166908674584, 85.12166908674584
96.92, 97.67248890883833, 100.15316186509675, 96.85589850065112, 97.02972492278778, 97.3239852113953, 97.36979202089195, 94.83701498644157, 95.09620241682104, 95.90275362207905, 94.39204419151935, 96.11781064644995, 97.43312128209358, 97.92396872099411, 99.53205333852905, 98.40173981386819, 96.82563554451256, 97.82250269512608, 98.12454558896161, 92.41108557086054, 93.00682947170246, 93.22268681496762, 89.90638136583145, 84.98406826740512, 84.18839048711607, 84.18839048711607
95.66, 93.24092816322023, 94.15481085833885, 94.58281986393723, 95.84901463460504, 97.10257113478195, 95.65770729857782, 93.39194445017621, 93.29562814037105, 92.1700925118966, 92.53669605954768, 93.79850069904447, 94.80947495133236, 95.61180798490906, 95.89597209471626, 95.70652323137813, 95.8792304973874, 97.67521913772782, 98.37935342291077, 99.08984678398025, 100.006274057499, 100.78327553232022, 99.34558979151076, 99.64116636304614, 100.92995272160749, 100.92995272160749
96.25, 96.59725788643257, 98.95571931745954, 98.10640488729874, 96.71462267831267, 97.53526259610226, 96.94111018094013, 96.32372259651073, 97.90560063857711, 91.959433613251, 91.1633751159713, 85.38161988180283, 85.00796617836136, 85.81502052580596, 86.51830577634693, 86.37835962206842, 85.88922846168357, 88.0183724494157, 88.27184320702868, 85.8926009680988, 86.18357569852559, 87.85543899942328, 86.04621652695252, 87.25216778885252, 86.52770042324325, 86.52770042324325
96.97, 92.76148775298789, 94.7552394077622, 95.42004228751, 94.70649054890859, 95.88945952652718, 94.6890468704517, 93.32541813315062, 95.58393089882678, 95.60816427564515, 94.12914383028112, 95.57874308084118, 92.23040055027026, 90.79832675565763, 91.76948128447351, 91.8150080330496, 91.71011100807712, 90.02172236129137, 88.0270316787335, 87.52509721181814, 87.8746219900516, 88.3967037717996, 87.57954369086148, 88.79237748093182, 84.18839048711607, 84.18839048711607
96.7, 95.72031500416792, 95.15303621373201, 95.02878857742142, 95.08082759169389, 95.80014953360538, 92.778853542261, 93.06658650740779, 92.32028163624861, 88.84678740135645, 89.03142847974878, 90.68220728063878, 91.95893626320502, 85.81502052580596, 84.31369739456835, 85.04661373910612, 85.77348947896127, 84.50371598688248, 84.52382558249198, 85.8926009680988, 86.07623153032064, 87.45794818879311, 85.36336384241595, 84.98406826740512, 86.3160781132611, 86.3160781132611
95.22, 96.42040756734232, 95.78974261419313, 92.22393559653409, 90.89780880017582, 84.10957757803895, 85.48961899980043, 85.83223672147518, 88.0673415823535, 86.8915339201873, 85.67588852209451, 86.44516655058733, 87.70815353773547, 87.10246992569954, 87.96133583598902, 85.66545287314752, 85.88922846168357, 84.50371598688248, 85.86962681970817, 86.05109564023986, 86.90174583136991, 88.31121155503038, 85.82486939312408, 86.7106224891307, 87.11755772311713, 87.11755772311713
96.26, 94.83601122566236, 94.60323327763483, 94.18458177618679, 93.64695023102031, 95.28206485756765, 95.72950844175965, 91.72421994158702, 93.52805203815552, 93.44061792953715, 88.5001391872862, 89.00857260226921, 85.59410876428032, 86.03892166214126, 88.10077042977659, 89.37912161928524, 89.29223390655841, 87.39269815979011, 87.54767960913452, 87.54947150940943, 86.08959481109957, 84.32939815556858, 85.82486939312408, 86.03259646767471, 88.21657573818716, 88.21657573818716
96.68, 94.93453719481734, 93.51686114806274, 91.83113271120526, 92.83265223614546, 95.33807285387364, 94.90494367214917, 95.8706197697508, 94.72772567451923, 94.40827869060494, 92.75828090366221, 94.31915234136392, 92.48878096202647, 88.87957672138607, 89.39018660239148, 90.34224480641211, 89.90637088112544, 90.74801971110735, 91.48152149616298, 92.01891509910998, 93.29458802813173, 94.67568711719095, 93.74275149622038, 93.75297978920975, 95.29330980295549, 95.29330980295549
95.49, 95.51074499014082, 95.35489534219154, 95.70655583920404, 93.77725825933467, 92.99636591770536, 93.24872533456102, 90.29292441170473, 90.32042694745458, 85.25911298499855, 85.67588852209451, 87.36614342810306, 87.12572983376103, 85.81502052580596, 86.5127156917145, 84.75618479052292, 85.88922846168357, 84.50371598688248, 85.27837563965622, 85.4921578352469, 85.74793535040679, 87.00754972418714, 87.5939706427833, 84.98406826740512, 86.25472973446948, 86.25472973446948
96.06, 97.0830971184579, 98.02440845922789, 97.4490852491681, 98.47163906228575, 99.15759432303106, 99.84963344895002, 97.39326760555181, 98.9104595452146, 99.62054969712017, 97.51829079170733, 99.42767134704646, 99.88321139666924, 99.0583837293349, 99.80058579282837, 98.60424443252614, 97.56722243555629, 99.57279762698872, 100.7806712314078, 98.26492164484625, 97.05687806335098, 97.5649562554897, 96.24299768258336, 96.0144085028914, 97.41134207757986, 97.41134207757986
97.02, 98.3970397317961, 95.15075841795894, 93.07565816493454, 93.83516952119278, 94.30185113310414, 94.4786917536017, 91.4558837269152, 92.04708058745129, 90.92903865874635, 89.12036436438638, 87.40448774288295, 86.02432595504823, 85.3557427129187, 87.16435272040614, 87.12005198805768, 86.4820079157838, 88.4386989364865, 89.84997624100923, 86.37970960703933, 84.73326827916155, 85.16843651055783, 85.02811936853216, 86.24929598125738, 84.18839048711607, 84.18839048711607
96.25, 95.22898898400364, 97.11049384524608, 95.4680030826167, 96.2244566072636, 97.77540237445976, 98.72495848009406, 99.10472892905028, 97.69134663290289, 94.17815295966423, 92.91156157840092, 88.92599512895158, 90.6555293376903, 90.86716131301299, 92.29223020254298, 89.31859104891423, 88.78456452135174, 89.82941455542104, 91.2070959974481, 89.93761516742845, 90.39801090305212, 91.27657111090159, 90.1834054459129, 91.3521256469857, 91.89349851698347, 91.89349851698347
96.45, 96.78315349446186, 96.27911087283124, 95.97211580299827, 96.70554476586734, 94.86898877518287, 94.31223329311169, 88.48618975522045, 89.2354565384929, 87.41554712514237, 85.67588852209451, 86.59423121747955, 87.81529154712146, 85.3113425677231, 85.93996541560828, 85.07530006258537, 85.88922846168357, 87.59141105731321, 87.50220328842363, 85.8926009680988, 85.26155537940957, 85.64829386276695, 86.10912936554676, 85.57271929622853, 85.2573412479332, 85.2573412479332
95.91, 96.91575087838882, 98.81372101137579, 99.4385091159262, 100.79234741036618, 102.82058823432757, 98.93291623911718, 99.93090772365142, 100.23227962085352, 96.69427708780454, 93.48499965091747, 93.94524258669215, 95.3198255146675, 92.13670424225924, 91.33103695360967, 90.51153849044435, 87.26784411208146, 87.35687336883471, 89.34496333961364, 89.94658596810146, 91.95603752244757, 92.44658101465987, 89.58170349408664, 89.14156603596716, 89.81410002838115, 89.81410002838115
95.64, 94.40853900867512, 96.84328354698987, 95.29660631175324, 96.04415035299365, 98.04935084601426, 98.22712684279047, 91.81892769046019, 93.2077685287815, 92.88806045551706, 92.41945205375976, 94.24794958535244, 91.70060639750808, 90.9738837193298, 91.51601522969976, 92.94801854593966, 92.99383806991797, 93.48859291980791, 92.874353268426, 93.15465818341893, 91.26750543743235, 92.36881099246136, 91.56736958266457, 90.94359756167425, 88.65833906496871, 88.65833906496871
94.76, 95.56576755952625, 96.43115087311227, 95.73022795818771, 95.19170016727618, 96.9866219178271, 95.6294377956941, 91.98925960836591, 92.9161653930397, 92.38819027645575, 91.74178339168307, 92.93919951209573, 92.67754908046246, 91.07247002136556, 91.85512531480889, 91.99142061628305, 91.85055798695066, 90.36019303720673, 86.90715769881596, 85.8926009680988, 87.8490016688319, 88.00997690076959, 85.82486939312408, 86.65471779032781, 86.80145834320946, 86.80145834320946
96.4, 98.09386416763206, 98.88524221398873, 94.35973505076139, 91.86495930207639, 90.83660297817949, 89.60224775158038, 89.93481729111735, 89.74353138686335, 91.07190659056715, 90.61022761837884, 89.98849455531534, 90.75073549116898, 90.95621707547882, 88.04203478873774, 88.36401277249769, 86.60320239889866, 85.50810082356101, 84.52382558249198, 85.8926009680988, 87.19333069696019, 87.02870383243649, 86.65460939796507, 87.95040088117369, 89.09716968770456, 89.09716968770456
96.59, 97.82554108424566, 98.20824800435366, 99.30035334486885, 100.53478560045194, 98.90852396864359, 97.8092273535708, 97.81264165124138, 95.71211105842181, 96.678129181953, 93.00185811166764, 93.57730744056379, 93.04725142950993, 91.1633600048951, 84.31369739456835, 84.75618479052292, 85.88922846168357, 85.25215499971098, 85.99368455595027, 85.11026633544547, 86.87058776808242, 86.97798203821397, 86.9865839056734, 88.07285614188098, 89.17086197003864, 89.17086197003864
95.43, 93.08222108813615, 92.2765313232956, 92.37263784963893, 90.5511239960901, 90.9368383064671, 85.81314101281176, 85.4829156262004, 87.55846653944464, 87.9271091655961, 87.2450811419125, 86.08535297937887, 85.00796617836136, 85.81502052580596, 87.74924217969381, 88.85600541497867, 87.7469512565308, 85.47350496809311, 86.37536290429362, 86.42447145965133, 88.39999971004528, 89.25141659668664, 89.93277370845634, 89.43934422748902, 90.2733756538585, 90.2733756538585
95.96, 96.16963885255791, 94.72032951169959, 95.05171648183509, 95.82508487180134, 97.23371045320035, 98.19022771818972, 98.08257256888459, 99.63925382006072, 97.33517344291963, 97.65613392125267, 95.19987573658686, 96.47623225704284, 95.04204199290874, 94.86816369885392, 93.40060864831072, 93.3376014057965, 94.27854390216844, 95.45614341150788, 95.35515007958777, 92.7107509568505, 91.33084488292035, 89.94891172664445, 89.9256373571281, 89.66176880574925, 89.66176880574925
96.7, 94.66074379676078, 97.17958707384828, 96.14331971376092, 92.2267768386364, 90.40692457475392, 88.98799153721835, 89.40364543422714, 91.84468664877997, 90.56197914325554, 86.48705479641006, 84.17834927434514, 85.00796617836136, 85.81502052580596, 84.31369739456835, 85.86532636467929, 85.88922846168357, 84.50371598688248, 86.36899801831935, 85.8926009680988, 85.41970303006663, 87.06295661875501, 86.5180479402801, 84.98406826740512, 85.98817430586467, 85.98817430586467
96.55, 96.86350824968595, 95.97942067100765, 95.38846551108284, 96.16018955347042, 91.70059839481601, 87.75653266908085, 85.4829156262004, 87.78846963384717, 87.5461749774406, 85.67588852209451, 85.15915243413939, 85.60185429547336, 85.81502052580596, 84.31369739456835, 84.75618479052292, 85.88922846168357, 87.35029722389099, 87.42277943965686, 87.38638343639154, 86.02853025612333, 85.75152355184277, 85.06837827692605, 86.67915613585592, 87.55848566665087, 87.55848566665087
95.08, 92.6319312059853, 92.1248010673121, 91.78350917476774, 89.47815488394342, 90.5686792677302, 88.71792158891162, 89.43064292692125, 89.91414442304561, 88.34410586216835, 89.2911371321505, 89.33293011642928, 89.14014132817714, 87.93421996664438, 87.57290755712808, 86.82751988744887, 85.8797925839161, 86.68259141976644, 86.8354692028779, 85.8926009680988, 86.34969286272951, 84.32939815556858, 85.82486939312408, 87.16713956724004, 84.18839048711607, 84.18839048711607
95.66, 95.62942807669472, 93.36857322154498, 92.97142775871237, 90.44262087111902, 91.66594061669775, 91.80450715884074, 90.93889660504288, 92.36417055076517, 93.27398173439393, 91.07365420307187, 88.94827609800386, 89.09034149425209, 86.0907126805363, 84.31369739456835, 84.75618479052292, 85.88922846168357, 86.49091461678312, 87.81735430108986, 87.5857184328848, 84.73326827916155, 85.9536034415546, 86.84734333656817, 86.29940761802985, 84.18839048711607, 84.18839048711607
95.36, 95.3372382443191, 89.54584736449925, 87.6334441247632, 87.41869789640558, 89.03155222762659, 87.4143871975519, 87.87832322627195, 88.12093183099495, 85.68737701677367, 85.49697128857343, 86.61212244248269, 85.00796617836136, 85.66303888048499, 84.31369739456835, 84.75618479052292, 85.88922846168357, 84.50371598688248, 84.52382558249198, 85.02891595373686, 85.81200844950567, 86.55592592128951, 85.25681376382579, 86.01991396894519, 84.18839048711607, 84.18839048711607
95.95, 96.91797502334053, 95.43076133937568, 93.89229518382339, 95.00524028160721, 97.28610932143633, 95.79153567611382, 96.54612601293341, 96.76953529480527, 95.80140448510161, 95.80418825561013, 97.00949151838857, 97.84509958056375, 95.30948709537472, 97.53977703150852, 97.54988589987285, 92.00518470781583, 93.0648989558426, 87.35921609135954, 87.43647249796021, 85.06759834951572, 85.61581960902545, 85.82486939312408, 84.98406826740512, 85.93189706200437, 85.93189706200437
97.01, 93.71265377072906, 95.47465722320698, 94.64109228989632, 94.87733150771322, 92.98310699288828, 91.32499962814359, 85.4829156262004, 85.3707890474053, 85.84201590250233, 85.67588852209451, 86.27584157649805, 86.69706365607875, 85.81502052580596, 87.96794180891708, 84.75618479052292, 85.88922846168357, 84.50371598688248, 84.52382558249198, 85.8926009680988, 85.77294829491679, 87.69894641453661, 85.82486939312408, 85.49668150041485, 84.18839048711607, 84.18839048711607
97.87, 97.75388787235833, 98.02136476763388, 97.69337817216037, 97.187323125116, 98.15822133469322, 94.09200418352204, 93.55009492963742, 93.71420166890144, 93.21640129747982, 94.17758855092237, 93.22405259021892, 93.92520031155287, 93.51559393998005, 92.78406890977882, 90.54190579998195, 85.13003596619464, 84.50371598688248, 84.52382558249198, 85.8926009680988, 85.2010448160515, 84.32939815556858, 85.82486939312408, 87.2540330431704, 84.18839048711607, 84.18839048711607
95.4, 95.03622019048962, 95.34433774144588, 94.77783047735481, 93.67573130468905, 94.80348283659079, 93.31282798719772, 92.90515047547342, 89.07749363008077, 87.71994578397526, 87.70570277428877, 89.65318748339602, 88.39104941896852, 87.9435741024799, 88.03891982419185, 88.16064723882226, 88.39569831073014, 87.05059935548437, 84.52382558249198, 85.8926009680988, 84.73326827916155, 86.65705927579641, 85.65430137207532, 86.76620012772744, 86.22001894495465, 86.22001894495465
97.22, 93.76691442133274, 94.65507108275682, 89.71633387721046, 90.15035009856194, 89.207513638737, 86.82046516066032, 85.4829156262004, 84.10845337987462, 85.25911298499855, 85.67588852209451, 86.34635634710031, 85.38519507050437, 85.81502052580596, 84.31369739456835, 84.75618479052292, 85.21334161918553, 84.50371598688248, 84.52382558249198, 85.8926009680988, 85.84737331969882, 86.3965965125529, 85.82486939312408, 84.98406826740512, 84.18839048711607, 84.18839048711607
96.31, 97.46972893952712, 97.72771835120922, 98.2707570078923, 97.52046969373072, 96.77509202564627, 95.28662434634126, 94.29582916704003, 94.7975025775181, 90.94761345418257, 89.25333409808445, 90.17936859564169, 91.57311253635768, 87.64038325112139, 88.73293995806519, 89.10303600600429, 85.35052252682372, 84.50371598688248, 84.52382558249198, 85.8926009680988, 87.69010228616258, 85.08578626947572, 85.82486939312408, 86.27383080450035, 88.13748555400257, 88.13748555400257
95.9, 94.55526791610554, 95.06681293473484, 89.4874020029937, 89.39549741305636, 87.48004116198503, 85.48961899980043, 85.12665659393073, 84.10845337987462, 85.25911298499855, 85.67588852209451, 86.47978769703316, 85.00796617836136, 85.81502052580596, 85.01635273830169, 86.12517554251362, 85.88922846168357, 85.36929683881195, 84.52382558249198, 85.8926009680988, 87.74881802401065, 89.68884759855882, 85.81680757611598, 84.98406826740512, 84.18839048711607, 84.18839048711607
95.15, 94.0891713048932, 94.92188017282265, 92.77850783225352, 91.95695344983714, 89.67657153803245, 88.78189868032223, 86.61562635251359, 85.60782497437928, 85.25911298499855, 85.67588852209451, 84.17834927434514, 85.00796617836136, 85.3631341185165, 87.32993816434825, 86.78395566767728, 86.74330545613381, 85.43022880654394, 85.5260091261442, 85.8926009680988, 87.25928778279014, 86.82610247160662, 86.5473044402122, 87.42107901682265, 84.18839048711607, 84.18839048711607
95.95, 95.23795829583483, 96.80429294084722, 95.03525722604742, 96.49784229703134, 94.67957786982174, 91.65849398285836, 90.3089310654931, 91.01901964416717, 90.05276727235828, 90.72402415877491, 89.70810513324878, 89.95785368846461, 88.97261652220213, 90.29731670447876, 91.74179535766405, 91.27087766293927, 88.50284612800863, 89.30734948603983, 85.8926009680988, 85.83255197057649, 84.32939815556858, 85.82486939312408, 84.98406826740512, 85.79467824988967, 85.79467824988967
96.72, 95.56032804298646, 92.08721100666, 90.01084413155468, 89.83926912155836, 90.33490789608508, 88.10643047701483, 88.11450190673374, 86.91886517969856, 87.42964489158037, 86.70430139359237, 84.17834927434514, 85.77578835821798, 86.35331047961026, 87.30967250358523, 87.06434155916429, 85.88922846168357, 84.50371598688248, 84.52382558249198, 85.8926009680988, 84.73326827916155, 84.32939815556858, 85.82486939312408, 86.75528172888616, 87.49700779339894, 87.49700779339894
95.86, 94.17033985049247, 96.2183301190399, 91.2514691045445, 91.85502942502418, 93.85203992062982, 91.14813114411793, 92.05020342396276, 92.14491868012243, 91.37564548944904, 86.85521212162725, 86.77706833774812, 87.81195541828143, 85.81502052580596, 85.42924790797734, 87.21167034230659, 85.88922846168357, 87.72231962480708, 85.56340015190622, 85.8926009680988, 85.77524381699892, 84.32939815556858, 85.82486939312408, 85.98575048166755, 88.21184954467584, 88.21184954467584
96.2, 89.02600675208312, 88.30082991960175, 85.68112224577713, 85.7272803130355, 86.56650890347213, 86.01929991774392, 85.94320118472903, 87.40245394300396, 87.47575440139404, 86.0006945685178, 85.33972185453466, 85.30872088349354, 85.81502052580596, 87.75577127458793, 85.83692725952514, 85.13594011261306, 86.1082679499785, 84.52382558249198, 85.8926009680988, 86.01349787729005, 84.32939815556858, 85.82486939312408, 86.27783367695477, 85.65456294261364, 85.65456294261364
95.58, 95.38594947973353, 94.36492585819327, 90.93255118151579, 91.14878853973688, 90.05183504153692, 89.18148696058832, 85.38291390846675, 86.17773080677705, 85.25911298499855, 85.67588852209451, 84.17834927434514, 85.00796617836136, 85.41265934711119, 85.61814566871728, 86.84990210838123, 85.10041792908447, 84.50371598688248, 84.52382558249198, 85.8926009680988, 86.97918055945193, 87.58763113988738, 86.45862091763324, 84.98406826740512, 84.18839048711607, 84.18839048711607
95.82, 96.54590312602613, 96.28356956260278, 96.1365343394202, 96.73928734736926, 96.02974420491392, 96.27353793146607, 96.7966775098753, 96.62441806807794, 96.19565811996631, 94.23817660003475, 91.57303122310124, 91.82869561267958, 92.28108032939625, 90.2557463428728, 89.55048613525538, 85.88922846168357, 86.05181543156021, 85.99748431000586, 85.8926009680988, 84.73326827916155, 85.29303073965184, 85.82486939312408, 85.44565232494789, 85.7919862776545, 85.7919862776545
95.54, 96.45655972816304, 98.81707777213626, 97.46999919079667, 97.44679179561852, 99.41105517066401, 98.47706233384048, 96.85021750549664, 99.09622737413008, 98.38323240950305, 98.63728242907604, 96.30005566786032, 95.06108970917526, 94.30030758539533, 94.64550433993746, 95.46466896663433, 94.97502381087412, 94.31620275629325, 95.13712153430768, 91.62166684221445, 91.50840073412826, 92.42473002713747, 91.49871340968541, 91.07314805989921, 90.83052495900567, 90.83052495900567
95.35, 93.90566276265992, 92.01381842967176, 91.74343783059695, 91.00093737240651, 90.70292872915569, 90.57540999167627, 90.97552110464112, 92.26870540928121, 92.49130802343649, 89.51144496307595, 88.8049492881096, 85.16363505533643, 85.81502052580596, 86.04400519689412, 86.36711359195276, 85.88922846168357, 86.66247655438738, 88.18912264845568, 85.8926009680988, 87.1942732070319, 84.32939815556858, 85.82486939312408, 87.24133629330058, 84.18839048711607, 84.18839048711607
96.25, 97.3080508012502, 96.96487426579336, 96.31650251406418, 96.19524067273592, 98.13992531496726, 96.8495419032264, 98.01031254440349, 100.08858134016704, 100.17280182900393, 99.0969048257242, 101.29981707842923, 96.98701103325602, 96.8146646040315, 94.24957585383729, 92.98286508099127, 90.99542882002767, 89.93996861865736, 90.04939953933588, 89.1769659866559, 87.89125095718907, 85.59760988239316, 85.82486939312408, 84.98406826740512, 85.15731657603536, 85.15731657603536
95.84, 93.69734042855995, 94.52510972725433, 95.49944230608823, 96.08905989182993, 95.83194048857754, 95.76309337687044, 96.46737567227841, 98.32193338081973, 96.55080408027996, 97.23998430055373, 96.5434842417064, 94.830956733283, 92.36735692602795, 90.69784839098905, 89.77126107003016, 87.40598117177369, 88.8569500628091, 90.7781930179854, 88.80715156854363, 90.61920286385498, 92.32809505263269, 91.53564344070712, 85.26328617795566, 86.5924979936254, 86.5924979936254
96.89, 97.83765719376474, 98.8054853694904, 99.13725434120843, 94.88919173221974, 95.07200265068396, 90.2666699288399, 90.94302093117666, 84.10845337987462, 85.25911298499855, 85.67588852209451, 87.28462150953276, 85.00796617836136, 85.04432592014244, 84.31369739456835, 84.75618479052292, 85.88922846168357, 86.5216316915683, 84.52382558249198, 85.8926009680988, 86.51505550682859, 85.89029123571972, 86.50812629115605, 86.34534370360964, 87.03465239482823, 87.03465239482823
96.39, 97.61649199799999, 97.95049147123709, 94.84679080913621, 90.53074754279794, 88.77534567705905, 88.65810926755432, 85.4829156262004, 84.10845337987462, 85.25911298499855, 85.22076224223517, 86.47990400872983, 85.77642552930548, 85.81502052580596, 86.09409946863643, 87.15062796536189, 85.88922846168357, 86.14187410238966, 85.39145810910595, 85.8926009680988, 86.47810396920906, 86.63697903687333, 85.68856348063113, 85.27327454941654, 86.17474868781028, 86.17474868781028
96.15, 93.05213278337452, 93.7093938446255, 93.27179579151675, 92.51739107148852, 92.49710312229031, 89.65975041116683, 89.32522192615784, 91.37303423258173, 92.35129285277961, 91.90264906501176, 92.61124576144972, 90.87721336389626, 85.71612675535134, 85.72265946706277, 85.3414826616004, 85.88922846168357, 86.74452345705706, 85.05129327881876, 85.8926009680988, 85.54592120974307, 86.18644033716261, 86.26453388247974, 85.20780879528802, 84.18839048711607, 84.18839048711607
97.2, 98.30718987406692, 99.15989479707784, 97.76820472924402, 94.04663579693211, 95.55384661577699, 92.04381583484188, 91.47003137447118, 93.37540070856451, 90.45627453906047, 88.82168728424452, 90.91168648950811, 90.39516902738465, 89.93315609384997, 88.44134356331303, 90.46206741027858, 89.88906905204064, 88.92602863031865, 86.16783017477098, 85.8926009680988, 85.64263802611454, 87.20659931454911, 85.82486939312408, 85.98064867441202, 84.18839048711607, 84.18839048711607
96.53, 97.7802100094306, 99.75955729589566, 98.60007472778977, 98.22529940840212, 100.28481558655906, 100.46820538727454, 100.14617225282248, 98.48010156770995, 97.8412587529712, 98.69918275759788, 99.3491425812668, 100.31019579122653, 99.50077686328038, 100.94741927614277, 100.14153547584078, 98.21163715577616, 96.529654805813, 97.28424276808117, 97.83572204278782, 99.0727027504813, 101.01041237137981, 100.87778198010234, 99.08472638784643, 97.8244742554351, 97.8244742554351
95.25, 96.65728224616825, 98.33798481844258, 97.2515662040436, 97.47875644319305, 98.58844655590822, 95.24156357543076, 93.1936440043184, 94.71598710903717, 92.89485236938383, 91.9765177358219, 93.06842333663987, 92.14820265231778, 92.3231342322493, 90.8697544429719, 86.77463699908711, 87.2379111571998, 87.1053217140744, 87.11364874112111, 85.25578405586724, 84.73326827916155, 86.98572305576667, 85.82486939312408, 87.34115785163489, 88.98906774845548, 88.98906774845548
95.82, 96.17296349281489, 97.1884001343804, 96.2577587755921, 96.1986412545964, 98.50116099055343, 98.81191393623853, 99.14714338216821, 98.67808234527847, 99.33107073138774, 97.07948994989192, 96.7196281298931, 97.66297480028408, 94.34632702451171, 93.87281122764357, 95.68678555490037, 94.64877753986113, 89.74957540966714, 87.01782321252836, 85.8926009680988, 86.18126195625882, 84.32939815556858, 85.82486939312408, 85.92374161509976, 88.26322516363157, 88.26322516363157
96.64, 93.87456667652859, 95.56831744160799, 93.3991444362501, 89.85202996302604, 92.24714001427503, 90.0133344242794, 85.06504256634723, 84.10845337987462, 85.25911298499855, 85.67588852209451, 84.17834927434514, 85.00796617836136, 85.81502052580596, 85.84827476159731, 86.09395349287155, 85.88922846168357, 86.1502923469689, 86.29988415765871, 85.8926009680988, 87.83050199470547, 87.85499763045756, 88.39231596203425, 89.41319751507314, 89.96776288798911, 89.96776288798911
97.01, 92.3336521811931, 91.13643046346287, 89.70914708683604, 86.70955743387846, 85.6438971031444, 86.87459531440403, 85.4829156262004, 84.10845337987462, 85.25911298499855, 85.2407275178574, 86.71129659488692, 87.96720905483413, 87.7915211323722, 88.55025189523488, 88.35247066939712, 88.08505333083411, 84.50371598688248, 84.52382558249198, 85.8926009680988, 85.58031421864872, 85.22916683317875, 85.67678439592098, 84.98406826740512, 87.26113778092939, 87.26113778092939
96.47, 97.52120880960041, 97.0331923632219, 94.82625190585975, 94.07488849723313, 95.22541570632295, 90.88513853766354, 91.37868015045922, 93.29206371820099, 92.48335306035992, 87.25736816852927, 86.61451985558193, 86.68223476511916, 87.33103469852588, 89.71011545703018, 89.11751492722989, 87.95943949692001, 88.72047869728611, 84.52382558249198, 85.8926009680988, 85.95951763041165, 87.78758207889061, 85.82486939312408, 84.98406826740512, 85.47457195535141, 85.47457195535141
95.69, 93.65597120909946, 94.8423848746344, 95.24266316698724, 94.70223744405595, 92.69843099031344, 93.28683807565322, 85.4829156262004, 87.68749289074016, 87.47461931912709, 85.67588852209451, 87.49751722465514, 87.72105022239327, 85.81502052580596, 88.23881652249953, 89.46122943993147, 88.62271136003126, 89.64618349757399, 87.35213672592265, 87.65982380546191, 89.42491856914141, 91.33827178734347, 91.11560549040743, 90.98676569557595, 93.0464446445804, 93.0464446445804
97.85, 98.73600927445945, 99.1348830394153, 96.76580540759971, 96.29474737776543, 97.612805485196, 97.4726251383547, 92.40551580452174, 94.38474469099282, 93.69768526726978, 93.83938482604023, 95.78388009431629, 96.27785708031834, 89.57721832954596, 87.52284284390055, 88.02858830912388, 85.22351523445268, 84.50371598688248, 85.81719995225204, 85.8926009680988, 86.03759701667454, 85.57697341388945, 85.82486939312408, 84.98406826740512, 86.03522466562944, 86.03522466562944
96.44, 96.37579721118678, 98.74798600836579, 98.02845522844103, 97.02362594987605, 95.85702976566486, 95.91526303228706, 96.61387471690855, 97.7043020906008, 97.26562331338164, 97.78307228136815, 95.0815343740175, 95.85646387503424, 93.04484142826274, 91.37130472208163, 92.4607743281816, 92.57150079720422, 93.6861746108547, 94.16379273000335, 93.97782825938901, 95.6938363924524, 97.11842307913044, 93.78778654818956, 93.78526441956751, 95.79597209723099, 95.79597209723099
95.77, 96.96872451804965, 97.20449209687852, 97.29048550323554, 96.17342361651835, 94.63755880733187, 90.14063475168554, 88.9961529537092, 88.914001664216, 89.98112463175366, 88.70718572657701, 86.67159441971785, 86.66280406776163, 86.56700162805062, 87.78866930875782, 88.84597220499704, 88.74953240124455, 87.53462134130723, 86.6017350534687, 85.8135623958611, 87.05677130067434, 85.81217610532593, 85.82486939312408, 87.16241858061467, 87.17275328264535, 87.17275328264535
96.2, 96.36139125781965, 95.59837093295899, 94.5755821914027, 93.89796523563479, 94.71357121379766, 95.38553981636377, 95.91077122943214, 92.98903865044502, 88.06661193777083, 86.34297403456247, 86.53881997608777, 85.00796617836136, 85.81502052580596, 85.84030555212955, 84.75618479052292, 85.88922846168357, 86.3816250493543, 87.7996619930122, 85.8926009680988, 86.97013909621978, 84.32939815556858, 85.82486939312408, 84.98406826740512, 84.18839048711607, 84.18839048711607
96.56, 93.61323131699339, 94.15306552453276, 90.91594042212793, 92.30482092137224, 91.88312954091357, 92.58759530836728, 92.56625744945268, 92.04299457332237, 92.32554231154415, 92.23920180365542, 89.89472827298441, 87.2012931539134, 85.42721027707763, 87.03749610485657, 85.99634840837594, 85.88922846168357, 86.5019512013309, 86.9749212183135, 85.8926009680988, 84.73326827916155, 86.96194051113353, 86.30192178726563, 87.5773945235372, 89.37284679401577, 89.37284679401577
95.48, 93.79580573703315, 94.66241323862705, 91.83209781704512, 88.45572759006049, 90.66882461555093, 91.54931159220226, 91.20794850149525, 89.5014974403817, 89.36360587924507, 88.92757664994937, 89.43537466416942, 86.77678231809814, 86.97554647840221, 84.31369739456835, 84.75618479052292, 85.33876653098056, 84.50371598688248, 84.52382558249198, 85.8926009680988, 86.25123971509953, 85.67951066608731, 85.82486939312408, 86.89626572115445, 84.18839048711607, 84.18839048711607
96.57, 93.12510895757052, 93.1925949643088, 92.93771454794133, 92.55047739391473, 89.87552379542693, 87.93228950921949, 85.73183141915376, 86.73229167116108, 87.40576154459634, 86.19858768857193, 85.16460223267663, 86.68725383828738, 86.8686968547966, 88.98444000719279, 89.23641770236748, 89.73467469069907, 88.89126965245298, 89.90464041957955, 89.0219581199885, 88.07815526238844, 88.00250073482785, 88.0079982400372, 84.98406826740512, 86.31668814563062, 86.31668814563062
96.09, 96.80558697582897, 96.86914963431599, 97.20309990739395, 97.72004005863164, 97.34956676129178, 97.86910269964767, 98.65101214417673, 100.80845861369629, 100.61633840341236, 98.73298489024327, 97.57378096564315, 98.57820348646423, 98.03462339889415, 97.93166739789899, 95.59503355366721, 96.21543961090322, 97.93068212647954, 92.08899787423792, 85.8926009680988, 84.73326827916155, 86.69073266060651, 85.82486939312408, 86.67425299679441, 84.18839048711607, 84.18839048711607
97.43, 99.0957220832141, 98.44030932429378, 97.18611477180227, 96.76894115164781, 98.74020023818782, 97.72139090211054, 93.70200823930168, 95.2026666288361, 96.18512747363522, 94.9270753867484, 93.89602237511544, 92.63318973229225, 92.97703581861768, 94.83281406999704, 94.02485772328717, 93.11768813915775, 93.46914725710688, 94.19768333823195, 93.37164163711152, 92.68488671047653, 93.26353671869235, 88.72515396948207, 89.80192211701178, 90.16660141603408, 90.16660141603408
96.04, 97.29460033891354, 97.6192784672821, 97.97208593243764, 96.92138353667895, 95.13077553500207, 94.0052683423801, 91.50174148842649, 92.30583658696746, 89.27845872759411, 85.01785920779068, 84.17834927434514, 85.00796617836136, 85.81502052580596, 87.4211040738962, 88.3534862903469, 88.34942991322629, 89.84746206017883, 90.90975995536932, 90.1300816481704, 90.50970817832254, 91.33633590522686, 90.92521735191511, 92.40463499988, 91.16015138254606, 91.16015138254606
96.3, 93.8094206045456, 93.23331866684143, 93.48052045450086, 89.44309359645098, 89.11836814803902, 87.36081656120035, 86.13456527762666, 84.10845337987462, 85.25911298499855, 85.67588852209451, 86.54071095232489, 85.70706678755774, 86.21288949170221, 87.21952503864307, 88.56910764682505, 88.66193843320382, 84.50371598688248, 84.52382558249198, 85.8926009680988, 86.30128162622229, 87.86556697896818, 86.71400662478466, 87.30362902831666, 88.9596959656846, 88.9596959656846
95.62, 96.7226971492849, 90.58849080943567, 89.83631582952457, 90.9586315449214, 92.58767706496026, 93.26263474932483, 92.66417007158044, 91.36373233324902, 89.62996411583129, 85.67588852209451, 84.17834927434514, 85.00796617836136, 85.04501000081342, 86.22292805563646, 86.36246759009144, 85.10902170087834, 85.79536558466984, 84.52382558249198, 85.8926009680988, 85.05286025617998, 84.32939815556858, 85.82486939312408, 84.98406826740512, 87.21064864389905, 87.21064864389905
95.58, 96.2173273664437, 97.57745432258874, 95.28622913058231, 93.2505176724274, 92.99251107136044, 92.691934056253, 93.85179469655918, 94.85881155014008, 91.06211249628129, 91.0131012621274, 92.73918574324992, 91.8326995159364, 91.64304967103621, 91.61412422932833, 91.07337713729288, 86.8574302784809, 88.09250926056112, 89.99386930796527, 89.69951792058055, 86.57304191386751, 87.12135485426833, 86.17262568199268, 86.12434780185644, 84.18839048711607, 84.18839048711607
95.64, 92.92432313101526, 88.48272921052755, 88.47878031241466, 85.25147394837903, 86.43308377603485, 85.84541558867313, 85.4829156262004, 84.10845337987462, 85.25911298499855, 85.13190129952383, 85.84909452110803, 87.09817877919184, 86.22537492594482, 87.8939162905263, 88.51593201473501, 87.47364442429289, 88.04232243632455, 88.86369299996629, 86.67912720583737, 84.73326827916155, 84.32939815556858, 85.82486939312408, 84.98406826740512, 85.04475011431468, 85.04475011431468
95.8, 96.03019917324202, 97.75713053852476, 93.04381035536889, 93.50565809076275, 92.29802677850367, 89.97288823126713, 88.75099774341778, 86.25476830532291, 86.76764344068859, 87.292991498068, 89.03699643608755, 89.80333673116897, 86.49533775578212, 85.86719733255437, 85.54142129951458, 85.88922846168357, 86.53386524339341, 86.16149728610394, 86.1666362147788, 87.84301291854979, 84.32939815556858, 85.82486939312408, 86.44098208991808, 84.18839048711607, 84.18839048711607
96.58, 92.13022023353204, 93.76900097589412, 94.17576364525819, 88.98000397799657, 89.49072936233225, 89.25923219065231, 87.38628203809076, 87.1637553837989, 85.47744026761661, 85.67588852209451, 87.85123075429983, 87.43250865119191, 86.84893261034678, 87.76162791892693, 88.15787770136862, 85.88922846168357, 85.11008850795439, 84.52382558249198, 85.8926009680988, 84.73326827916155, 84.32939815556858, 85.82486939312408, 87.16617023135981, 84.18839048711607, 84.18839048711607
97.04, 96.09774597497847, 95.72829815843555, 92.78016608248241, 92.59127093348648, 92.63293922592275, 93.20233941317527, 93.35187475447233, 92.94238343467099, 90.10667062108027, 88.39874068411889, 87.5618227996729, 87.93225947172988, 85.76109381133142, 86.78425949637423, 85.2547404705349, 85.88922846168357, 87.13001628303556, 89.13513436146933, 89.31050931412857, 89.85055377677313, 90.60114740943006, 90.09507543220856, 90.46291012433672, 92.80854958047121, 92.80854958047121
96.74, 96.17999128320812, 96.70884198598168, 95.09690217743957, 92.18358325997245, 93.14021688031332, 93.75794392864815, 93.90204339730367, 94.86593252105708, 94.42758210255428, 94.5585407287765, 96.41111030287959, 97.7089764093976, 94.05199812449786, 95.26288916616835, 95.16826932588037, 92.02899877339829, 90.68360439369609, 91.98297411612346, 91.16383205958428, 91.51570565120556, 89.8354070421401, 85.5841068251125, 84.98406826740512, 86.9829014757598, 86.9829014757598
96.93, 97.6429534262347, 94.3527982940933, 92.00783501034648, 91.54398719517141, 93.97683963165383, 90.8547529781724, 89.54383789053739, 92.03437430294598, 92.05367277184502, 88.8899706259805, 91.3075958505034, 91.27120451103899, 91.19067971982194, 90.23665423897901, 89.13336077618538, 88.75944505663182, 88.58932328073794, 84.52382558249198, 85.8926009680988, 85.22506878510433, 85.1112006837668, 85.82486939312408, 84.98406826740512, 86.1853266241975, 86.1853266241975
97.03, 94.5274046543671, 94.63213292941485, 91.4778081288621, 90.96302936418881, 88.90433005131653, 86.8900646954731, 87.02179001057924, 88.58703037541343, 86.43907386478134, 87.10904832605661, 84.17834927434514, 85.14836842921781, 85.81502052580596, 87.62213753438563, 84.75618479052292, 85.88922846168357, 84.50371598688248, 85.9847158944688, 85.8926009680988, 86.90432958764983, 87.34632806578102, 86.92253724374164, 85.81967666064047, 87.42539707011485, 87.42539707011485
96.88, 96.91528724151804, 97.24262108130947, 91.92819950263515, 90.1687883127146, 91.87531699608986, 92.24188489246806, 93.3778233128953, 95.35523810332373, 93.62368761898885, 94.01027318425463, 95.43778359618237, 95.95362722514271, 93.31985036917727, 91.39998671502362, 89.58281895001623, 89.84012410358083, 88.48387761340759, 87.8304328466413, 85.8926009680988, 85.16963765763025, 84.32939815556858, 85.82486939312408, 84.98406826740512, 85.89182844953899, 85.89182844953899
96.21, 96.44562549390011, 98.44424482313383, 94.95332750829476, 95.3679832277341, 97.46633963740197, 95.46457123904236, 93.19051966957294, 94.40027842402115, 94.31086403140777, 86.91932842419529, 86.17296264421167, 85.00796617836136, 85.81502052580596, 84.31369739456835, 84.75618479052292, 85.88922846168357, 85.84358470012599, 86.26367516830489, 85.8926009680988, 86.30043835905052, 86.82539643604295, 85.82486939312408, 84.98406826740512, 87.22546032600103, 87.22546032600103
96.64, 96.73906369202288, 98.67081510424099, 98.95610388899414, 96.45709225707948, 96.83125028342297, 96.61669756809806, 97.1144385207311, 94.69545784079487, 89.96318276303096, 90.36845614526352, 90.71972237308879, 90.20493331919694, 85.81502052580596, 84.31369739456835, 84.75618479052292, 85.88922846168357, 85.97406865764685, 86.48361559502314, 85.06911012708024, 84.73326827916155, 85.0742609910463, 85.82486939312408, 84.98406826740512, 84.18839048711607, 84.18839048711607
95.71, 96.50882321164451, 95.74524648113001, 91.29410464195459, 91.89169170857664, 93.32850118413424, 92.97199253144846, 92.79584412021, 95.02247548721198, 90.95063658432497, 86.24083483542616, 84.17834927434514, 85.00796617836136, 85.81502052580596, 85.31447337393881, 84.75618479052292, 85.88922846168357, 84.50371598688248, 85.43219551848648, 85.8926009680988, 84.73326827916155, 84.32939815556858, 85.82486939312408, 86.19279425603223, 86.97284179045856, 86.97284179045856
95.8, 93.56417917315092, 94.19701844765427, 92.7234650492716, 94.02661431117201, 94.44830436228692, 92.37000732964523, 92.49734744206953, 90.89132020545969, 91.38670187835748, 87.72741136894467, 89.85310815886632, 90.91047527527796, 90.95801059912326, 92.26722967008801, 93.63451403812208, 85.88922846168357, 86.61956344255995, 86.07886130494165, 86.1200854771633, 84.73326827916155, 84.32939815556858, 85.82486939312408, 85.93885230420968, 87.59564624325563, 87.59564624325563
94.43, 95.74688012309268, 96.79166065740843, 96.61112182627265, 89.58760303074298, 89.3717869341261, 88.9730059204728, 87.80847273898318, 89.28724350092556, 85.25911298499855, 85.31058784389255, 85.2605724540793, 85.00796617836136, 85.81502052580596, 85.83094757540907, 84.75618479052292, 85.88922846168357, 84.50371598688248, 84.52382558249198, 85.8926009680988, 87.23012452610831, 88.04785614906241, 86.46582499147527, 87.03327218381062, 88.7809952128936, 88.7809952128936
96.8, 94.60453523550703, 93.57825482209236, 90.79176792944664, 91.22174243162291, 88.7516935614187, 89.30520748378873, 87.60019248640671, 86.98703030685115, 87.8048055440876, 85.90020989827713, 84.17834927434514, 85.78065505618885, 85.81502052580596, 86.68706892652459, 88.29602814244768, 87.05743681801638, 84.50371598688248, 84.52382558249198, 85.8926009680988, 87.12059654274574, 86.81201166004467, 86.74146353482637, 85.21446037373377, 85.48267298176614, 85.48267298176614
96.15, 95.67551166767414, 95.49722269383062, 96.29826418203945, 92.7767863678075, 90.7320204656659, 90.23043410209826, 89.53045139282992, 89.97969677866925, 88.30759786499303, 88.06929288106251, 88.10436379939024, 87.21589579318398, 85.81502052580596, 87.92431655036198, 87.50285044555376, 85.04579042419617, 85.9710830157505, 86.08117166044322, 85.8926009680988, 86.19043529167759, 84.32939815556858, 85.82486939312408, 84.98406826740512, 85.39025309538167, 85.39025309538167
97.22, 98.20383619586428, 99.99189575280317, 100.78955863549331, 95.9195287857533, 96.88855975532252, 93.60282759840736, 87.78405153557209, 89.60759284908598, 90.25326484643118, 86.85293618608651, 84.17834927434514, 85.00796617836136, 85.81502052580596, 86.93739684169552, 84.75618479052292, 85.88922846168357, 85.10119456573753, 84.52382558249198, 85.8926009680988, 85.95242414203413, 86.04933167307277, 85.82486939312408, 84.98406826740512, 85.24072224901794, 85.24072224901794
95.18, 96.86499217153711, 95.3088164269794, 88.5326250676014, 87.3018973079673, 86.51719312286137, 86.65091390358168, 87.6532765038272, 89.76938482199661, 86.05318653074765, 85.05974850970064, 86.635989116832, 85.00796617836136, 85.81502052580596, 85.6035578569227, 84.75618479052292, 85.88922846168357, 86.56575816658929, 87.8516740134136, 86.31843312559887, 86.45054595560747, 87.24536000378518, 86.9483679176282, 86.28760298446342, 85.97887998332594, 85.97887998332594
94.76, 96.18349572937382, 95.40782330785287, 94.56794015585714, 95.06563985364963, 95.52068817422636, 90.40542435394646, 90.46370888252929, 89.35009239200312, 88.95026041384455, 85.56936294701677, 86.43816099595108, 85.46342035763024, 85.81502052580596, 87.21908064245243, 85.10963124255744, 85.88922846168357, 86.61043015816756, 87.00963552921746, 85.85938343564939, 86.39731654310988, 85.13314134813781, 85.82486939312408, 86.5059306959935, 86.47625826207549, 86.47625826207549
95.64, 97.2036145430989, 95.03828915609411, 91.73752099805665, 91.3397009468462, 93.31776350310862, 90.67904215094383, 87.29998261570535, 88.80907102232936, 86.81103963359548, 85.67588852209451, 86.22845067631968, 85.00796617836136, 85.81502052580596, 86.7868804789853, 86.709496931849, 85.88922846168357, 84.50371598688248, 86.48005505584185, 85.8926009680988, 84.73326827916155, 85.94777487170592, 85.82486939312408, 84.98406826740512, 84.18839048711607, 84.18839048711607
96.19, 97.41781774460428, 99.37833754619662, 96.63934066746152, 97.2767805932258, 98.3839306358819, 98.33635824227294, 96.17519053212689, 95.50634565095851, 92.76485105558076, 89.78602945211146, 88.002857754093, 88.055088977145, 88.5562544549872, 87.88771842687552, 88.33396477940059, 85.88922846168357, 85.1163667155088, 84.52382558249198, 85.8926009680988, 86.85470673423274, 87.88174562631012, 88.45694345000031, 85.85676266726426, 85.89745710918855, 85.89745710918855
95.47, 96.9298616964592, 97.61659023782457, 98.35608342346548, 99.19228198653374, 99.45992752823591, 100.23330825023604, 101.03460985005522, 101.7831704989781, 102.63328237607158, 102.24405497141332, 101.29866982683036, 100.97009820126237, 99.65690728444817, 98.26748768952642, 98.86756088549355, 97.62321403243403, 97.93065666315249, 95.56685725718742, 95.2434567050021, 94.25125016775522, 96.26918782741397, 95.93067072688653, 95.6193880452575, 95.79715738103873, 95.79715738103873
95.59, 95.70538430441128, 96.5246895783613, 95.81489012911733, 96.09967007870034, 97.07931365082517, 97.85357194126713, 97.09180372150246, 99.01418471982338, 100.23567199329703, 100.12594259030787, 101.65572385159243, 99.63178962823113, 97.91348327764261, 93.3799975797899, 91.40071210193302, 91.63676174487556, 90.67471017509357, 89.42836014080838, 88.79180648653373, 88.05526044829155, 89.44041255662228, 88.1159768533251, 85.40559240434966, 84.18839048711607, 84.18839048711607
97.7, 94.7975139758404, 95.11446078886759, 95.11547690267957, 95.60806297479827, 96.31816402914212, 96.29651914806043, 95.43190561298661, 94.23474173298871, 92.54054753314104, 92.88023321497494, 89.46422955254616, 90.91619763469853, 88.37936854419011, 88.0077337023405, 88.0949088580278, 86.15498532896237, 86.35312190977723, 84.52382558249198, 85.8926009680988, 84.73326827916155, 84.32939815556858, 85.82486939312408, 85.6654975506037, 87.0461161110511, 87.0461161110511
96.89, 97.49524430944332, 98.35487012014745, 97.94773750881616, 98.51091166982233, 96.17083510385001, 95.46834120010845, 95.5302516015979, 97.74081648957522, 97.44346393184449, 97.71841836907761, 93.31141077066962, 93.34735128066949, 92.85706765403354, 94.94455515104777, 92.82624287339975, 90.66836425195122, 86.90926255524003, 85.79831338969429, 85.8926009680988, 86.90470316667643, 87.98709099517858, 85.16287096901009, 86.61780381181553, 84.18839048711607, 84.18839048711607
97.0, 95.54724904989662, 94.41309380383841, 92.9857667520794, 94.1268149151413, 95.45386951405186, 92.41243302372553, 93.00604298654264, 90.7217138237894, 90.08575312976524, 88.52958294823559, 87.36692270870444, 87.78483184666177, 87.24698497402889, 85.69451480505963, 84.75618479052292, 85.88922846168357, 85.67416512997855, 84.52382558249198, 85.8926009680988, 86.77047088117406, 84.32939815556858, 85.82486939312408, 86.5568914255496, 87.9063366592637, 87.9063366592637
96.06, 97.3994495684762, 98.20941986771145, 98.08722337624445, 98.40716555684907, 99.63866024812498, 93.01270545292888, 93.2948744025369, 89.82681546619298, 89.31797508803436, 86.76210318849925, 86.93957053846843, 87.79773820776272, 86.68052693948127, 86.56237200442536, 86.4425755357949, 85.88922846168357, 87.551204887557, 85.11867957032713, 85.8926009680988, 86.18365837242979, 84.32939815556858, 85.82486939312408, 85.43244148683634, 84.18839048711607, 84.18839048711607
96.11, 94.43998546964589, 95.428278778142, 94.70581322935506, 95.40917571025356, 95.41157232018323, 95.05625241344084, 92.99270626561449, 90.73898850179528, 91.50378957689509, 89.43231747780872, 88.67773950383307, 89.21147404592718, 87.35178387339877, 88.40408689023978, 89.18107051946049, 88.10080800864372, 89.0266498460086, 87.35241986917676, 87.51774343891779, 85.29985594569726, 87.30934939010416, 85.82486939312408, 85.70861211706168, 85.90726466523756, 85.90726466523756
95.28, 95.4663773168299, 89.96225845553272, 86.08734252350328, 87.25757023545606, 84.10957757803895, 85.48961899980043, 85.4829156262004, 84.10845337987462, 85.25911298499855, 85.67588852209451, 84.17834927434514, 85.0624307048092, 85.81502052580596, 87.75836383663966, 89.7546569883611, 86.46161951762639, 87.72126656681661, 85.40671284553021, 85.80990327177004, 87.66057959158644, 88.87985895920256, 86.8804731683772, 85.71281393068006, 84.18839048711607, 84.18839048711607
97.23, 97.58098866583636, 97.86842404453971, 95.7283675515398, 91.02445676868591, 92.14050660676915, 92.05622498130644, 89.75714637531783, 88.11162397841002, 85.2277083062239, 85.67588852209451, 87.76923915079779, 86.26207002993462, 85.42191870152308, 87.35085656969484, 84.75618479052292, 85.88922846168357, 87.98291030487003, 89.29189630869791, 89.27957965753235, 90.53880509112543, 91.27573622131854, 91.54620549202673, 92.8627017521517, 92.8536599939688, 92.8536599939688
95.58, 92.57417964164922, 93.30079478474617, 88.99242098877158, 85.25147394837903, 86.95735771760347, 87.01156315184632, 85.53035166532425, 88.02593987776888, 86.39400289776866, 86.90739303175911, 87.87273215560256, 88.11922450353401, 85.88077610308022, 84.31369739456835, 84.75618479052292, 85.17422025344028, 85.17920714589356, 86.34863190288867, 85.28571278610904, 84.73326827916155, 84.32939815556858, 85.82486939312408, 86.65993951788641, 87.78903703192843, 87.78903703192843
96.04, 93.56147055831494, 94.77900317594214, 95.88911286359995, 97.09626735582559, 98.96494465260649, 99.15417482584238, 99.95861058660465, 100.17820275139776, 97.13390054022773, 92.58429622981924, 93.10046580652296, 93.52496203965894, 91.44120886063324, 93.37768418955365, 92.2911053759802, 92.69131262674156, 94.20182999240855, 92.89184842037358, 92.41371021183477, 86.63498885324404, 86.65038840005245, 85.8054982006003, 85.95980859837681, 88.04532929037119, 88.04532929037119
96.76, 96.87810406173844, 97.48428958362597, 97.65012050156379, 94.35452753164871, 96.46664105953279, 94.18076260655103, 93.88997409695408, 93.19060367620288, 90.06212484953126, 90.6797277040809, 91.73160817038362, 91.76486148315875, 90.78972937454195, 90.74558373716556, 90.74448522171578, 89.57492935348627, 87.27740362605638, 88.48640384981827, 85.8926009680988, 84.73326827916155, 84.32939815556858, 85.82486939312408, 85.74711275906542, 84.18839048711607, 84.18839048711607
95.45, 94.46569237524805, 94.60007805311405, 94.61686160827998, 95.08860666543261, 92.7554578624385, 90.76861752301126, 88.41121959318409, 89.08090029686572, 85.09909340849775, 85.07367398023243, 84.17834927434514, 85.00796617836136, 85.60941501716111, 85.92933812745727, 84.75618479052292, 85.10346434545338, 85.90681969247343, 84.52382558249198, 85.8926009680988, 87.25877645310514, 86.92537622228565, 85.04008428481266, 84.98406826740512, 84.18839048711607, 84.18839048711607
96.78, 97.33373114794155, 99.62874200836004, 99.3969065706699, 99.51173472058802, 101.96448332431521, 101.33651076206327, 99.63423182144898, 99.68484000260347, 96.64522017258177, 97.33857007858973, 94.69183686161495, 96.20731514163981, 96.0277448313597, 90.96722322380349, 91.75493767273842, 90.93851675730151, 86.30870305606207, 84.52382558249198, 85.8926009680988, 86.06192611475406, 85.52793272491692, 86.28594979291636, 84.98406826740512, 84.18839048711607, 84.18839048711607
95.7, 91.53556933331119, 91.59168875771674, 89.32925479612571, 89.91949113388121, 90.35597329927185, 91.510553865392, 89.70608829396636, 90.7466237664187, 88.01632199526476, 88.01787072082597, 88.50774357641811, 89.87229773042297, 85.81502052580596, 84.31369739456835, 85.01018777292403, 85.07638576053029, 84.50371598688248, 85.635749803772, 85.55263939624201, 87.22507294661595, 87.8496775394258, 87.37110954524113, 87.33296154453208, 87.60774052244557, 87.60774052244557
96.75, 95.85767466580674, 97.58535862677428, 92.25861337294056, 90.69329517131693, 92.31608078596965, 91.1463132224605, 90.86784546711415, 92.72993303143382, 92.4145019197637, 86.65975914119113, 89.04573837678348, 89.10516095973547, 88.77521545913453, 89.82009848399231, 89.74657794621224, 89.8428848439226, 92.02054497023744, 93.91014077437278, 92.12009775241417, 91.3789210867689, 91.79508439021365, 88.1463263484845, 85.7711443772906, 86.06607296176995, 86.06607296176995
95.6, 96.74702648416189, 97.72937164146241, 97.3012368876952, 95.58450729214374, 93.87613266171174, 93.26934164810503, 93.82392315692965, 95.15293964589746, 93.56054806221769, 93.21564996494013, 92.58263145340581, 93.3187932598738, 91.40764328203936, 90.99876032901302, 92.0137572619548, 89.92084747959031, 86.14349867377382, 85.28594369214844, 85.8926009680988, 87.1353812091917, 86.81874982165289, 86.89782061194374, 84.98406826740512, 86.97477150370821, 86.97477150370821
96.81, 96.12051990382064, 97.93812313904841, 98.12581753191839, 98.18270595028353, 99.91672208086989, 97.4323254887722, 97.58417332499575, 89.5390424302092, 90.08917757028027, 88.3912929447661, 89.28532121330387, 89.7237163275528, 90.33071189213426, 91.15506944813194, 85.86268308093747, 85.88922846168357, 86.55637968464985, 85.95298571025614, 85.8926009680988, 84.73326827916155, 85.41398883678964, 85.82486939312408, 84.98406826740512, 84.18839048711607, 84.18839048711607
95.15, 95.70863435078002, 97.29645480611148, 95.65066419524739, 94.61570973338196, 96.21570943078173, 93.43646177871187, 93.19962158806642, 92.61500679979505, 93.7597974577771, 93.45879025997486, 93.94690041675861, 91.55489320936135, 88.8471122780675, 88.38031094137243, 88.37842334385664, 88.8260956689073, 90.47173799021336, 87.98585355534388, 86.19266482159476, 87.60443191786142, 87.1523507373483, 87.57149389539045, 85.50546273076, 86.11819347953845, 86.11819347953845
95.41, 92.54419363605263, 94.3394855257794, 94.28269784083592, 94.30603232799919, 91.76059097634304, 91.94457576954753, 91.65538079448001, 90.41316148982759, 90.37994580139879, 89.37299230343241, 88.09196337590623, 87.03507840739388, 86.7556410364795, 84.31369739456835, 84.75618479052292, 85.63074307592967, 86.49289858043656, 86.87721049138783, 86.11695748997711, 84.73326827916155, 85.25920550135625, 85.82486939312408, 87.32985555674921, 88.0778818734306, 88.0778818734306
96.44, 90.49696236656023, 90.10808580229372, 90.96756906574575, 91.33430009054634, 87.35585229376373, 87.54876205351461, 85.75927545986927, 85.68436400954445, 85.42585754660094, 85.67588852209451, 86.42226215655455, 86.8496810304483, 85.81502052580596, 86.5702540816598, 86.56734036525528, 85.86008638406396, 86.59591125125748, 87.29691452865295, 87.34170259205294, 87.7660245002436, 85.86019909300235, 85.51325997531384, 86.75658976423243, 85.97820962924962, 85.97820962924962
96.01, 95.93231332505208, 94.79040741465607, 95.53645976508568, 94.5700661226063, 90.05133236225649, 89.5774160517132, 90.84939400512336, 93.18093136898756, 91.21353063682366, 90.53567191041661, 89.69299886667616, 89.83173136527806, 86.80962324933311, 87.39572578493902, 87.26829075358086, 86.31199877905271, 87.61655012689846, 87.53594166398575, 88.02499038938542, 88.28420944654874, 88.03575881343562, 88.70992176564836, 89.87951944207673, 90.94196500983932, 90.94196500983932
96.09, 96.04007484357275, 95.8182112010462, 96.62946099717605, 94.66528934065342, 95.62683646416352, 94.99733637826013, 94.09476372397816, 92.61994589217795, 88.15572244006293, 85.67588852209451, 84.17834927434514, 85.39750291549318, 85.81502052580596, 84.31369739456835, 84.75618479052292, 85.88922846168357, 87.26138825376611, 84.52382558249198, 85.8926009680988, 84.73326827916155, 84.32939815556858, 85.82486939312408, 86.83598533609909, 86.51483862449957, 86.51483862449957
95.9, 92.92795908234008, 91.207529896162, 90.10511507865667, 88.6413056460901, 89.3733387279996, 87.55732484252624, 85.82112371613813, 86.80611056772358, 87.91130447305746, 85.67588852209451, 85.26377946057825, 86.05319589853626, 85.81502052580596, 84.31369739456835, 84.75618479052292, 85.88922846168357, 87.16020271804092, 86.78795054365992, 85.8926009680988, 84.73326827916155, 85.86862157602692, 85.82486939312408, 87.32951464694963, 89.77514457264138, 89.77514457264138
96.6, 97.98143594569933, 96.88793952669246, 96.18768990815205, 94.58815702086582, 95.62769761124257, 94.57375088548008, 92.89103080427861, 93.45943072784262, 93.55667277983586, 94.21019596841049, 96.65743338521922, 95.38020168901687, 95.20606388869187, 96.35635371961483, 96.47185894905196, 92.66618627363118, 94.23735411253996, 96.36904514432463, 91.83243137172708, 93.49485671465492, 95.23537141893492, 95.59441499027936, 95.99917013704507, 96.72294834687864, 96.72294834687864
95.42, 95.81189755159595, 93.71001203646068, 93.8701214529643, 92.54475899272099, 91.85366875175976, 91.14166734651154, 92.01033821740339, 94.23017361605751, 93.64499771404033, 92.95405480720889, 94.94078259135313, 94.85406087134245, 95.48761506924427, 93.11549637012595, 93.05208259691199, 92.98314432773655, 94.21139303118662, 94.17051283553548, 90.62933951065177, 92.42018741316615, 93.44740516317518, 91.8688065807906, 92.60376661828974, 93.60293768260898, 93.60293768260898
96.32, 95.33007760746318, 93.32003838091994, 90.91589675960381, 89.29331714069245, 91.83871305374869, 91.77249718247192, 91.80183394115872, 92.26118369054981, 86.79525811266271, 85.93846101708516, 85.9492496111093, 85.00796617836136, 85.81502052580596, 85.01036969102456, 84.75618479052292, 85.88922846168357, 84.50371598688248, 84.52382558249198, 85.8926009680988, 84.73326827916155, 84.32939815556858, 85.82486939312408, 85.44161700024225, 87.20726516450061, 87.20726516450061
95.36, 96.37374518258235, 96.39077740987432, 94.01554158029313, 93.18726135376568, 94.57004820776508, 95.33622738148829, 91.34362912896579, 93.21208719142346, 91.83129861581314, 88.03414959740174, 89.5797872926716, 88.43651819015822, 85.81502052580596, 84.31369739456835, 84.75618479052292, 85.88922846168357, 85.84558970698157, 86.81121521345818, 85.96865971787832, 85.1642887042664, 85.97375244738082, 85.82486939312408, 86.11557980320347, 87.59321848593625, 87.59321848593625
95.74, 96.41923642435822, 95.23849131506897, 95.01654201578127, 96.00044635198918, 96.86119326947271, 95.00360802699093, 94.14209942065915, 94.72676875556313, 93.08048448129104, 94.00170979429464, 95.21367623083876, 92.20162697361617, 91.96991728906843, 92.7667235620597, 85.0589835076225, 85.88922846168357, 84.50371598688248, 84.52382558249198, 85.8926009680988, 86.98756485059565, 88.1954160537792, 87.3400190147725, 88.05434953267876, 88.20616514816521, 88.20616514816521
96.37, 95.26258855433937, 97.75245237863348, 97.94664597142358, 98.65134487759529, 99.1076605526509, 98.56037699024321, 97.1952695892847, 96.01225948817019, 96.42806730997646, 88.21214783559549, 86.9557029625631, 87.64892084446666, 86.32066508978373, 88.08493637204475, 88.4768990798598, 85.88922846168357, 84.50371598688248, 84.52382558249198, 85.8926009680988, 84.73326827916155, 84.32939815556858, 85.82486939312408, 84.98406826740512, 84.18839048711607, 84.18839048711607
95.85, 95.8718512073336, 98.11504745520014, 93.18868590824512, 91.76863743461472, 93.77091154305931, 93.58916888939416, 94.0638296818393, 89.78480504532227, 89.45840949118993, 88.6156214632932, 89.55136781963945, 87.82088637051277, 86.79849050724472, 86.8242509084945, 85.7655819152244, 85.88922846168357, 87.42563308572687, 86.67579645817175, 85.8926009680988, 86.673321379958, 85.22130011397039, 85.82486939312408, 85.7817857024522, 87.29508747656776, 87.29508747656776
95.99, 96.3879646759013, 98.52726248169556, 96.69941755083514, 97.20936359165175, 97.79354530390974, 97.38700656206652, 96.41856350505576, 95.3390073729916, 96.18191666143105, 91.97873065317364, 93.6814110461695, 93.08625951644005, 93.71723943373945, 91.20409940283662, 90.68453515052718, 90.29296914908394, 89.66668825834705, 89.67828532824771, 85.8926009680988, 86.36330274490982, 85.43850963942238, 85.82486939312408, 87.2471716642721, 86.89294857151653, 86.89294857151653
97.01, 96.9607073100669, 99.26814525702558, 94.72737659031597, 93.95483771524033, 92.16206551178851, 88.14895832469837, 89.2763655511812, 89.18811767546994, 87.8595912325457, 85.67588852209451, 85.63808963049053, 85.00796617836136, 85.81502052580596, 87.92152867341535, 89.08254871623839, 88.44759611037668, 89.40938689413605, 89.43239021496146, 85.8926009680988, 85.29117673151046, 84.32939815556858, 85.82486939312408, 87.05548223290373, 89.44548746503143, 89.44548746503143
96.55, 96.17792276601831, 92.63858876752529, 87.9869097032607, 85.13042957814325, 84.10957757803895, 85.48961899980043, 85.4829156262004, 84.10845337987462, 85.25911298499855, 85.67588852209451, 85.88361558243894, 85.00796617836136, 85.52431272536084, 84.31369739456835, 84.75618479052292, 85.88922846168357, 84.50371598688248, 84.52382558249198, 85.8926009680988, 84.73326827916155, 84.32939815556858, 85.17358500004359, 84.98406826740512, 85.64431868382795, 85.64431868382795
95.3, 95.94967065486642, 96.52411226268359, 96.55155221055854, 95.77376843212288, 94.6834743616762, 95.66251142748985, 94.58243378637651, 93.70855214555635, 93.72326675318102, 90.97643416472063, 87.9347254945542, 85.17548551270224, 85.81502052580596, 87.40886221003613, 86.95131339406656, 85.88922846168357, 87.37156577629958, 85.7954053069608, 85.8926009680988, 86.39430692234883, 85.70140078468201, 85.82486939312408, 87.52805304257808, 89.57646774322704, 89.57646774322704
95.8, 95.93263484542395, 95.85852575677089, 96.42201251686006, 95.49444674623548, 93.42316178014248, 90.90087182668536, 91.9324108646395, 93.67670700566163, 94.66508823516658, 92.19132650734787, 92.36696727469639, 90.95330875889876, 90.427261889232, 90.22630998306649, 91.05847580678548, 89.06127741154975, 91.15384165821605, 90.033721584409, 90.91552105209173, 86.29154717895621, 88.15610347936943, 86.48306678319504, 84.98406826740512, 84.18839048711607, 84.18839048711607
95.05, 91.12425774936938, 93.01716868842641, 92.59244198079222, 93.0050687187648, 94.64634286525867, 94.5996487478326, 91.16589982226012, 93.00074293623, 92.28234727614651, 89.96196847047554, 88.79622788571477, 89.74692998130573, 87.85374744922048, 88.44940918970826, 87.6758694690816, 86.32763030435333, 87.82991171282413, 86.48398964283122, 85.52105455222798, 85.87548720849435, 85.89913613829054, 85.82486939312408, 87.32912922265666, 86.16684610824203, 86.16684610824203
96.77, 97.25056707747278, 97.27409149403452, 89.62191669630633, 88.21708825681847, 85.22259369999966, 85.48961899980043, 85.70626747221402, 85.71023727622271, 85.25911298499855, 85.67588852209451, 84.17834927434514, 85.00796617836136, 85.81502052580596, 87.30150015837782, 84.75618479052292, 85.88922846168357, 86.8396460970287, 88.0574777508405, 87.75487379134246, 86.06440957405526, 87.6293562102165, 87.95950885096762, 88.09043107238432, 87.19665384016693, 87.19665384016693
96.62, 93.13963511459967, 94.75320008571617, 94.39564146059384, 92.61892005615188, 94.15475278464963, 92.78171866454456, 93.16595274588276, 94.18298450651795, 93.5304180551117, 91.20010300806423, 90.11625575031326, 90.30202638380133, 89.13789421948117, 90.19581368449764, 91.6690386455315, 89.1481057090863, 89.92439271265388, 89.5350771762479, 86.11747017373943, 86.28909518703517, 86.16488120542886, 85.39060957110932, 86.35294154057883, 87.38869743558325, 87.38869743558325
95.48, 91.35137991954022, 89.76583811993791, 88.26022688211712, 89.59564588257918, 89.98049958280873, 91.07610714191132, 91.95344669385393, 89.89238527515545, 90.83184585704399, 88.82894031489411, 84.17834927434514, 85.00796617836136, 85.81502052580596, 86.26657257810518, 87.91284305172384, 85.34104314941108, 85.98742283944252, 84.52382558249198, 85.8926009680988, 87.51926180612482, 87.48168216779756, 85.82486939312408, 86.23498939932762, 88.19138683028177, 88.19138683028177
97.09, 96.06986262803069, 93.29365394656985, 92.70513104204542, 92.31450623066624, 92.34285399562043, 91.73504663566641, 92.36889724799059, 94.50068286635691, 94.78390415911443, 93.47089971284574, 91.80663313195434, 91.55763264858007, 87.18560683557449, 88.55113665357607, 88.5136636075519, 87.69820979279044, 88.88703108438567, 89.51539299831465, 90.10489062145153, 84.73326827916155, 85.72122459163488, 85.82486939312408, 87.54184609203239, 84.18839048711607, 84.18839048711607
95.42, 97.10526142029249, 98.38761695368169, 95.57177815323566, 93.33137729121123, 90.86426488506615, 91.3894228963753, 89.90648051113463, 88.21040630803826, 86.15552107521987, 85.58100411291163, 84.17834927434514, 85.50792576541701, 85.9408693673324, 84.31369739456835, 84.75618479052292, 85.88922846168357, 86.52697323768082, 84.52382558249198, 85.8926009680988, 85.00242141410008, 86.30120912923826, 85.82486939312408, 84.98406826740512, 87.19568074543744, 87.19568074543744
95.44, 94.97592959534148, 97.12880650650109, 91.95275023190794, 92.57652281627641, 94.66650464959132, 93.59917322481132, 92.33823917529375, 92.94345508496974, 93.38329151820444, 93.86131020282876, 94.93574421310036, 94.36596272509055, 94.66115172368934, 96.15424736625914, 97.3845975221282, 95.34857536756977, 91.17177564313822, 88.85587860556704, 88.19360931203056, 88.47019965960581, 89.64276685950021, 86.55036695803582, 87.57799818358909, 88.66980263277277, 88.66980263277277
95.31, 94.68734250587983, 96.26074605713997, 93.72290768454583, 93.2141957014772, 95.55102898939816, 95.74095734524776, 92.46183242766553, 89.33359997358184, 88.53724690861148, 85.67588852209451, 84.17834927434514, 85.00796617836136, 85.03028331793408, 85.67516113945646, 86.81797844238953, 85.86177647303903, 87.88532934581656, 84.52382558249198, 85.8926009680988, 85.19440602994024, 86.55341557480136, 86.79294650199475, 86.46399229366588, 87.48648381585322, 87.48648381585322
95.27, 96.09613381109344, 97.69674078671183, 97.42414790780042, 96.46614703296281, 96.44775434571865, 96.55720748865986, 96.16084204593827, 96.83982930203565, 95.81608026164072, 95.42229009749462, 97.1348891971039, 96.86977464153715, 90.63155977946596, 91.88361953282933, 91.07089497222796, 91.53586648412563, 91.4459249941916, 89.38614086146222, 89.95386887192619, 88.00884338092297, 87.12512580073435, 87.29950214907639, 88.18574507164804, 90.29980356235343, 90.29980356235343
96.67, 96.14551895868955, 96.57240452106964, 96.19630726977908, 97.27770401620651, 97.79884425417573, 96.33898873281495, 94.26708781438981, 95.2681989579183, 94.19805018483493, 94.33466337765572, 95.74608036347952, 96.4052077407115, 95.34668629530111, 96.64719580267484, 96.0158128685533, 94.63253683032093, 91.16933360770162, 91.94442588458945, 90.61336101458024, 89.96344971376143, 90.75071501120576, 85.35889494671147, 84.98406826740512, 87.03987974838732, 87.03987974838732
96.4, 96.46884505569786, 97.30345776935032, 96.41288392076609, 96.32202634845655, 93.18966168285273, 90.87647450700472, 90.26108080473091, 91.48525191344683, 91.11598152643352, 91.24235786671419, 92.18637449095893, 91.03000028200182, 89.77819188343331, 91.7822488934839, 91.58410390645747, 90.30072066991147, 91.11508839104255, 91.71252004429603, 91.89574252445213, 91.81167439147448, 91.07758689074049, 89.70889994928073, 90.2015728135646, 87.71264314476292, 87.71264314476292
96.97, 95.675639036544, 97.72319089853099, 93.6041760125096, 85.75883801503315, 86.9924618998793, 86.67017834993328, 86.94475353162838, 84.10845337987462, 85.25911298499855, 85.67588852209451, 87.20354317288701, 87.88222666176904, 87.5310670795291, 88.83061926720383, 90.06893124864274, 90.00278304801988, 87.79815959923982, 87.54527873762765, 86.17610167307524, 86.71439018298652, 84.32939815556858, 85.82486939312408, 85.64568582651971, 87.78951420533772, 87.78951420533772
95.83, 94.60940045610783, 94.48824260840365, 94.3682831645213, 93.80983104623121, 94.55468090859392, 95.46345829336695, 93.84907864872537, 95.27097112313437, 91.83081493164333, 87.26322973316641, 89.50051029155145, 85.26006942901554, 85.81502052580596, 87.14404095654243, 87.75840195140323, 87.19858748912691, 86.79689194038004, 87.95996353223366, 86.2597297315623, 84.73326827916155, 86.52125464573466, 85.40748683269983, 85.16309683913924, 84.18839048711607, 84.18839048711607
96.47, 96.77028558744786, 98.45805406948705, 95.92977375912656, 91.20178109332463, 93.55766329263321, 92.76998749705744, 89.91495201016095, 88.47196846147037, 88.56074217029588, 86.67001155943589, 88.72271122406647, 87.86722871891783, 85.81502052580596, 86.77857230377681, 84.75618479052292, 85.88922846168357, 87.21745391099353, 87.14106823844013, 86.88025568936489, 87.82154186734593, 87.53303978501188, 85.8130916950055, 84.98406826740512, 86.02668583055616, 86.02668583055616
96.51, 89.00732004454501, 90.22928260128312, 88.11412771341384, 87.75040498316305, 86.12497021189424, 85.48961899980043, 85.4829156262004, 87.24295140044876, 87.87682293528843, 85.67588852209451, 87.45958928574039, 85.4585953399492, 85.81502052580596, 84.31369739456835, 84.75618479052292, 85.88922846168357, 87.17094412938602, 89.04545549701034, 88.55119948069168, 89.24881624179567, 88.78247854561853, 87.20576892278878, 87.0393008501335, 86.52387031454552, 86.52387031454552
96.02, 95.16310386722404, 95.76765171251778, 88.81133965997455, 85.48188450605723, 86.87637670592395, 86.51660746586748, 85.4829156262004, 87.72193495652236, 88.06473469965142, 87.64072761932843, 88.44581626385049, 87.46534561173466, 85.81502052580596, 84.31369739456835, 84.75618479052292, 85.88922846168357, 86.54536822965659, 88.13750881792997, 86.60829994677476, 84.73326827916155, 84.32939815556858, 85.82486939312408, 84.98406826740512, 84.18839048711607, 84.18839048711607
95.26, 94.7101004395841, 94.54113983079395, 91.19132089392288, 91.96888933002666, 92.42792465068041, 86.98944355408116, 85.4829156262004, 86.25882952741892, 86.6840812765402, 85.67588852209451, 84.17834927434514, 85.42701155553216, 85.81502052580596, 84.31369739456835, 84.75618479052292, 85.12031792045124, 85.054668511452, 85.21338577360672, 85.8926009680988, 84.73326827916155, 85.78174729010733, 85.38393088523301, 84.98406826740512, 86.15046539304944, 86.15046539304944
95.04, 93.22529754228913, 93.32112315723936, 91.03273291185047, 91.57318151360585, 91.03700029573992, 92.12298046269775, 91.2022045347281, 93.44993078865917, 91.67643389727105, 88.93544549300003, 90.43089009409005, 91.78937780737371, 92.27095044563262, 91.40542560584107, 91.9050817841555, 91.49199186983104, 93.3702605160878, 93.90558687012515, 91.83576228617476, 89.55939523519994, 87.14247904530144, 85.133646715587, 86.10000256527931, 85.2843844094779, 85.2843844094779
95.42, 93.88512746831337, 95.3658297006256, 94.78623167471865, 95.16474883401307, 93.21634300855494, 93.86785577339779, 91.01806825577648, 91.18739339351734, 88.63257781821858, 88.36980621188125, 88.04762289078013, 85.00796617836136, 85.81502052580596, 86.84761358530362, 87.63446680887915, 85.88922846168357, 87.00077956803631, 87.74542345582712, 86.64001142533672, 85.44966685598217, 87.33244548753323, 87.20161661025564, 86.69840999737119, 87.88370887786212, 87.88370887786212
95.53, 96.59515370145782, 99.04930428800739, 96.86652206937592, 97.90646305171173, 98.94385094871467, 98.68920196136978, 98.79921643918927, 99.94139107122015, 101.0881395056439, 97.98932154936413, 92.65628850234955, 92.09555361766243, 91.11694158649972, 89.9234007251649, 90.87990311397398, 89.0668341394846, 87.39807755483915, 86.0700433676723, 85.8926009680988, 86.91713201403545, 88.12640174245752, 89.01825075910035, 89.59258804780373, 87.89465175867184, 87.89465175867184
95.31, 93.62194483711751, 91.27296583859997, 91.1731612709232, 90.86909926142238, 89.66284020833712, 85.58837955206054, 86.68668164051445, 86.74758299704848, 87.52751416787395, 85.8083107629061, 85.94192411722725, 85.00796617836136, 85.81502052580596, 85.32751888105616, 86.60240413005137, 85.88922846168357, 84.50371598688248, 84.52382558249198, 85.8926009680988, 85.2405502948975, 84.32939815556858, 85.82486939312408, 86.71101724438233, 87.48683680529759, 87.48683680529759
96.71, 95.22632114010885, 96.85284558699153, 94.52876573755107, 95.16859990687333, 93.51349366763846, 92.49928617344456, 89.39653692648166, 88.32122634703885, 88.10049103574441, 86.33694664174295, 84.17834927434514, 85.00796617836136, 85.81502052580596, 86.43743563034946, 87.53283057036705, 86.20746129161171, 84.50371598688248, 85.83426869115763, 85.8926009680988, 84.73326827916155, 84.32939815556858, 85.82486939312408, 84.98406826740512, 84.18839048711607, 84.18839048711607
96.33, 95.99156605273203, 97.2028058408379, 95.18315199194551, 90.8806508891481, 91.78594072080526, 91.22078419147775, 87.9226303836242, 85.48849669921273, 85.25911298499855, 85.67588852209451, 86.87587706395139, 87.39635444184404, 85.81502052580596, 84.31369739456835, 85.370911807926, 85.56174257442554, 85.86132235923527, 85.84228316632193, 85.8926009680988, 86.02695318873728, 88.29218003279423, 88.68149875227213, 86.39631675437239, 84.18839048711607, 84.18839048711607
95.85, 90.3355786390002, 92.3983089081813, 90.94075491381514, 90.04008784943554, 88.12401585088372, 85.48961899980043, 86.03246447003404, 87.55916705297814, 86.1756170246162, 85.98305628408117, 86.90637577703706, 85.99309055867508, 85.66977564395745, 86.95192601300953, 87.26716633568982, 85.88922846168357, 85.61381315095636, 86.19046709756442, 85.8926009680988, 84.73326827916155, 84.32939815556858, 85.82486939312408, 85.59877107499156, 87.66179964884705, 87.66179964884705
96.94, 95.61518440459508, 96.14684467909568, 96.82048579620212, 95.25901180138717, 96.58225930146534, 94.68602107010948, 94.3255123521645, 95.47786014270575, 92.19184538322376, 90.14710392432714, 87.83139973940382, 85.00796617836136, 85.66014893257949, 87.94765851013356, 89.39269176101989, 85.88922846168357, 87.25900376794108, 87.21399794333462, 85.8926009680988, 84.73326827916155, 86.81663526572741, 86.57946379436919, 86.28317430795127, 87.99058539831628, 87.99058539831628
96.85, 96.75419958404053, 98.25895197420087, 96.15755259159137, 96.39222100554991, 98.35120656284735, 98.60020032346385, 96.41979605403442, 96.99641137847344, 97.21442323906459, 96.2103432231555, 96.34882560744414, 97.59023268008946, 96.62432277322111, 97.57895796686985, 94.97548579604491, 95.05116668066627, 92.72496459778887, 90.41287411783756, 89.5907116046764, 87.33682552207317, 84.32939815556858, 85.82486939312408, 85.46827319201005, 85.27924334466681, 85.27924334466681
96.06, 93.66970616263416, 91.19931981102026, 88.29494957872951, 88.3818146577959, 89.09315992252837, 87.40411358897866, 85.4829156262004, 84.10845337987462, 85.25911298499855, 85.67588852209451, 87.92140203649501, 85.00796617836136, 85.81502052580596, 84.31369739456835, 84.75618479052292, 85.88922846168357, 87.63387283630392, 87.19133660541117, 86.63695559509758, 85.6934930642022, 86.3785557267551, 85.82486939312408, 84.98406826740512, 86.62611035441948, 86.62611035441948
95.4, 94.46386329222513, 94.89293358326998, 90.62005464868773, 91.05529231200995, 93.0390111323217, 93.08891144871383, 93.05765180073102, 92.73580575100625, 91.63626456458138, 91.55215852253937, 89.04073518352479, 87.66357305019855, 87.15206821339561, 88.26460740263586, 89.71437845080958, 90.16624994738599, 89.05745434148557, 89.12959763306341, 89.63602210105346, 88.30800781636374, 90.3263064556049, 88.46378998861432, 86.0403786098637, 88.1030676755553, 88.1030676755553
96.74, 96.37235901960732, 95.89060781309934, 96.43201216844295, 97.13019174585433, 95.34437539469538, 95.98417528112354, 94.97754719759875, 96.2255093742405, 95.91569221262606, 95.48302057457379, 95.319884322465, 90.15857267502713, 89.3425087250301, 89.31859471709731, 88.932198469463, 89.3944668260534, 91.12816147979551, 92.39146910731345, 92.03700182497458, 92.8798049130427, 93.71834039000241, 92.35131706989876, 88.14548216879373, 86.37069911982046, 86.37069911982046
95.79, 96.35198978110127, 95.42917339494527, 93.8161017423996, 86.59300988595965, 85.8749324768447, 85.48961899980043, 85.4829156262004, 87.20514035358367, 85.29547731945704, 85.08030342035697, 84.17834927434514, 85.00796617836136, 85.81502052580596, 84.31369739456835, 84.75618479052292, 85.88922846168357, 87.05428736527192, 87.00326519294494, 86.87780489599645, 88.53878113400432, 90.25351186244507, 88.94359642242547, 87.17940622020225, 87.81104761072416, 87.81104761072416
96.76, 97.29212216120153, 98.1135679667342, 97.9309895901865, 98.15754341402082, 96.24150203120823, 96.3630226423727, 97.2874203200512, 97.85259598859666, 97.32308690392762, 97.8035024994233, 91.28666950054985, 88.91567657414244, 86.80660490852989, 86.72567006285902, 87.4086814850956, 85.88922846168357, 84.50371598688248, 84.52382558249198, 85.8926009680988, 85.71788819627209, 86.30414458665929, 85.82486939312408, 87.39222523965688, 88.15220320650876, 88.15220320650876
95.97, 95.87357466507206, 90.74197784218688, 89.24199683528968, 90.0823358303575, 89.71385942769328, 87.57786514424309, 85.4829156262004, 85.71587374559208, 86.90948901706749, 85.67588852209451, 87.43906756633709, 88.27297584884826, 86.94289516790823, 86.58950391146584, 85.94692072578384, 85.88922846168357, 87.76901264391277, 89.2163038412404, 86.71484067364018, 84.73326827916155, 84.32939815556858, 85.82486939312408, 86.92457305080765, 88.07838619305014, 88.07838619305014
96.27, 96.54774951200666, 95.65352716849894, 93.76201190830808, 93.40336579013226, 94.13764738369592, 93.17152657288108, 94.03715431054925, 87.65437595441428, 86.51087352759217, 86.36247274622829, 84.17834927434514, 85.00796617836136, 85.81502052580596, 84.31369739456835, 84.75618479052292, 85.88922846168357, 84.50371598688248, 85.97069250880519, 85.8926009680988, 87.09919448583322, 87.11095921621052, 86.18299411518224, 87.73284438375536, 85.90685188818652, 85.90685188818652
96.81, 94.22377900680483, 92.51809389001276, 88.96177815042934, 86.34324566753594, 88.964079478997, 86.42970788246336, 86.94498166149306, 88.49004504060368, 87.34214780050095, 88.32195298974004, 87.4147886411803, 88.33020456670891, 86.92414250172781, 84.31369739456835, 84.75618479052292, 85.88922846168357, 84.50371598688248, 86.3732718375439, 85.80779995977024, 85.88028019818516, 85.19460853089575, 85.82486939312408, 84.98406826740512, 87.38293595552848, 87.38293595552848
95.93, 94.53338263667318, 93.97692438832787, 93.07503480134147, 90.13048495926134, 92.3608956613668, 93.0197755612562, 93.37110119279735, 90.70572783144924, 86.2048851002515, 85.67588852209451, 86.96109931206229, 87.2495895452509, 85.78690955710417, 84.31369739456835, 84.75618479052292, 85.88922846168357, 85.79338498206856, 86.11218496338887, 85.8926009680988, 85.57513095783773, 85.81102238298374, 85.82486939312408, 85.45679186591096, 84.18839048711607, 84.18839048711607
96.27, 94.85046477999343, 94.46608537441742, 93.2994312295527, 94.7255237522538, 97.15186853104541, 98.38219715190714, 98.33712143838488, 98.35032057743311, 98.71730295038022, 97.71158078772966, 91.04951049888005, 91.55987226173032, 90.17957223130117, 91.88265872066076, 91.88119684706368, 91.9336795165604, 92.57433189435105, 91.43261627760381, 85.8926009680988, 84.73326827916155, 86.61522885466663, 85.82486939312408, 87.14436524545219, 86.62680866010783, 86.62680866010783
96.34, 97.27916659485427, 98.3565858052862, 98.20908057731498, 98.22247262784889, 99.6510411449123, 99.12564109002426, 99.75616359237796, 100.77132096106786, 98.49658713058028, 97.16048921089457, 97.4950353646117, 95.29400046532689, 93.52760589408577, 91.94686097711676, 91.34445877265067, 90.02150927772564, 90.48367406641633, 88.79445056730464, 87.69565227924086, 87.15981014660755, 89.03579652094756, 88.46942340504513, 88.70966808262618, 87.34974721509475, 87.34974721509475
95.9, 91.35543003913601, 93.0276730422639, 90.21600766812844, 89.85849213574944, 90.7771543654835, 89.86657202322468, 88.83080737224783, 90.12286958675688, 85.75823121684962, 86.37108986745486, 86.63894099789114, 85.00796617836136, 85.81502052580596, 85.5934942964515, 86.72838313686987, 85.88922846168357, 87.56938222547173, 88.86571073651395, 87.52222025945541, 86.3219297972612, 84.32939815556858, 85.82486939312408, 85.75657840002462, 84.18839048711607, 84.18839048711607
95.33, 96.21037047079408, 96.88000827142153, 96.42865259896796, 96.11726124625415, 91.74433384758423, 92.46350429707948, 92.29338226253701, 93.4170939975047, 94.67674222655326, 93.25808139781788, 92.13617131729744, 93.58749034598331, 87.19473923453808, 86.79427020969588, 85.777792372268, 85.20196940694169, 86.72040899302158, 84.52382558249198, 85.8926009680988, 84.73326827916155, 85.19739501703943, 85.82486939312408, 86.39598169357886, 85.14451183470155, 85.14451183470155
96.64, 92.68238961622963, 91.11888743608694, 89.57517219731199, 89.62569014177035, 90.33673012406716, 90.6402870024087, 91.6121029549337, 92.23952780439372, 92.69518646508831, 91.7213204947915, 89.17700477404503, 86.05502147776332, 85.81502052580596, 85.52579227182714, 87.21693518990762, 85.51394308826113, 86.30638654749453, 86.60606113946146, 86.69500794315184, 85.71742972841781, 84.32939815556858, 85.82486939312408, 85.05831793412779, 84.18839048711607, 84.18839048711607
96.02, 97.07148386342632, 97.72725095179219, 87.20913908887678, 86.77817534729479, 88.79396376756435, 86.41858050535801, 87.34088856996742, 87.56750012125556, 87.52044865265474, 87.4326306560912, 89.31961935369175, 89.1923472080805, 88.28634188988059, 89.80562507427295, 89.97006105996957, 89.30779375369357, 86.15773325055947, 87.16073862887639, 85.8926009680988, 84.73326827916155, 85.9517926119924, 85.82486939312408, 84.98406826740512, 86.51192992004522, 86.51192992004522
96.09, 94.66160744306713, 94.25100538274944, 91.39524335091208, 91.1402085598953, 91.9286982768258, 88.08999785282624, 86.96488290702732, 89.27826417746574, 87.90440744096963, 85.67588852209451, 87.17806279989348, 87.83073750195604, 85.5786615234545, 86.81010343836314, 87.17027914815242, 85.88922846168357, 84.50371598688248, 85.14295842014343, 85.8926009680988, 84.73326827916155, 85.75254368252627, 85.82486939312408, 84.98406826740512, 85.95074318375934, 85.95074318375934
95.54, 93.52100946321917, 95.06762456790435, 95.20182575421549, 92.83827412991924, 93.14614841027772, 92.43597633061579, 92.62385440483332, 94.44049175169602, 93.33221140716913, 90.80286619316381, 86.41996062734529, 87.49661197269664, 86.27043703034602, 87.54019819191289, 88.64649953527237, 86.70092429140381, 85.55142245894079, 85.843984807401, 85.8926009680988, 87.11256285920362, 89.34674096667452, 88.33636322320098, 86.51132430185879, 85.91468350516843, 85.91468350516843
96.08, 96.59479529665661, 93.51216764421058, 93.26157468959997, 91.75407613103413, 89.3137595331083, 88.02968391635159, 89.21292386313148, 87.54506847333953, 88.0541880083728, 87.41171671479701, 89.40994232434467, 90.49128848182907, 90.8152869617129, 92.87531016228921, 92.71724498334976, 91.84492076421029, 93.99968643256383, 93.63002935043947, 93.46675089725355, 93.73698371434344, 94.27273037415655, 90.64471671168317, 89.45892435719551, 90.21959870573222, 90.21959870573222
95.84, 96.44556790181201, 95.67607681118614, 94.96164995218437, 94.92829822898706, 97.44418390533133, 98.43576582130483, 97.32560517177319, 97.13896669435391, 89.0459283094593, 85.87179364175451, 84.17834927434514, 85.00796617836136, 85.81502052580596, 84.31369739456835, 84.75618479052292, 85.88922846168357, 85.92747387559581, 84.52382558249198, 85.8926009680988, 84.73326827916155, 84.32939815556858, 85.82486939312408, 84.98406826740512, 86.50422127655224, 86.50422127655224
95.86, 96.93210855661137, 96.25092190166423, 96.2161416375152, 94.90635226429492, 95.90267395328779, 94.7752539295138, 94.39133672859614, 95.24354746983103, 96.37203548558819, 94.57677457219692, 93.4151956120307, 94.98897459184725, 95.70667151576, 95.82008513830655, 95.05503956825366, 93.1461985103932, 93.97888794170221, 93.27049399514604, 88.65592647385247, 87.60241351790026, 84.32939815556858, 85.82486939312408, 87.21496584271995, 88.74184951016494, 88.74184951016494
96.92, 98.12365897126837, 93.30349070147517, 87.83267092140119, 86.36726735004056, 85.8177018101952, 86.04312781532936, 85.95837966161325, 86.88522482514816, 86.38205050093708, 85.67588852209451, 88.06613533300556, 85.90543709869083, 86.03910295905756, 86.54604494751722, 87.0690692960822, 85.88922846168357, 84.50371598688248, 84.52382558249198, 85.8926009680988, 84.73326827916155, 84.32939815556858, 85.82486939312408, 84.98406826740512, 87.26283557613482, 87.26283557613482
94.45, 93.10590122363847, 93.57642568746007, 90.58896130633316, 92.02469488117909, 91.00018998659934, 91.92332984241219, 92.26838021245047, 91.32929660794163, 85.79797904187602, 85.67588852209451, 85.44222045479296, 85.00796617836136, 85.81502052580596, 86.40440125280246, 84.75618479052292, 85.02382110706071, 86.5182385570437, 84.52382558249198, 85.8926009680988, 87.1406396175333, 87.83750124465111, 85.13080618364546, 84.98406826740512, 84.18839048711607, 84.18839048711607
96.28, 96.43542808858678, 92.76128661031258, 92.1418755833739, 92.61352725139841, 93.40610854478643, 94.08074942988898, 91.40548136477277, 91.12739066827538, 87.49834386921796, 86.13671898543754, 84.17834927434514, 85.00796617836136, 85.81502052580596, 84.31369739456835, 84.75618479052292, 85.88922846168357, 84.50371598688248, 84.52382558249198, 85.8926009680988, 86.95691937904459, 88.30860603367351, 88.46912032055081, 89.48503191639429, 90.26024650123784, 90.26024650123784
96.41, 96.4488583993718, 94.56860708917023, 94.58022120337536, 94.92726329662305, 95.56949433528803, 95.61715247114715, 89.57789222459718, 91.1969275130394, 90.75824896379883, 89.04864993655599, 91.066057098295, 92.0591433533344, 92.6617624640671, 93.30312304042359, 88.4058409864435, 86.51114320516096, 84.50371598688248, 84.52382558249198, 85.8926009680988, 87.12149225902635, 86.27848453622333, 85.53944780123422, 85.59656230778019, 86.05056967728031, 86.05056967728031
95.82, 97.49655185853885, 98.69666738047248, 96.43872713236296, 96.79862704037104, 95.0025419658848, 95.40144199140262, 95.42294245950313, 96.89786924566874, 98.21118594191836, 97.95863367795658, 99.18925111797547, 100.23054187460977, 100.00062008913332, 100.69680496409335, 94.52301655388497, 89.80771005354813, 87.4144110574396, 84.52382558249198, 85.8926009680988, 86.41799059503549, 84.32939815556858, 85.82486939312408, 84.98406826740512, 85.59995340768512, 85.59995340768512
96.84, 96.85298527186838, 96.53963140486685, 92.99009949380127, 93.50483407963732, 95.56221045871489, 94.81631783960358, 95.62912898278235, 91.82496593131657, 91.66348939622361, 92.28414992491297, 84.17834927434514, 85.68519586795662, 85.81502052580596, 87.01055314186927, 84.75618479052292, 85.88922846168357, 84.50371598688248, 84.52382558249198, 85.8926009680988, 84.73326827916155, 86.67680763499149, 86.52176187005072, 86.33363663742401, 84.18839048711607, 84.18839048711607
95.86, 88.67453074506102, 84.18163231585689, 85.68112224577713, 85.25147394837903, 84.10957757803895, 85.48961899980043, 85.13733549358095, 84.10845337987462, 85.30004171833706, 85.67588852209451, 86.37758617911884, 87.33339167937608, 85.06734222952188, 85.5913010306513, 86.85673684614362, 86.05579611550068, 86.2475152283097, 86.87633185607034, 87.4550902060738, 84.73326827916155, 84.32939815556858, 85.82486939312408, 84.98406826740512, 86.74241046493123, 86.74241046493123
96.82, 98.06393243768417, 99.91846986269924, 100.68474964056675, 101.50807021254977, 100.84293868991647, 101.62652059510472, 99.03808852155447, 101.09690830194663, 98.28588201455419, 97.72984953487928, 98.61636889526011, 98.5193274069795, 97.76170293580645, 96.94973188036747, 95.07317864019915, 95.60360805219287, 94.54119569393299, 96.24045676246197, 96.11602854875996, 95.71115444178739, 97.3034845116134, 96.7215193575736, 96.46822052577123, 90.55742599823853, 90.55742599823853
97.13, 97.54529260297791, 97.98696594524158, 98.02971932557926, 94.58898755271291, 96.07729242723421, 95.36191107371569, 94.4005213461773, 95.84058151487689, 89.33177497862164, 89.23922470972745, 89.08257055179077, 89.43771542677776, 89.83735739920485, 87.15894158249316, 88.40839532354434, 85.8028039253245, 84.50371598688248, 84.52382558249198, 85.8926009680988, 85.68950398180327, 86.88985226458426, 87.38374334615598, 87.7375692588059, 86.81276719302917, 86.81276719302917
96.09, 94.69939000815614, 96.97158263869672, 97.514290680367, 95.74892136225962, 95.41015582413728, 94.2955632372627, 94.85254584406329, 93.9041397953482, 89.63625311389175, 89.93224172727177, 92.12732661199094, 93.76109454794624, 92.86077599904364, 93.68738381485589, 93.06541671533644, 92.80745821712044, 94.28136326337676, 94.78703059584123, 94.1160720292712, 93.73074103456253, 95.40867879798569, 95.29253655973268, 95.6175058609661, 95.40649275651157, 95.40649275651157
95.39, 94.72732735678551, 95.8539905604115, 95.76424525020356, 92.53261785942232, 93.08965055180286, 91.87972822777861, 89.91648410141345, 90.85537152292066, 88.31455936991586, 85.6515438462911, 85.56618284481307, 86.95517752640554, 86.3862193088336, 84.31369739456835, 84.75618479052292, 85.88922846168357, 87.51432552797388, 87.26178296205548, 86.98716772342898, 88.05174672084613, 87.00340121888107, 85.82486939312408, 84.98406826740512, 87.35912130222714, 87.35912130222714
95.98, 96.16696242078157, 98.29239544174918, 96.94901278515016, 97.905990078083, 100.10179831811213, 101.207653640922, 100.00979686067255, 99.0597691771114, 98.19388947016101, 97.30065210936701, 99.18829316782876, 100.89308727179817, 100.41579422892072, 101.37140252877863, 102.05198735079495, 100.2942923614824, 98.13348996182074, 96.21763719821044, 96.243588165489, 94.88108908677461, 94.55840657653353, 94.09142379159876, 90.08978850269386, 86.63072292136826, 86.63072292136826
97.16, 98.59983441510134, 97.78557621269526, 98.03026165859264, 99.38970967021443, 97.76198360556342, 94.67021948024485, 88.4062164606704, 89.34691033476744, 90.13544129357983, 89.83895827327486, 91.47968306317722, 90.7921347924967, 89.56869777603357, 91.55635409184083, 92.97850897537637, 91.46567525041009, 90.10291243162872, 87.79338546294913, 85.8926009680988, 84.73326827916155, 85.4728082004835, 85.82486939312408, 87.03075861087763, 88.02347063753761, 88.02347063753761
96.54, 97.200404107534, 97.8702757494342, 94.26014278743116, 88.08697087464047, 90.00547819020873, 89.71498097372469, 90.74872584628964, 91.71539989269682, 90.71597349102176, 91.73848902047776, 94.12410008046635, 93.85983930744698, 94.13426524803266, 93.44613806638225, 93.75607757452384, 94.33532979352081, 90.26474105737601, 89.27975242436364, 85.26916061143405, 86.331234900293, 88.49656827409794, 85.82486939312408, 84.98406826740512, 85.24200570018961, 85.24200570018961
97.0, 96.26988389845403, 98.47971649338281, 98.2611883522885, 97.57500488258397, 99.07867496662094, 98.83709036359973, 98.38676742413479, 96.46245491338696, 94.76251094488805, 91.07982489355332, 90.75131303594915, 88.91401834442107, 85.81502052580596, 84.31369739456835, 84.75618479052292, 85.88922846168357, 84.50371598688248, 84.52382558249198, 85.8926009680988, 85.33854890891317, 87.24073379663331, 85.32099142960634, 86.28937773396319, 86.46448331851833, 86.46448331851833
97.72, 97.56801153012593, 99.0543648372004, 98.66837967500568, 94.78578687769647, 94.92777577061601, 90.4849738376495, 91.00034003050943, 92.23176056692934, 93.16632086421417, 91.26350127697668, 90.63307841610727, 90.79726188459625, 86.74219674579126, 87.14728638531295, 88.08297684329325, 88.15030646419683, 85.34602151608952, 84.52382558249198, 85.8926009680988, 84.73326827916155, 84.32939815556858, 85.82486939312408, 87.51014279499287, 89.1882610709926, 89.1882610709926
95.38, 95.01176299564439, 96.4800789467763, 97.18821558767755, 98.04302457217179, 98.50620345020629, 97.43389596274288, 95.98705490095405, 95.39782791600167, 95.76745704113128, 92.43249997707247, 93.1945182719858, 89.88110592510117, 86.99917992494451, 84.31369739456835, 84.75618479052292, 85.88922846168357, 86.68293430840144, 85.86320276110757, 85.8926009680988, 84.73326827916155, 84.32939815556858, 85.06903830560016, 86.29099993733493, 86.61375042865821, 86.61375042865821
96.12, 95.25300871211188, 95.79409698996224, 90.7067968929343, 87.46315294474103, 88.66722947468946, 89.0076675860006, 86.10651849905649, 87.17400200448934, 86.03797798089538, 85.67588852209451, 86.92490398395103, 85.00796617836136, 85.81502052580596, 87.02451909990103, 86.55437429640162, 86.10045851058209, 87.86994884632036, 88.58399368662033, 86.34563494586655, 85.85308749148614, 84.32939815556858, 85.82486939312408, 85.39138057544795, 84.18839048711607, 84.18839048711607
96.15, 96.79418759922984, 97.34281862324822, 94.29483711395315, 93.10151780830569, 91.87416950610465, 91.74138938972716, 92.98790287436775, 95.15615393039128, 95.33543138236273, 94.76304031718162, 95.43206709377462, 91.991678189882, 90.13715691701616, 88.9853416293964, 85.82622281489695, 85.88922846168357, 85.71522390087625, 84.52382558249198, 85.8926009680988, 84.73326827916155, 84.32939815556858, 85.82486939312408, 84.98406826740512, 85.83558867371086, 85.83558867371086
96.4, 96.35700517586288, 96.73477902714328, 92.18089062159017, 92.72080367423371, 92.20620199064928, 92.07522839925714, 90.88919946675671, 92.42160871652679, 92.45887708223303, 90.44050000133717, 92.2830244546102, 93.25614786484758, 87.4007601598806, 88.4450601295922, 87.41469083334587, 87.09133868407169, 87.02330810629444, 84.52382558249198, 85.17388426931696, 86.61712928116818, 88.47149616381695, 87.08476370938314, 88.04548909846888, 88.97823269316942, 88.97823269316942
96.34, 96.09608227322961, 95.57886667142523, 95.11670040846222, 92.82935743149505, 93.81309595281988, 94.48599267527003, 93.53898503073538, 93.08722888838793, 92.09737937529906, 91.795257006622, 93.87426038616123, 90.31921291365526, 89.09553625140846, 87.74160303421735, 86.37643129314073, 85.88922846168357, 88.02139918937314, 87.39263226242086, 85.61139651530966, 86.26832976629701, 84.32939815556858, 85.82486939312408, 84.98406826740512, 85.33523741663714, 85.33523741663714
96.31, 94.5577161707616, 95.45424336496298, 94.42545371534989, 89.56246725278776, 89.74688679156324, 88.34643733047238, 87.97466105328576, 88.66820779652903, 87.48769472870354, 85.47045478331562, 84.17834927434514, 85.00796617836136, 85.81502052580596, 85.9539705386454, 85.8245113222868, 85.68926466735608, 85.58184326997528, 85.36065142060936, 85.8926009680988, 86.67725136197728, 84.32939815556858, 85.82486939312408, 86.01925611898608, 84.18839048711607, 84.18839048711607
95.58, 91.33943589579454, 90.97605735547002, 90.65642460130589, 87.89889105061317, 90.53993632877469, 91.29165829158504, 91.67603290913239, 92.06971478037205, 91.65725279147095, 92.41710251978787, 94.18660575135526, 94.79581366734675, 93.1053539334012, 87.30263359929197, 85.25069776845206, 85.88922846168357, 85.64253313254078, 84.52382558249198, 85.8926009680988, 85.21527122295977, 85.4822498875501, 85.82486939312408, 85.9085115448602, 87.04607406934493, 87.04607406934493
96.19, 95.20775796078671, 96.53563727289392, 96.66685887211072, 94.90471466365054, 96.36789507154583, 96.07571058493365, 89.04330753343675, 85.58415920215636, 85.6752961832964, 85.67588852209451, 84.17834927434514, 85.00796617836136, 85.81502052580596, 88.27270723338307, 85.35568790131053, 85.88922846168357, 86.51701044669629, 85.33462588029747, 85.8926009680988, 84.73326827916155, 86.68654678552397, 86.88071011032505, 86.81503322137193, 85.32128766122408, 85.32128766122408
97.21, 97.71702625649789, 98.8878239765395, 94.84935316931514, 95.42007276592668, 92.27851099280288, 89.92844259163675, 89.68901709400141, 88.42693207688892, 88.15542320352358, 88.925325616164, 84.17834927434514, 85.86218428497791, 85.81502052580596, 84.31369739456835, 84.75618479052292, 85.88922846168357, 85.49225115662347, 85.86758706733266, 85.8926009680988, 86.58984346427935, 88.41265272157118, 85.1759110983783, 84.98406826740512, 85.54506194662532, 85.54506194662532
96.46, 95.6123206214623, 95.58489011317579, 90.93457591479749, 91.03235365475851, 92.13015478679964, 91.47999012477909, 91.26482227568721, 92.69306674619186, 92.54438247900447, 92.39159817969963, 93.9956809358304, 93.48323078224892, 88.93742555591258, 89.24844677772947, 89.23935002680066, 88.27281364467855, 90.23078392006018, 92.14024949027093, 92.15175520311765, 91.55337890850737, 92.17711704345749, 91.84188842200483, 89.71078179730914, 89.26746405437665, 89.26746405437665
96.41, 96.5906933389436, 96.80291069013285, 96.99913603820299, 96.48887524527177, 97.96389991498262, 98.75971152516875, 96.94506340613182, 97.08080327921485, 90.32797256926528, 88.98627271388129, 91.03878915347265, 90.74418561330823, 90.13204991048032, 92.22060131129204, 90.53092730323333, 87.31970421033606, 86.59941428049976, 88.36651033090202, 86.00578048890918, 85.1060689461131, 85.2417636072226, 85.82486939312408, 84.98406826740512, 85.49369076136533, 85.49369076136533
95.5, 93.10195286042267, 94.41610534877836, 94.17742870079022, 93.4797389341032, 95.93857204598805, 94.17548431835255, 94.23131041211, 96.39988129751215, 93.32824771770295, 93.83658145929049, 90.03530271136133, 86.48775873032154, 86.30821112590068, 86.26957592154197, 84.75618479052292, 85.88922846168357, 84.50371598688248, 85.40111334685302, 85.32735199384535, 84.73326827916155, 84.32939815556858, 85.82486939312408, 84.98406826740512, 84.18839048711607, 84.18839048711607
96.91, 98.38782465478418, 100.12723261033167, 97.5282691235823, 96.71375958339559, 96.24417208216828, 97.11233615619477, 97.73251908403577, 95.36978324234829, 94.67162918527916, 95.17002303508342, 92.49857672983924, 93.49684792270213, 93.2937724621105, 94.72858901271559, 96.28145092378446, 90.78784646578927, 92.1570302331426, 89.24282251056437, 87.013406289097, 87.58832104381361, 88.89586227173629, 85.69422885999462, 84.98406826740512, 84.18839048711607, 84.18839048711607
95.95, 93.6568020837455, 90.25165287701506, 87.0175504249259, 87.24797208096726, 88.416849719479, 88.31986979809457, 89.46480236298903, 88.53832773946552, 85.25911298499855, 85.67588852209451, 86.20676898951969, 86.49506890963777, 85.81502052580596, 85.52951526585059, 86.36035392174794, 85.88922846168357, 85.36022601377559, 87.17867570364088, 85.8926009680988, 84.73326827916155, 84.32939815556858, 85.82486939312408, 84.98406826740512, 85.59081416976395, 85.59081416976395
96.06, 94.778344838391, 93.3805149023312, 90.94957871044599, 91.17767790282441, 92.78123045225567, 91.62964790965766, 88.81437293318902, 87.37114668846078, 87.00686569765392, 87.32913732687514, 85.67858610725489, 85.00796617836136, 85.81502052580596, 84.31369739456835, 84.75618479052292, 85.88922846168357, 87.87780204898827, 88.3411057215882, 85.32107440474073, 86.78918171658664, 88.39466473105718, 87.54124011647878, 86.22495669714414, 85.5441490118115, 85.5441490118115
95.56, 96.45909859170293, 95.70468101480677, 94.33478703469459, 94.48139954840376, 95.75038142398621, 92.84577720550816, 85.84486535126335, 87.67111200541585, 86.0722216279635, 86.35443608439937, 88.94910355755653, 88.03471237643743, 85.57306645090809, 85.75117026478392, 86.23327121080492, 85.88922846168357, 86.5348646992493, 86.13645503445778, 85.8926009680988, 86.70827071527565, 88.27103385324688, 87.39534765121988, 88.98794065203428, 88.04080537260738, 88.04080537260738
95.29, 93.79410850135328, 94.53228195658718, 92.85025866926472, 92.21759472634717, 84.10957757803895, 85.48961899980043, 85.4829156262004, 85.85611068749797, 85.56782677075715, 85.14780807168057, 86.40506132693199, 85.00796617836136, 85.81502052580596, 87.85718538956321, 88.33267727642196, 88.54672874103062, 88.85055967627517, 88.13569177644725, 85.8804835542161, 84.73326827916155, 84.32939815556858, 85.82486939312408, 84.98406826740512, 84.18839048711607, 84.18839048711607
96.4, 97.22151398235249, 97.50557409704086, 97.04825503651473, 95.19462158476469, 95.02628983442426, 95.43154062284113, 94.77723824637701, 96.11362228312765, 95.8451444507246, 94.0923562083326, 95.80519675020894, 96.57802613377149, 95.96111230714882, 98.11850302693851, 95.84827218834907, 95.33286257608061, 96.15833960176789, 98.25431499203015, 95.12091654820614, 91.7578550781322, 90.54229777883499, 85.82486939312408, 84.98406826740512, 87.39547726048065, 87.39547726048065
96.38, 90.98743383180611, 90.15009738285211, 90.57077681220724, 89.81191461702697, 90.69926591423506, 90.49489127209223, 89.4999194245589, 90.21001860460396, 90.95085013972181, 89.26789779685004, 89.55237945636105, 88.94162547019177, 89.37083081688654, 86.35993847136679, 87.74043512430465, 87.68241173170614, 88.56907856151435, 90.04935334086547, 88.90520480450735, 88.46532125011466, 84.32939815556858, 85.82486939312408, 85.23232073585638, 86.96798302467084, 86.96798302467084
96.03, 94.56295338603599, 92.93623950699461, 88.16637233243378, 86.47275121467366, 85.34759648307906, 85.48961899980043, 85.4829156262004, 85.24526549372194, 85.25911298499855, 85.67588852209451, 84.17834927434514, 85.00796617836136, 85.81502052580596, 84.31369739456835, 84.75618479052292, 85.88922846168357, 86.58723293713284, 86.33786307323545, 85.49089749034967, 86.90197290829316, 86.57524036042972, 85.82486939312408, 85.2724435708585, 84.18839048711607, 84.18839048711607
95.66, 93.76921682825758, 94.07536167978463, 92.9369019667823, 92.91870155862811, 93.50094005396276, 91.29773521897333, 89.14446737716963, 90.46857878912958, 89.41793217439289, 87.42080665117275, 87.2239005959942, 87.82312261726518, 85.81502052580596, 84.31369739456835, 84.75618479052292, 85.88922846168357, 84.50371598688248, 85.30963257933567, 85.8926009680988, 84.73326827916155, 84.32939815556858, 85.82486939312408, 84.98406826740512, 84.18839048711607, 84.18839048711607
95.97, 96.24172934162091, 96.06593585793593, 94.3441390313177, 85.07294715940264, 85.01063077521876, 85.48961899980043, 86.09747760160107, 86.74878713620517, 85.982577120405, 85.67588852209451, 84.17834927434514, 85.00796617836136, 85.81502052580596, 86.65569662663634, 86.57866635418604, 85.88922846168357, 86.34474555394144, 87.2082817904387, 85.8926009680988, 86.61569507605364, 84.32939815556858, 85.82486939312408, 85.77365932026244, 84.18839048711607, 84.18839048711607
96.92, 96.06109384875337, 97.877903880808, 92.2790371031529, 91.8535200391276, 93.31338390257754, 86.33027025768709, 85.4829156262004, 85.03392178954284, 85.25911298499855, 85.67588852209451, 87.17892499735498, 88.09843340524074, 86.20778210398167, 85.57657520123968, 84.75618479052292, 85.88922846168357, 86.52990173690529, 86.69350205636474, 86.17103964232935, 85.3592162727013, 85.68279758065326, 85.84805816960822, 86.41373471186019, 87.419553691827, 87.419553691827
96.33, 97.20635889586639, 96.00240348951833, 94.923289060089, 87.43683109051914, 87.52662665760194, 88.54986976606418, 87.51344581738888, 87.7432012086601, 87.36989091721944, 87.69168283855144, 85.12764220968916, 85.22570152223432, 85.81502052580596, 87.01920890720854, 84.75618479052292, 85.88922846168357, 84.50371598688248, 85.957057861807, 85.91292884660167, 87.92389086094023, 87.21354736393464, 85.82486939312408, 86.31566931410089, 84.18839048711607, 84.18839048711607
95.31, 96.62881721159057, 97.72276180409422, 96.6204260225388, 96.12690772322699, 98.17431533498888, 96.84077787447302, 90.93479489912417, 92.7988641797538, 93.77795414031368, 93.6050048727152, 91.84361823079232, 91.928397914382, 88.169174888076, 89.89650510534226, 90.75576438305103, 88.5521442063437, 84.50371598688248, 85.49428776622342, 85.8926009680988, 85.2153845734003, 86.4850001893649, 85.82486939312408, 85.93960882951511, 84.18839048711607, 84.18839048711607
95.75, 93.32872951668676, 92.3546759120004, 89.46873828620525, 89.76634690028175, 87.27463542466262, 86.92349899813368, 86.94580565708539, 85.37584458386729, 85.25911298499855, 85.67588852209451, 87.69455299227418, 87.45292826324389, 87.54145415955878, 88.3795346377002, 88.52398158612488, 85.23252566457991, 84.50371598688248, 85.75792399270004, 85.8926009680988, 84.73326827916155, 86.30960855638442, 85.89763527236515, 86.15900791047704, 88.37343431763937, 88.37343431763937
96.14, 94.40779639593411, 92.60302216949552, 92.56528213535194, 92.68912871422042, 94.03379947849247, 94.61176844691555, 94.77158693581849, 94.68474272076668, 91.86060023086146, 87.36132952052628, 88.4485485952781, 85.00796617836136, 85.39275523952598, 84.31369739456835, 84.75618479052292, 85.0653690911871, 85.50687732037812, 85.98773081279609, 85.8926009680988, 87.69698461790371, 86.46551489344337, 85.47864074029978, 85.41772736145506, 85.56502078485661, 85.56502078485661
96.3, 97.69942455137225, 98.17641357257432, 94.81791255073819, 96.16497222076418, 90.77458832276191, 91.81170946441955, 88.45829674315577, 90.10120327174702, 90.3083299659177, 89.1005973033628, 88.06731619253915, 86.75082360808278, 85.25255675693406, 84.31369739456835, 84.75618479052292, 85.88922846168357, 86.60047065418419, 87.69464218013347, 86.51344112349784, 84.73326827916155, 84.32939815556858, 85.82486939312408, 84.98406826740512, 86.80037341694626, 86.80037341694626
96.04, 97.29981289103726, 98.61307734327683, 98.06785328461007, 96.15581034124749, 96.91921791527601, 94.54670256510842, 95.28424176919685, 93.02710882819432, 91.95557244590209, 92.07439789176836, 92.02952289208241, 91.28388360660674, 90.97040224658326, 89.43730317421756, 89.63819748126895, 85.88922846168357, 86.76513196197654, 87.68817485827061, 88.24802181880072, 88.32722749478681, 90.26998299305046, 89.15932433407173, 89.01742438604262, 87.80057669962864, 87.80057669962864
96.36, 95.20777331502553, 94.51135899107696, 91.64479967251958, 89.88994797394135, 88.79964468699234, 89.19845829631136, 89.934785428025, 87.73895933809628, 85.25911298499855, 85.67588852209451, 87.67393008296683, 87.58835404043471, 85.45911887969372, 86.88539601112679, 87.60238822255003, 85.88922846168357, 85.3101869773281, 84.52382558249198, 85.3980392153407, 84.73326827916155, 84.32939815556858, 85.82486939312408, 87.04088238169959, 87.45310623457364, 87.45310623457364
96.96, 85.60381593090956, 87.33759776952756, 85.0265765608694, 85.67999723530208, 86.11396760672096, 86.37362534825267, 86.28590529018184, 84.10845337987462, 85.22934821495714, 85.67588852209451, 86.43813513784514, 85.00796617836136, 85.81502052580596, 87.27124431315863, 87.78584141413718, 87.5930640920939, 88.41828138243669, 90.41047889826002, 87.43208821678536, 88.00110259032192, 89.62506760172428, 87.40900270226966, 87.842839736412, 87.79355409161937, 87.79355409161937
96.15, 94.68450914330522, 90.42183048899076, 87.84879563952609, 88.01533073971103, 90.4440960709648, 87.68907354908966, 88.32868370748476, 90.45587288862622, 86.98052755262844, 86.61023225611544, 85.18018727620186, 85.00796617836136, 85.81502052580596, 84.31369739456835, 85.38316211897836, 85.88922846168357, 85.02158702882843, 85.036132114056, 85.8926009680988, 87.75954211704264, 87.05993145375103, 87.19660318101003, 88.27235061850114, 89.40618142923299, 89.40618142923299
95.92, 96.41243296651867, 98.92674328664387, 98.10112852544304, 97.32710147948936, 98.14758266392111, 95.71070787693492, 91.75100526016827, 93.83292285378633, 94.10274231212706, 93.15066082536877, 93.3051368836799, 90.70391184663295, 91.24711472552647, 88.56759843256211, 88.58564047223709, 86.83501128826678, 88.29841530192127, 85.09062600509567, 85.8926009680988, 85.59241504956182, 86.07763842591247, 85.82486939312408, 84.98406826740512, 85.01009494530848, 85.01009494530848
96.69, 98.05242468380834, 98.1779484422405, 97.62828478783702, 97.71751123639237, 99.43179815675155, 100.05458951488863, 99.4637674438132, 98.08439057777984, 96.01599679510133, 95.70591105319242, 98.25958675691359, 98.72510786970935, 97.45238974416026, 97.6078598543112, 96.90348451322048, 94.70042379883895, 93.86665816660886, 93.1205299101204, 92.5370420650107, 89.51858403994859, 90.30989566835802, 90.17171488744007, 86.69927315523297, 86.82124558103774, 86.82124558103774
96.52, 97.44592283693224, 97.95397008443801, 98.34489347860749, 97.1426560403985, 97.60991954086673, 98.31593657113426, 99.12546525502307, 99.13723658407244, 95.80166257004143, 93.81933520404081, 91.47441562222464, 92.63699601832454, 90.23217257237198, 90.9070235385386, 89.63573484179791, 85.75624219963025, 84.50371598688248, 84.52382558249198, 85.8926009680988, 84.73326827916155, 86.043612301234, 85.82486939312408, 85.76467619159726, 86.87644908583843, 86.87644908583843
95.34, 96.72414330484834, 95.90995929095267, 95.91259551420242, 96.42049113857881, 98.19501546831255, 97.07614995526755, 96.26428234015059, 98.91181366119844, 90.85955038726722, 86.91766287128033, 85.47589253348454, 86.70804524968132, 86.95248459884101, 86.9215705823525, 87.2687186135296, 87.46161405452828, 89.22400907695202, 87.82720232789872, 86.59844448792241, 87.25330220758559, 88.3591784678951, 86.00142644649647, 86.23363859320017, 87.97483765139297, 87.97483765139297
96.31, 94.22136074565367, 95.74147265111034, 95.73995623230067, 94.61642936759777, 87.86310333485478, 87.50304514785601, 87.63179997113855, 89.16331920325396, 85.5806110056164, 85.67588852209451, 88.06396387581987, 88.08131294672259, 86.5012192981532, 84.31369739456835, 85.56701217524571, 85.88922846168357, 84.50371598688248, 85.25808605085972, 85.8926009680988, 87.0415240028654, 88.17476487485474, 86.67834430884108, 87.92912358119622, 89.44301969942272, 89.44301969942272
97.04, 96.39096324589498, 97.34944546867968, 98.02936499215006, 96.61620516917873, 94.99401459537897, 95.47209099012562, 95.13123805121703, 93.9527544399938, 92.94860583226573, 93.77839553119561, 93.6577462073561, 93.66802259876839, 94.61330559410312, 85.94711579949562, 84.75618479052292, 85.88922846168357, 84.50371598688248, 84.52382558249198, 85.8926009680988, 85.14008793097467, 85.0575561548406, 85.82486939312408, 85.93076887403724, 86.438334705451, 86.438334705451
96.26, 97.50725422887898, 96.01147198355127, 95.47089342740446, 96.93702352999352, 97.51456475139096, 95.23940354894592, 91.9446207286509, 91.00874636236735, 91.6779368320947, 92.39449065316425, 91.09061130569101, 92.25079553796783, 90.34650096224215, 88.22100649845791, 84.75618479052292, 85.88922846168357, 86.5146162797562, 88.50421604141, 86.319067726136, 87.8799269927155, 88.04610568725388, 85.141624168411, 84.98406826740512, 86.49219358288092, 86.49219358288092
96.46, 97.35953807462867, 99.72842712001216, 100.20292888706803, 98.10839092926679, 98.09014250821849, 98.8361869910833, 99.37501983282039, 97.6827549722929, 95.68145362742453, 94.96841981287865, 96.42308260187019, 96.84935171249674, 94.72911764263829, 95.57989099656682, 96.31522838446631, 95.27542029881008, 92.13365915036054, 90.34186352494385, 90.15016971084833, 91.68829182070003, 91.71825536159312, 92.65869230962356, 91.40590955760567, 90.91206889911406, 90.91206889911406
96.13, 96.1323699618354, 93.70642701677073, 93.11390653391166, 94.13718039236525, 96.38601922469579, 91.64611177608754, 86.91252153727979, 85.66665060718117, 85.25911298499855, 85.89457019779802, 84.17834927434514, 85.00796617836136, 85.81502052580596, 87.1459288039477, 88.84409872766783, 88.02106695892442, 87.6877981457978, 84.52382558249198, 85.8926009680988, 87.32504225902414, 84.32939815556858, 85.82486939312408, 87.24205699389373, 86.45591960179662, 86.45591960179662
96.77, 92.01090062636243, 89.2661574505392, 89.38709255105015, 87.03251675918415, 85.31175164652372, 85.48961899980043, 85.4829156262004, 85.37431899073248, 85.25911298499855, 85.28954983470511, 84.17834927434514, 85.00796617836136, 85.81502052580596, 87.16429584373539, 84.75618479052292, 85.88922846168357, 84.50371598688248, 84.52382558249198, 85.8926009680988, 87.42007453431648, 87.20884562402594, 85.82486939312408, 86.41535946628476, 87.70835330385364, 87.70835330385364
97.24, 98.04590208475449, 99.36769331334662, 98.53164783394337, 98.198982555873, 99.94287007738549, 97.28129385725204, 95.89532188203486, 97.56237140150064, 93.9511950764927, 94.52580493597677, 94.53858506838506, 93.51968381148778, 94.36570430995674, 93.65850518234046, 93.24048139825427, 89.58535078371241, 90.07097285138337, 89.7831148345237, 85.8926009680988, 84.73326827916155, 86.32055445525478, 85.5540220377884, 84.98406826740512, 85.5485167518619, 85.5485167518619
95.87, 95.05941945588972, 94.26604325954956, 94.30599296992337, 94.97769269448948, 93.923572246882, 94.35585861563746, 93.10454246513196, 90.61289080217367, 87.38812972453154, 85.28933030217226, 85.64131818904103, 86.13504425005897, 85.81502052580596, 85.20077596246523, 84.75618479052292, 85.88922846168357, 84.50371598688248, 85.81686613515684, 85.8926009680988, 86.4215526957813, 86.80106307350528, 85.82486939312408, 87.11097261575536, 86.80981257059935, 86.80981257059935
95.9, 97.6509598791717, 98.8893628312456, 99.21682074959135, 93.84714223845637, 93.11460028473563, 88.37823927830848, 86.0288278485841, 84.10845337987462, 85.25911298499855, 85.67588852209451, 86.61635119105661, 85.84030717710837, 85.66068911451562, 87.75300433069708, 88.68411839009194, 88.22795593001618, 90.09442976248357, 90.44185043708455, 91.0886400868646, 89.55355696809978, 91.34192107344471, 86.89675177734566, 86.35389130944472, 86.060045999619, 86.060045999619
95.99, 93.04616891904747, 92.53589259982479, 91.3484982231429, 91.81241629259587, 94.20082623180467, 93.25095758398301, 90.5212009506316, 92.10286901083137, 92.81245042400451, 92.7887000545407, 94.2643541881191, 90.60989775041207, 91.0010416722405, 93.25983015458954, 94.52336074091079, 93.69165754329096, 95.11694628405827, 95.59116231082626, 95.35960803367418, 93.59781688774756, 95.11611793057547, 92.39284838070586, 92.85595697148136, 93.3338377082816, 93.3338377082816
96.55, 96.18844414981064, 93.07961007442643, 92.00453608004428, 91.72367718407577, 92.85978995912323, 93.34441507821026, 88.75670357346222, 91.20348860112796, 89.4649842315021, 85.67588852209451, 86.71084224890696, 87.49081627133309, 87.11426974993009, 86.9960014087163, 87.79102163229538, 87.82453561730307, 89.45498589687514, 89.34096112566777, 88.56370993469308, 90.23112485902917, 91.36390018650023, 90.26093885331984, 86.28045550451625, 88.36606554782949, 88.36606554782949
95.99, 95.58287949911907, 95.53385381555493, 95.7063018613445, 94.43264202417055, 95.9035752241174, 94.52226308172418, 92.16824434723969, 86.05959356349375, 85.25911298499855, 85.67588852209451, 84.17834927434514, 85.7038829458491, 86.39937441764845, 87.78800877920375, 87.57886096138112, 85.78508958401514, 86.88856049894105, 85.01746810300399, 85.8926009680988, 86.22578281567505, 87.84495838527788, 87.03528744915319, 86.55385176449752, 88.21360942243759, 88.21360942243759
95.75, 91.61547752711392, 92.91972351251032, 89.24966462315977, 86.84568912018015, 89.14790015659479, 89.5864509847655, 89.07412330520744, 88.62209001379748, 88.73028425941925, 89.18844262231015, 85.94765957782171, 85.00796617836136, 85.81502052580596, 87.42161501449749, 88.04026789830257, 86.01271271774237, 84.50371598688248, 85.77188667440171, 85.8926009680988, 85.41591746500909, 85.58339090423519, 85.82486939312408, 86.02187503268372, 86.41430010266306, 86.41430010266306
95.38, 93.36148661208195, 91.26785979918947, 91.69977789637785, 91.54477998438236, 91.42658185394751, 90.72185893527869, 86.701757376452, 84.10845337987462, 85.25911298499855, 85.67588852209451, 86.10464530993522, 85.00796617836136, 85.81502052580596, 84.31369739456835, 85.05475201029545, 85.88922846168357, 84.50371598688248, 84.52382558249198, 85.8926009680988, 86.13830345092981, 85.63757183958835, 85.82486939312408, 85.19778799225725, 86.08394486602518, 86.08394486602518
96.48, 95.0017850710092, 95.51460287214817, 92.68258068028307, 93.30708594185329, 93.24992218948866, 93.97318242432686, 88.93393909577209, 90.36437341500859, 89.83440991170691, 89.19507362618013, 90.82644572653977, 90.6251845107196, 88.26586041956486, 90.14474507277724, 90.55491633833103, 85.58531935366385, 85.92893923638225, 85.93622471698589, 85.3298867557213, 85.94666474717977, 85.29377306698798, 85.82486939312408, 86.39147650921934, 84.18839048711607, 84.18839048711607
96.24, 94.54285676659677, 89.14644609416989, 85.68112224577713, 85.74430216706867, 86.31229869060202, 85.48961899980043, 86.09113524503198, 86.14805007760128, 85.25911298499855, 85.67588852209451, 87.1426661913624, 88.20892172611353, 86.41458953660562, 87.59141159477964, 89.03745795192337, 85.88922846168357, 86.88293479605667, 88.57986585122471, 88.72745150543479, 89.03962428392079, 89.19808912753295, 88.66818839138587, 86.84057056434912, 84.18839048711607, 84.18839048711607
96.31, 97.03637071753644, 99.41436529772993, 98.45286043543723, 97.66088704257314, 99.4224508059192, 98.53732555880387, 98.00872891408439, 94.75883566822131, 92.3813158368878, 92.65954663257088, 90.29268896131185, 89.14683357018711, 87.50920839750536, 89.7642994549983, 88.83284061959314, 86.4559161243492, 88.06592593388129, 87.66016278907905, 88.32749791753368, 86.65448131988832, 85.61348417927395, 85.82486939312408, 84.98406826740512, 87.36919448130074, 87.36919448130074
96.2, 96.49052680620075, 93.42369587308374, 90.85500344240191, 85.79094371256278, 86.45330428186013, 86.06958512977839, 85.4829156262004, 84.10845337987462, 85.25911298499855, 85.67588852209451, 87.41751973702864, 88.08178041060256, 85.81502052580596, 84.31369739456835, 84.75618479052292, 85.88922846168357, 86.56764984917504, 87.23941012375556, 85.8926009680988, 84.73326827916155, 84.32939815556858, 85.82486939312408, 84.98406826740512, 84.18839048711607, 84.18839048711607
96.93, 97.61627195784907, 98.36246610683158, 99.06109414295841, 98.90414543785074, 99.43853391211836, 95.98649413477433, 92.5685240412525, 93.53049260626099, 92.90609098232972, 87.18047039871787, 85.074748383079, 85.78914295176178, 85.57746889092678, 85.56319143383872, 84.75618479052292, 85.88922846168357, 84.50371598688248, 84.52382558249198, 85.8926009680988, 87.69592924415922, 85.25176757705499, 85.82486939312408, 84.98406826740512, 84.18839048711607, 84.18839048711607
96.23, 96.49015817765704, 97.21789653528373, 96.44883111863038, 96.99642701463664, 96.80704317152033, 97.84206094474466, 97.06343258384555, 99.19648550189198, 97.05526979606536, 97.2654090205291, 95.70060338739293, 96.12154638925952, 95.36556238086682, 91.43523795319743, 93.29780969732495, 88.507708733881, 85.61844817400775, 86.96884242057074, 85.8926009680988, 84.73326827916155, 86.22765425177134, 85.02369546850319, 85.025102554787, 84.18839048711607, 84.18839048711607
96.88, 97.38194933306983, 99.05774276822378, 95.66165978454094, 94.75818506887624, 96.19620974584817, 94.47775190194015, 95.18564048453453, 97.56228599791834, 94.6597586539288, 92.7874228270719, 93.78799700727716, 92.62027675674605, 91.50051462010231, 90.39096661947582, 92.03096319478604, 92.36866114351787, 91.76563871810775, 93.56345166542698, 91.9301467056377, 93.39909727981843, 95.38722144900106, 95.98334286252752, 92.70825756417725, 93.46568013796731, 93.46568013796731
96.82, 96.0918552637458, 98.23105112523814, 95.61962978010247, 95.85532110164533, 95.80089206605292, 95.85423307786354, 95.7812152854225, 95.40778942669155, 94.09618996563678, 91.19542452674091, 90.74015787314852, 89.35091179994264, 85.44365135216547, 87.37879342070907, 88.49167653097808, 87.55133078491411, 86.22013030263811, 87.12437418853098, 86.63622051488912, 88.4205906154448, 90.77147887360451, 89.40353192302827, 88.27852248571021, 86.48410418861106, 86.48410418861106
95.74, 95.72470330640954, 94.49918290591414, 94.33547021397528, 94.46655251247694, 96.34970390523188, 95.69570367363873, 94.0616901733105, 94.26921099229719, 95.35827844561177, 94.28913005140379, 95.07012166491123, 95.31374440148103, 94.51656468609022, 93.75353312978832, 92.78575402291214, 91.43742624889525, 90.80677940148567, 91.72506668776244, 89.73965783855465, 85.6408767412005, 84.32939815556858, 85.82486939312408, 84.98406826740512, 84.18839048711607, 84.18839048711607
96.08, 95.24265528163708, 96.73684093367162, 94.69665439180555, 95.2005337197241, 96.13121239295513, 96.97192008839252, 97.58944989007287, 94.0708160314209, 93.9614159269481, 94.0102251881049, 91.09898400829431, 89.92271103183252, 89.59222179676091, 90.75431405485816, 92.73819805245702, 92.90895205773718, 93.50697131754576, 84.52382558249198, 85.8926009680988, 84.73326827916155, 85.26479650984194, 86.04921994947641, 84.98406826740512, 86.66368927810775, 86.66368927810775
96.68, 97.39754894569073, 95.58024932280645, 94.80408879226977, 95.8072283196687, 95.88277835254416, 94.44104439205431, 94.98744116299014, 93.6030093537591, 92.41707601409398, 92.28645083587486, 94.79830406427511, 95.67254958481838, 94.07860016862507, 95.40736521141531, 93.83601747214966, 87.69224764957357, 87.38152719110269, 85.14055993634061, 85.8926009680988, 86.79714164478477, 86.54439679288936, 86.78289342023069, 84.98406826740512, 87.01829719218298, 87.01829719218298
96.42, 96.29606675707217, 93.05545368419158, 90.77943046395234, 90.83639662049346, 89.52052100208506, 88.61892016356445, 86.0264051704535, 87.98222896512787, 88.86500713324851, 88.37248386092139, 89.40962791712774, 90.20735066427176, 87.75193948916078, 84.31369739456835, 84.75618479052292, 85.88922846168357, 86.11391243971939, 86.1520791668586, 85.8926009680988, 87.37371317194301, 86.90463499092498, 85.91969753210304, 85.75141652587773, 86.98546001619344, 86.98546001619344
96.41, 96.78143277378086, 98.37771372986846, 89.44231851609544, 89.48118279678627, 88.52695220521046, 87.0227274419802, 86.21967430341988, 87.82423904997272, 87.56472345186098, 85.67588852209451, 86.44910146747726, 85.00796617836136, 85.81502052580596, 84.31369739456835, 84.75618479052292, 85.88922846168357, 87.16308597544626, 87.14316165717199, 85.14247834652056, 84.73326827916155, 85.76763649025104, 85.82486939312408, 86.8112438572674, 84.18839048711607, 84.18839048711607
95.27, 96.06904799452703, 97.29483806305812, 98.0708846169631, 95.54829959520339, 96.43613646801599, 96.92927747536167, 97.45884518944612, 96.85449384602923, 96.23125783990847, 93.36261261286971, 94.2482305009358, 93.9463701155775, 93.16111888676173, 94.1470784692423, 95.37154691322439, 96.1502046560864, 96.11165137138856, 96.76361351673306, 94.91534687811429, 91.84875743938159, 93.4391781707456, 91.98179438533909, 91.74737118806196, 90.24715566503451, 90.24715566503451
95.53, 95.43390544831931, 95.16686148011706, 92.2749484296705, 88.97827059981978, 84.10957757803895, 85.48961899980043, 85.4829156262004, 86.88382150762664, 85.39625441438733, 85.67588852209451, 85.67152289979938, 85.00796617836136, 85.81502052580596, 87.49096932099968, 87.13132923990555, 85.37804186626508, 86.83057990064145, 86.4776128619698, 86.93880611442118, 87.00781725357271, 86.3802787432668, 85.82486939312408, 86.56622567463023, 87.45377061157824, 87.45377061157824
96.23, 97.42058897662602, 95.20231715795695, 93.2166568968652, 88.87445173570765, 88.55145117569235, 87.63480624676365, 86.11797029476219, 84.10845337987462, 85.25911298499855, 85.67588852209451, 86.5199117100811, 86.76729949937723, 85.45299805435451, 84.31369739456835, 84.75618479052292, 85.88922846168357, 87.17858242044244, 86.8194054551773, 85.95697785594334, 84.73326827916155, 84.32939815556858, 85.82486939312408, 84.98406826740512, 84.18839048711607, 84.18839048711607
96.03, 92.16132844017048, 93.47489742394599, 94.05220218927457, 93.56313613149746, 92.08835292400431, 91.84989971360368, 91.63339933486145, 92.54896390779786, 90.56481877050017, 91.31966913555674, 91.1292570263384, 91.41859584730729, 90.84052369186708, 90.69912814708111, 88.51599413338481, 86.50038064915061, 84.50371598688248, 84.52382558249198, 85.30639149870508, 85.64425635824422, 85.78904630464109, 85.23289493225289, 85.76241827165717, 84.18839048711607, 84.18839048711607
95.87, 94.66574156210835, 96.15034044564445, 94.53137860958131, 93.81892799114249, 94.2740171584364, 91.14955270103175, 88.14400696369948, 88.42792121283458, 85.25911298499855, 85.67588852209451, 84.17834927434514, 85.00796617836136, 85.81502052580596, 86.9184265640286, 86.94822274305999, 85.49946461437487, 85.5065444737867, 87.24279177428656, 87.34772857124236, 85.59199454607044, 84.32939815556858, 85.82486939312408, 86.3860146953991, 88.84498670265288, 88.84498670265288
95.4, 94.4769241357651, 95.63797955490786, 91.87267379743741, 92.6245336287015, 92.22545717462123, 93.10903874013137, 86.2657211384668, 85.48516003733464, 85.4546428123595, 85.83732774503038, 87.98280975828887, 88.63986917036605, 88.38134675121272, 89.0595806713247, 89.85640640167817, 88.27966201603718, 90.16354724755809, 90.79947684227159, 89.13212750000127, 88.39561381162727, 89.04247409039013, 88.42590732738235, 88.23798054895991, 88.63905659313356, 88.63905659313356
95.67, 93.36726326928479, 94.20775632476344, 92.89695247099618, 90.92115165145151, 91.68503514121757, 91.44327214024342, 90.88476593961714, 84.10845337987462, 85.25911298499855, 85.67588852209451, 87.3048024953863, 85.00796617836136, 85.81502052580596, 85.46691124881872, 85.58001594978485, 85.88922846168357, 86.23677020324874, 84.52382558249198, 85.8926009680988, 85.07352873323241, 87.28276878304789, 86.49958466259208, 84.98406826740512, 85.70995801616814, 85.70995801616814
96.11, 96.87378703523412, 96.54322960047713, 94.92292781757432, 94.79561764289585, 96.07914734824911, 97.09052428917006, 97.42505539089225, 99.0381027027752, 95.01210347347549, 93.98836873947168, 94.88624781800901, 92.72000156237098, 90.49259702416191, 91.8836651003674, 89.64133999996858, 88.8629227475206, 89.39120028071709, 90.99073063607348, 90.91470503903079, 92.64811908684247, 91.13798509998296, 90.19178452431127, 87.5694402946381, 89.0124978671297, 89.0124978671297
95.15, 96.4522670058345, 97.50347244110955, 96.31634346390472, 96.81262452816102, 95.31744230212036, 95.68757612764627, 96.14226534858234, 97.95158222389091, 93.86939961046174, 93.45086973549394, 90.52957435043395, 88.18726079629222, 85.99849535902631, 84.31369739456835, 84.75618479052292, 85.88922846168357, 87.18788527925032, 87.90267984860088, 87.10366913715868, 86.66392941498714, 85.97460720429717, 86.5363087861367, 85.27207455956857, 85.61358808169366, 85.61358808169366
97.2, 97.99883410508144, 99.90651771947059, 100.2661089507726, 97.37509645840413, 97.25043033896506, 92.64883850211221, 92.9515853468139, 94.29819224309983, 92.64188199528546, 91.99095093472198, 94.50362849110445, 93.85073797574799, 92.26088193330143, 92.07066812453742, 93.4772545256741, 93.8984800153853, 94.5238856064487, 94.94590060946356, 93.73993535771807, 93.51935387563948, 94.90936888277484, 92.57716805833522, 92.17679543008111, 90.94737740955124, 90.94737740955124
97.48, 97.22956273721793, 96.28109106533132, 96.23113248284103, 95.92702871930304, 92.97545280601886, 89.89835328786796, 90.07998877251549, 88.37959157566075, 88.1440600886532, 85.67588852209451, 84.17834927434514, 85.00796617836136, 85.81502052580596, 84.31369739456835, 84.75618479052292, 85.88922846168357, 84.50371598688248, 84.52382558249198, 85.8926009680988, 87.29067620299759, 88.80046424130929, 86.29503743618687, 84.98406826740512, 84.18839048711607, 84.18839048711607
95.93, 96.19820443774695, 97.74776232151513, 96.36727510021979, 94.60696218462884, 95.58142136916351, 94.76246874194815, 91.33746847743461, 90.90142470230874, 92.10478633344391, 92.69330560195674, 95.17612413646683, 88.44816581056855, 85.81502052580596, 88.21418613991548, 89.7092231313314, 88.38304414118387, 89.76170957603921, 90.11970331694448, 89.86109073409423, 90.66628967404107, 88.62954860674611, 87.90755443269389, 88.5709197150538, 88.71926520728405, 88.71926520728405
94.77, 96.21748750662015, 96.66507155577094, 95.19170832986482, 94.98615872065862, 92.93069372625426, 93.29453300335753, 91.66021919326234, 93.17143913939609, 92.35504873468977, 92.22269924877243, 92.16820386129929, 93.10405322281821, 92.43935134676356, 94.09757144990827, 93.21014133775908, 90.44924385239712, 89.25308236191599, 89.80516484259334, 88.54770281483414, 88.82047489100292, 87.38004908071083, 85.82486939312408, 86.52230200385003, 86.72490234744312, 86.72490234744312
96.55, 95.09847709020674, 93.5399115792375, 91.12249157358761, 90.07352318846283, 88.71827653237287, 87.34731015933951, 85.4829156262004, 84.10845337987462, 85.25911298499855, 85.64085915029634, 85.41368633587217, 85.00796617836136, 85.07717251259929, 86.25202002683626, 87.69102837541789, 87.0962531565379, 87.26860373928294, 86.4087607464744, 86.87429384535328, 86.97633818076956, 87.08860538109393, 86.73466148255763, 88.3961081531846, 88.44347768030548, 88.44347768030548
95.95, 96.67648155726654, 93.00874358479739, 92.73972552216881, 93.56908448328333, 92.68873807394023, 91.49835636446012, 90.8986948603513, 91.67335988814227, 85.66053089113761, 85.45686911757483, 84.17834927434514, 85.47093504702335, 85.81502052580596, 84.31369739456835, 84.75618479052292, 85.88922846168357, 85.1254722830678, 84.52382558249198, 85.8926009680988, 86.5845283792964, 86.46779671942679, 85.82486939312408, 85.89101361179053, 86.66696637643363, 86.66696637643363
95.81, 95.76422377800796, 96.62205512492969, 94.92940393711326, 95.42072805855106, 96.69372603632647, 93.76489964381028, 91.87590667629584, 92.43443802115202, 92.0540299620722, 90.38679053032413, 91.27384689608695, 92.90057427630059, 93.32346392927141, 93.05262402417753, 93.25498765144953, 92.99264705472733, 95.20052339234402, 94.72175828140311, 92.6619388750319, 89.16156507890034, 86.99510360610016, 86.31669205398441, 84.98406826740512, 86.60139778748953, 86.60139778748953
94.82, 90.8330898753739, 93.20380487033039, 92.17152530165794, 92.01338235589623, 92.30639496434549, 88.78579276302038, 88.1597797153128, 88.19857022893072, 87.79858178743991, 87.07017304530528, 89.49707054932904, 87.84841470853901, 87.19604140799032, 89.36100756429926, 88.55905108730936, 86.04884644994799, 84.50371598688248, 84.52382558249198, 85.8926009680988, 84.73326827916155, 85.11833648548411, 85.82486939312408, 87.07846974814257, 85.76958789150872, 85.76958789150872
95.21, 96.09963835102253, 95.20704023278438, 90.70329574689288, 85.25147394837903, 86.00953625718388, 85.48961899980043, 85.4829156262004, 86.75554459391276, 86.81799152545155, 86.92375452541762, 88.29324611643615, 89.74813077190763, 88.16687431934544, 86.11665622894198, 86.64837511315932, 86.69699114864096, 85.25916895682992, 87.41740452366855, 85.40576771216024, 84.73326827916155, 86.52517567500414, 85.38299807648359, 86.03786869502255, 85.69804544052484, 85.69804544052484
94.47, 94.736812522189, 96.45083452512091, 96.83685773259013, 95.25529248598326, 95.75785446537688, 96.14585898425203, 92.35262223697258, 91.25686757367993, 90.37404849769953, 89.26117233738088, 89.28855563744912, 88.77191876911708, 86.81917894462539, 87.8200176539169, 86.87579860576088, 85.88922846168357, 87.32084877379951, 88.38823656185633, 85.8926009680988, 86.01424407778042, 85.95223755146668, 85.82486939312408, 87.05810186494926, 86.98542098800256, 86.98542098800256
96.06, 95.94479206495078, 94.61820867220507, 94.23368453171146, 94.16943609942854, 93.71172846183191, 92.47652696199566, 90.15675629798992, 91.7507943276788, 92.40915897706451, 92.23623762823763, 94.6342997836045, 94.7940769897349, 91.57556882925682, 90.86135793565066, 91.6884109918119, 90.7082148997786, 90.96554534783726, 92.81343070608266, 88.68600101385401, 89.29255744431548, 89.81027255898405, 86.59940582300614, 86.23666015775972, 85.66989635674526, 85.66989635674526
97.31, 98.7884061899869, 98.82373935472205, 99.84969956662303, 100.63650212190906, 103.15416162686212, 103.33625095312425, 104.388855765543, 105.16040097931368, 104.55171810470787, 104.13905954513268, 104.7941798942936, 106.07400393413434, 106.15089899630722, 105.73997248045153, 105.67604971643462, 104.31097511780752, 103.44959640568275, 104.53682387692996, 102.33383483677925, 101.93445234047299, 102.50455651837804, 99.06027754974384, 95.5377741787572, 94.09989095562399, 94.09989095562399
97.16, 98.19163962527844, 98.07456332036142, 96.96120244117651, 92.89334297588226, 94.18660447176414, 93.78517198669674, 94.38346377866156, 93.14768521600872, 89.49672386350042, 89.5547131427959, 91.10581342471826, 85.00796617836136, 85.81502052580596, 86.17183922035755, 87.12680258411518, 85.34907366355125, 84.50371598688248, 85.95724975629113, 85.8926009680988, 87.46268872020843, 84.32939815556858, 85.82486939312408, 86.26342462376, 87.93758034712212, 87.93758034712212
97.17, 97.42454292462077, 97.23985984088323, 96.29668393494156, 96.221202374118, 97.85201351238696, 96.44459390908483, 95.98145503232675, 96.38447899051579, 97.7293362585798, 98.16803010526304, 100.18729202525286, 100.607480425232, 99.85072386977525, 102.13741155269142, 103.05317477180871, 101.4228938934411, 100.84466607145123, 97.90483064105956, 96.67080359065936, 97.16059479261014, 97.66898591593751, 96.00960790165736, 95.60273240828315, 94.5541245091663, 94.5541245091663
96.67, 97.56236310516123, 98.424614901638, 98.35675171763502, 98.17690251387508, 100.25438607593378, 95.47049086827889, 96.1891040551172, 97.83598467662783, 97.30244073276187, 97.7628934826663, 98.5321403530651, 99.89234583626948, 99.9572782845507, 95.4370942146807, 92.55872915744331, 91.26237194534863, 92.41237240952994, 93.09998394379339, 91.08300717577956, 89.1761034480388, 91.36525401035178, 91.18020865793207, 91.5697492160098, 92.99026075594709, 92.99026075594709
96.33, 93.71598826454128, 94.68894646416462, 94.17832328165814, 90.55192464412728, 92.16900614837685, 91.20935817660488, 85.46069806864976, 87.07648745352152, 87.29240976901033, 87.81549322425083, 86.77674255353618, 86.70915905942095, 86.88282820829767, 88.58772483271974, 86.71853088814149, 86.14559060153404, 84.50371598688248, 86.72670932917775, 86.97611961688406, 87.12381550638325, 84.32939815556858, 85.82486939312408, 86.89218197865686, 89.32893669976163, 89.32893669976163
97.82, 95.92667801788365, 96.30255462396443, 95.73772006328167, 96.2126167852372, 96.97564328100445, 95.94517676972015, 94.87725854099095, 96.18571302064476, 96.88479027666013, 96.594924781737, 98.3415040840345, 98.77493570266212, 99.2135609271752, 101.0567912155215, 97.14168694059283, 92.98196256018754, 94.3678263739924, 95.59841109660009, 94.71648619545527, 92.9691569933853, 94.19117944092716, 91.88178250718265, 87.93682569318072, 89.09463237151324, 89.09463237151324
95.85, 97.27215184014344, 95.36473495384786, 94.29329106664181, 93.61849467632489, 95.20399642365733, 94.00438629691962, 95.13934518987438, 94.47333961417931, 94.05777890211775, 94.77022070270176, 92.81270326859077, 93.87392988024811, 93.85829930469929, 95.02376092403581, 93.2845479218653, 91.90841379594777, 92.8678563929158, 94.27684550891847, 91.65942322084062, 92.2774285331047, 93.54660717516872, 93.20029759020605, 92.5322849416758, 93.16216579167859, 93.16216579167859
96.71, 98.30952311398906, 98.47525027779568, 85.57990759375761, 85.25147394837903, 85.44469788001517, 85.48961899980043, 85.4829156262004, 86.11047287069819, 86.7411056251318, 85.67588852209451, 86.56216015450917, 86.93652347759912, 85.44902974525093, 85.13948639479415, 85.27540722048057, 85.88922846168357, 85.2111471652929, 87.12399046108969, 85.8926009680988, 84.73326827916155, 86.00248550279865, 85.82486939312408, 87.5652476796941, 85.422836414629, 85.422836414629
95.71, 94.3471961967579, 92.61943228747954, 88.50802266564656, 88.5664694704612, 88.72237326881981, 87.67507714752514, 87.3614914495719, 89.31665112989701, 89.98851561988263, 88.24324650260085, 89.4640147018171, 89.19944874206858, 88.23546053366897, 90.46159456575334, 88.31236089863887, 87.56768419864902, 86.84294449909977, 88.28275565796329, 85.8926009680988, 86.96805090587593, 85.89761959425984, 85.90407121524572, 87.2541207431656, 88.49576237826037, 88.49576237826037
96.58, 93.81280488758526, 90.76323615397284, 86.63086325885779, 85.25147394837903, 87.3666604156266, 87.89012065521278, 86.54816034620971, 86.65967972696086, 85.25911298499855, 85.67588852209451, 87.04964997016833, 85.9585484918258, 85.81502052580596, 84.31369739456835, 84.75618479052292, 85.88922846168357, 84.50371598688248, 84.52382558249198, 85.8926009680988, 85.71502236592735, 86.97903896597384, 85.82486939312408, 85.11565927753705, 86.65397638989093, 86.65397638989093
97.13, 96.86301678881605, 98.32484658176749, 94.10039568156081, 94.06767498702034, 96.39679770116044, 96.242104504163, 92.26339774082781, 88.72261135869155, 87.0145534940803, 85.67588852209451, 84.17834927434514, 85.00796617836136, 85.52183980111892, 84.31369739456835, 84.75618479052292, 85.88922846168357, 84.50371598688248, 84.52382558249198, 85.8926009680988, 84.73326827916155, 84.32939815556858, 85.82486939312408, 84.98406826740512, 85.21278331034803, 85.21278331034803
96.24, 93.91219016436229, 96.14257252322979, 96.72118401908713, 96.04906343655371, 98.19520854010904, 98.61537217935775, 95.77878494145239, 96.22320673512257, 96.66017767547592, 94.14500224994514, 94.51163411564403, 93.28878815316624, 91.59209086269507, 93.31908346650191, 92.8763395019371, 92.59630858468138, 94.12674231591436, 93.51666759598709, 92.46853249406718, 93.00118251619323, 91.93856350480777, 88.14729218682429, 87.68985437825391, 85.02750147749882, 85.02750147749882
97.11, 97.06077937671932, 96.55985326825264, 95.37633898286806, 89.22984844308681, 90.0792015502389, 88.56016587629496, 87.31000373636465, 88.57070818046668, 87.82194546385816, 85.67588852209451, 86.00357745637558, 85.38550971488147, 85.81502052580596, 87.00766086268251, 88.20242353204182, 85.04577146968333, 85.63442441946499, 87.13886181014699, 85.27946686719544, 85.30191751975006, 85.78787096262788, 85.47233527452941, 85.93293292930642, 87.97047345024713, 87.97047345024713
96.01, 92.62203581097504, 92.38612039549265, 90.21900914161516, 88.14164187421291, 88.0731475100328, 87.92121486432968, 87.19255691542331, 88.91525615432172, 89.77478469903318, 90.39530467356701, 92.23826794550165, 90.64389773942963, 89.02573022881343, 88.59692505528356, 87.83156336779227, 87.84106971333253, 89.65433146514785, 90.56813468762704, 88.18986669673762, 89.27298138644768, 91.4673898427975, 91.56858844881035, 91.33714559424442, 89.97963337217718, 89.97963337217718
94.99, 92.79382980227093, 93.63668804862634, 92.42976995689537, 91.22082640747993, 92.46142161226739, 91.4619823323941, 91.45015559411519, 88.3799060989474, 87.76569601456362, 87.41531087614732, 84.17834927434514, 85.41403781405998, 85.81502052580596, 86.70501873766743, 86.08264292171339, 86.00461509451952, 87.51284058276742, 86.92680478940746, 85.8926009680988, 87.31940528053869, 88.23116239267625, 85.8562962209821, 84.98406826740512, 85.99783264981318, 85.99783264981318
95.77, 96.39221861968632, 97.70108074924808, 94.6088015275688, 93.78865700198347, 93.92775133771204, 94.33542526717459, 93.76833750128222, 94.70895825740479, 93.88402536702522, 90.06689913371197, 90.72508066448862, 89.01232954328455, 85.81502052580596, 86.4368189519376, 86.88863050421183, 86.47328503139461, 84.50371598688248, 84.52382558249198, 85.8926009680988, 87.69098353992072, 87.47041714603404, 86.78939571317146, 86.58782289755, 85.11512452555793, 85.11512452555793
95.35, 92.86961859792589, 84.18163231585689, 85.68112224577713, 86.89951593882128, 85.78476472096838, 86.89207655704469, 86.44473634929066, 85.83896803923167, 85.7553790759056, 85.67588852209451, 87.31258066524886, 87.69444039985427, 85.81502052580596, 86.75965471525743, 85.38772944541336, 85.88922846168357, 86.51299445808431, 86.40947670426773, 86.42247217615892, 88.06059413255575, 84.32939815556858, 85.82486939312408, 85.01258790972409, 86.76241135337375, 86.76241135337375
95.91, 97.51618005580666, 97.12618382793481, 94.54032081238076, 93.57982861393542, 92.49229580614582, 87.11999114182314, 85.4829156262004, 87.66589838141874, 88.06906130681877, 88.62125430799551, 85.87638000268286, 85.00796617836136, 85.81502052580596, 84.31369739456835, 85.27043350483746, 85.88922846168357, 84.50371598688248, 84.52382558249198, 85.8926009680988, 87.90612893072735, 88.57860916079474, 89.51989530336218, 90.57982485576844, 89.21672307768486, 89.21672307768486
95.83, 96.50353427236513, 84.18163231585689, 85.68112224577713, 85.25147394837903, 84.10957757803895, 85.48961899980043, 85.4829156262004, 87.49573042365637, 86.0891152833005, 86.04127728663708, 85.5075895699618, 86.6007367755547, 85.81502052580596, 86.60241592737087, 85.32853844521998, 85.70276544184031, 84.50371598688248, 84.52382558249198, 85.29616574900626, 84.73326827916155, 84.32939815556858, 85.82486939312408, 85.8278388923724, 86.07133230432873, 86.07133230432873
96.25, 96.23636265441424, 98.09921929891516, 96.72841166363818, 96.05769502883217, 97.60386916078062, 97.4736157246096, 94.1712250516856, 95.69399613298292, 95.32209861343549, 93.97532559005727, 94.58533033820453, 94.52996558989449, 93.94589827100164, 90.27956569632475, 91.90897086651887, 90.50350267662321, 89.81371136634128, 90.84860307662998, 91.37011619352153, 87.73386032924537, 87.10446500809225, 85.82486939312408, 85.5965308911816, 87.77548231028328, 87.77548231028328
96.05, 93.41717990528446, 95.4123597228912, 95.57247449057147, 96.53460309258456, 94.19957371431371, 94.33909503870471, 93.9748258061891, 95.79398000270874, 91.8939755325866, 92.17090461207697, 90.83645003945112, 92.02865884599586, 92.33867100473852, 94.34079694582395, 94.12215074879869, 93.72876494096248, 94.28825133315915, 95.33764028893803, 91.03502566043643, 89.90458502020238, 87.32495345764107, 87.66268100280851, 87.1361733052565, 88.28805042952526, 88.28805042952526
96.8, 92.8110759213394, 94.61160182225015, 95.10530404659877, 94.36456649760358, 92.40052025687149, 90.39285118905143, 90.3199935603117, 85.56370487616965, 85.12582892036048, 85.67588852209451, 85.82148496924137, 85.00796617836136, 85.81502052580596, 85.90739648458911, 86.3979326880507, 85.42716437612803, 84.50371598688248, 85.59656251458351, 85.8926009680988, 86.88292272545304, 87.70847325870952, 85.82486939312408, 87.08273686498435, 85.79087431116287, 85.79087431116287
96.26, 91.1546529694477, 90.28826547529683, 90.5645853296064, 89.63090784811801, 87.06407826705977, 87.65091854750776, 85.67390706620144, 84.10845337987462, 85.26864198014471, 85.67588852209451, 84.17834927434514, 85.34885083480918, 85.81502052580596, 85.84258434184288, 84.75618479052292, 85.88922846168357, 87.09802664473035, 84.52382558249198, 85.8926009680988, 87.30740184492436, 88.60320033982364, 86.09871446449517, 84.98406826740512, 86.72264250774646, 86.72264250774646
96.81, 97.96238350618098, 95.80893178815464, 95.08553382486875, 93.06093444302644, 94.45054023660863, 94.20154879629058, 94.21323270604373, 95.26103508404941, 93.96958467761856, 94.03012082848613, 92.61602176155193, 93.98439725689705, 88.64447002000382, 87.95032628990312, 88.11990885710733, 85.88922846168357, 84.50371598688248, 85.58660108641233, 85.8926009680988, 84.73326827916155, 84.32939815556858, 85.82486939312408, 86.02828185744198, 84.18839048711607, 84.18839048711607
95.81, 91.08525745242359, 91.56268082821654, 92.17168265391878, 92.5942210888518, 93.3129040818625, 92.0668347351846, 91.99043230276342, 92.30553041601264, 93.49720263912313, 92.53515739786478, 94.91862759896314, 94.6171400151934, 93.41079072558762, 94.3983629832487, 96.10594565331122, 96.22382074283797, 96.33704838621445, 98.39491738242931, 99.0649851390127, 97.6811149115295, 98.18576997442949, 97.04403174102961, 94.87422836286068, 93.40760608914566, 93.40760608914566
97.4, 97.40933256948001, 96.40523329133774, 96.53778668933793, 97.42638386558451, 95.71127328945103, 95.68707229001475, 90.2561070249306, 87.75561024861328, 88.88899578874292, 89.06441111629218, 89.89943808183189, 87.76468455168997, 87.12257140114733, 85.18067233298717, 85.78450770651992, 85.88922846168357, 86.41198367416911, 86.46860767071598, 85.8926009680988, 86.47078266503966, 86.74727370746108, 85.34610771725363, 86.32924966494593, 86.6296846958735, 86.6296846958735
96.37, 97.79928135557627, 94.74750500535424, 95.06148627160731, 86.58572908607314, 84.10957757803895, 85.48961899980043, 85.4829156262004, 87.89378494785936, 87.44991027009551, 85.67588852209451, 87.16691571011422, 86.41896091330443, 85.81502052580596, 86.44970250038945, 85.84864895297264, 85.61802696995265, 86.10344451880123, 87.04271605730844, 87.46782150497984, 88.14447421326484, 87.31480473048812, 87.80021615482637, 87.13158890565101, 87.52668925315388, 87.52668925315388
96.2, 94.80798099423467, 96.96159200944004, 95.90470210210607, 94.35467801348236, 93.51971277019912, 87.661919477573, 88.20455779800427, 84.10845337987462, 85.25911298499855, 86.14966070931989, 87.76972052336492, 88.93313707593241, 87.05746409398455, 86.94881347894915, 86.30416428316975, 86.03070150367863, 84.50371598688248, 85.21646004240682, 85.8926009680988, 84.73326827916155, 84.32939815556858, 85.82486939312408, 84.98406826740512, 84.18839048711607, 84.18839048711607
96.56, 90.08937026080157, 87.51250811581238, 87.3573937507831, 85.25147394837903, 84.10957757803895, 85.48961899980043, 85.4829156262004, 84.10845337987462, 85.25911298499855, 85.50329080253583, 84.17834927434514, 85.00796617836136, 85.81502052580596, 84.31369739456835, 84.75618479052292, 85.88922846168357, 85.93260749662805, 85.88696166856468, 85.0703384257776, 84.73326827916155, 87.04975391711417, 86.82355166835696, 87.32037791842028, 88.33878398956846, 88.33878398956846
96.34, 96.2700222175476, 96.76191266694738, 96.85238190024428, 96.3513240166377, 97.07862999745132, 98.29514908958805, 94.61175563437672, 93.98549743730688, 92.99311111582155, 90.86735414410005, 91.72943343593631, 91.88537888754153, 91.41347290213238, 90.14580993880503, 91.02520637612332, 89.36711397607115, 88.84548350242753, 85.7941874014274, 85.8926009680988, 87.7984264965141, 89.70185281349934, 89.08724501026288, 88.27604466887844, 86.99640503599203, 86.99640503599203
96.81, 97.59740007078008, 98.08704334302973, 97.88319006850833, 97.17690055392143, 95.02756475098526, 94.49435731628897, 95.50735820220929, 96.62245128539269, 96.3855421195265, 94.20572880170815, 96.17734422726912, 97.69178531494558, 94.52756536973575, 95.90968859515678, 95.96616401545927, 95.09059531441771, 96.07955907599437, 96.33597408802493, 94.23626347057983, 90.22341062342369, 87.29227878700907, 88.02346026601963, 89.12896822822367, 91.65544857740744, 91.65544857740744
96.94, 95.37788428023435, 94.43042400026363, 87.39728868231542, 85.77680042059647, 85.14867302825388, 85.48961899980043, 85.4829156262004, 86.98538250921492, 86.79735768826194, 87.34085759714239, 86.28891784437766, 85.00796617836136, 85.81502052580596, 86.60567626722595, 87.3608338425156, 85.71247499762391, 84.50371598688248, 84.52382558249198, 85.8926009680988, 86.7645907715533, 84.32939815556858, 85.82486939312408, 85.89627865731788, 86.60775105308116, 86.60775105308116
95.86, 94.90831823129007, 97.13172475893282, 96.51404669524906, 97.26530154145208, 99.63203382320336, 98.3728346543558, 99.12918305511985, 98.61822852298543, 98.32618006172146, 94.07883789052732, 94.41894768307351, 93.33044484443296, 90.5371333838817, 92.14860694333282, 88.91744638984304, 88.52595622512749, 86.75129345530435, 88.29948631193064, 85.5373001205684, 87.2346435601591, 84.32939815556858, 85.82486939312408, 85.76192852576432, 87.94818942102953, 87.94818942102953
95.75, 97.06019400099986, 95.21718434277723, 93.93169978722379, 94.5250516083665, 95.01891771170371, 94.41360088730018, 91.83500926251162, 92.88486480507666, 90.80082257329497, 91.39129041889224, 92.47683215723043, 89.83011027988049, 89.10861514779094, 89.45436849977303, 86.85883461849805, 87.56078804143301, 85.61106286405695, 84.52382558249198, 85.01068690795528, 84.73326827916155, 86.40150692125722, 85.5243094537475, 84.98406826740512, 86.13892849657414, 86.13892849657414
96.27, 94.88063384705153, 91.99286082736579, 91.0223279702563, 90.4075697616287, 90.94180969209084, 90.98467772275123, 90.8699226542252, 91.2600873567947, 86.42603403421731, 85.67588852209451, 84.17834927434514, 85.00796617836136, 85.57926895297678, 84.31369739456835, 85.32616477239763, 85.88922846168357, 86.53326014984394, 86.77281278236711, 85.22250661826273, 86.15208125188963, 86.79342197892656, 85.11777158378493, 84.98406826740512, 85.55626609030857, 85.55626609030857
96.18, 96.19282551711578, 96.31815242828691, 97.17762566198687, 89.21052344961576, 91.07625729243746, 91.20736965029396, 92.17221995007263, 87.17595740443643, 85.99834238784456, 85.1125470481964, 86.24055886834888, 85.00796617836136, 85.81502052580596, 86.04886058594394, 84.75618479052292, 85.88922846168357, 84.50371598688248, 86.16423836101566, 86.17192172859633, 86.85602329394219, 87.82009028085152, 87.36126639553662, 87.81010006074042, 85.81608904499582, 85.81608904499582
96.83, 92.56224249389575, 92.91641435291496, 90.3605741403299, 85.25147394837903, 84.10957757803895, 85.48961899980043, 85.4829156262004, 86.57950829925666, 87.85147573355707, 88.00527765884186, 89.52409164262936, 90.47950603449513, 86.22911593805752, 87.85506772454579, 88.06087818043352, 85.88922846168357, 86.53591438419912, 85.86895324474504, 85.8926009680988, 87.65003524216014, 88.6678605737203, 88.03766529738435, 85.63794904598006, 87.31038178612, 87.31038178612
95.77, 95.35625499124042, 97.17115402386243, 96.645485485643, 95.73373157378212, 97.71705224993059, 97.09369011069225, 96.31770003026342, 93.68394047555451, 90.64455073405654, 90.48445382751616, 92.62007752069073, 92.54789869666152, 87.3133848860104, 86.15915871037517, 86.2553404141147, 86.09349707284757, 84.50371598688248, 84.52382558249198, 85.8926009680988, 86.11452459485736, 87.33470286793198, 87.4292682452901, 86.82418038629528, 88.14316374767431, 88.14316374767431
95.98, 95.25692785995123, 96.09284395007329, 94.84260764224985, 90.73325846611853, 92.5252180056009, 92.38640339572466, 93.184618816643, 91.74441394673777, 90.27026434176757, 89.45726844892566, 90.04746532064672, 91.22367301938894, 87.91377714686402, 88.8798868782215, 89.92624682690895, 87.5194860412653, 89.16242370168295, 87.74366920980816, 86.36883958979557, 85.77612011580152, 87.2626053573143, 85.82486939312408, 85.7316016808256, 85.69838794951028, 85.69838794951028
95.86, 93.47887308448982, 89.01212923225178, 89.52448298971466, 88.78576653878997, 87.26943733239496, 86.13215906927762, 85.25276615549602, 85.17804120826719, 85.32139160916624, 85.67588852209451, 85.67324138695035, 85.00796617836136, 85.81502052580596, 84.31369739456835, 84.75618479052292, 85.88922846168357, 87.56784164049266, 89.5175820313001, 89.81102345037466, 91.12464882272745, 91.3927761701395, 92.11813685458065, 86.51717036440854, 88.0536109192318, 88.0536109192318
96.01, 96.37074410968273, 96.14011651529188, 93.48776883925457, 91.97510705523518, 92.82522085536174, 90.14947617461038, 87.23550192520645, 88.24437524969433, 88.35267223233102, 88.24349614004691, 85.6538126756082, 86.9960504940988, 85.81502052580596, 87.38836545348492, 87.00495246988378, 86.52300759518796, 84.50371598688248, 85.19763578056671, 85.8926009680988, 87.6615013519404, 87.57230166305851, 87.9223472456886, 86.97249500370182, 88.91136715782933, 88.91136715782933
96.16, 95.20092961491855, 96.84079566732291, 95.56814159924578, 91.51695074187408, 92.37056628973362, 89.56219421002896, 88.93466676459462, 90.10355102720065, 89.28703131594253, 89.31007230347001, 90.39918134182027, 88.57109689618524, 88.31851303472942, 89.05833348862679, 89.28724959216059, 86.5014763959272, 87.95338744308984, 88.0696412077124, 85.8926009680988, 84.73326827916155, 84.32939815556858, 85.82486939312408, 85.69028645094889, 86.7985149653746, 86.7985149653746
96.45, 94.94135755969894, 95.37688381729978, 95.83058739671138, 96.42657064169106, 97.69715952905206, 95.18600313547769, 96.30837873373403, 94.82278595067433, 95.85581600471063, 96.5472572896021, 98.06118315299757, 98.96869105751202, 98.48903868869509, 100.02830077854505, 99.25789869451012, 99.81360699877969, 100.84029885083682, 95.6710174162442, 90.91077769559685, 89.77988376821615, 85.36091816729677, 85.82486939312408, 87.4395869685703, 86.38648374043105, 86.38648374043105
95.51, 95.02698984255697, 89.27074479757657, 90.30947880742758, 88.92514985376567, 89.88612401646846, 89.78775284994325, 88.8556677193975, 89.97882497072247, 91.20038961480358, 91.9155438174785, 91.91845806559704, 91.32856619683223, 86.41044082089772, 86.96666651748342, 87.96694016609224, 88.71828104354655, 90.45406218084995, 90.10296452042755, 88.69116231439395, 88.44287749304635, 89.56022770321123, 87.0331331315815, 84.98406826740512, 84.18839048711607, 84.18839048711607
96.99, 94.7136986660559, 93.98305836918512, 89.05003524125192, 89.07000237510151, 88.73848461069134, 87.52060401728039, 88.2512970725259, 89.36549515898628, 88.18540973650461, 87.04459604401734, 89.22554681319664, 88.06930290419326, 88.05182970604572, 86.07986862707352, 87.01181123007497, 86.1365767355123, 85.88951851923717, 85.86014469731685, 85.8926009680988, 86.69914438870843, 88.15086125866847, 85.5292005643686, 84.98406826740512, 86.72327491299193, 86.72327491299193
96.67, 93.96736914304347, 95.31469674514015, 93.24383759045458, 94.49838448381857, 95.0531487174869, 94.27709025836154, 92.00676448451384, 93.48286090226085, 93.44333225739146, 93.30494882332563, 94.0560416263038, 93.94355052004607, 94.50379258466232, 91.43225198475243, 87.11295491452911, 86.78260242449089, 88.1655873638003, 88.75678860291261, 86.32185278246114, 87.94033910127087, 89.2121095532535, 88.99940755118712, 85.36825426769576, 87.42109320661659, 87.42109320661659
95.63, 95.66703422381086, 96.39090546492463, 96.08426967739805, 96.78607276575671, 98.91920482928893, 97.15583130069386, 96.99678930942919, 97.57207351635671, 97.00760311652834, 96.4896008523031, 97.89573029017821, 97.73049162117259, 97.59954046443052, 99.57544440029481, 101.1207969320077, 101.77608620821259, 97.26441600006281, 97.92138899565965, 96.73986155435499, 97.75494292404422, 98.45833103525149, 99.36727517623729, 99.5596658201217, 98.94591506699598, 98.94591506699598
95.81, 90.16540583974752, 90.83067377624842, 90.3492134133415, 90.87270272686997, 89.4261344914867, 85.48961899980043, 85.4829156262004, 86.99124116120863, 85.23271256084921, 85.87851539490666, 87.93207045404542, 86.37320931468545, 86.40312794113511, 88.31135534543043, 85.81451764555858, 85.88922846168357, 87.42888256423929, 89.18047300986773, 85.8494400504063, 84.73326827916155, 84.32939815556858, 85.82486939312408, 85.7375905366174, 85.55923198725779, 85.55923198725779
95.3, 96.1109040738185, 96.76276134783244, 95.99528211146414, 89.51701063927607, 92.06270459261717, 88.43598349439063, 86.46669426086547, 87.39940541648991, 88.55464607823468, 85.67588852209451, 85.4300448074363, 86.36797686331813, 86.13005564393741, 84.31369739456835, 84.75618479052292, 85.88922846168357, 87.64884177470127, 89.18390013057632, 87.27301890511224, 84.73326827916155, 84.32939815556858, 85.82486939312408, 86.00130158679276, 86.17873899259467, 86.17873899259467
96.64, 95.37311819862953, 93.90770784207758, 92.22108452227822, 88.09280564329204, 86.5344983925774, 86.95045705337513, 85.46460476284193, 84.10845337987462, 85.25911298499855, 85.67588852209451, 85.03769063835787, 85.84308186857064, 85.81502052580596, 84.31369739456835, 84.75618479052292, 85.88922846168357, 86.23921676829592, 84.52382558249198, 85.8926009680988, 84.73326827916155, 84.32939815556858, 85.82486939312408, 86.2085227655717, 86.2081860038513, 86.2081860038513
96.21, 95.51369425113901, 97.11635872442147, 94.68431593083456, 90.69922641684504, 91.76450033060456, 91.6121824818082, 91.01821243704633, 89.49266357990655, 85.38338144513175, 85.99800201091985, 86.97592630441994, 86.64859647315558, 87.41775835866876, 87.20280134270789, 86.69767197874181, 85.88922846168357, 85.84117195919731, 87.55696606529715, 85.8926009680988, 84.73326827916155, 84.32939815556858, 85.82486939312408, 84.98406826740512, 84.18839048711607, 84.18839048711607
96.84, 95.68667668094372, 96.94153650692313, 96.94068540597871, 95.28236259061076, 94.75363590166049, 90.06287429130808, 89.77271710484113, 85.56888742677982, 85.25911298499855, 85.67588852209451, 86.4194379543063, 85.98354072614916, 85.81502052580596, 87.47857583166194, 86.00544374535585, 85.88922846168357, 87.30995383089135, 84.52382558249198, 85.8926009680988, 84.73326827916155, 86.27409395449105, 85.82486939312408, 85.26621340364487, 86.23086065143833, 86.23086065143833
96.78, 96.00812560575778, 93.54890175433823, 92.67983326894797, 94.16636089730005, 95.71346387907637, 93.39596286128877, 93.24204218364535, 94.21119526974888, 93.73076982018624, 93.86131966711879, 93.73057732870346, 91.6635506926753, 90.00661757762566, 90.34918326996836, 90.12770180447212, 87.87911817018606, 85.53072348560953, 85.6419742000628, 85.97835810780597, 86.85129494460165, 88.46809045388854, 87.78838252157789, 87.50778029838301, 89.14082301797562, 89.14082301797562
96.25, 95.66323739021107, 95.84033870078466, 93.73507078458779, 92.26199369149538, 89.03338571600247, 87.7019880026878, 85.4829156262004, 86.47741892118707, 86.49669024565061, 85.67588852209451, 84.17834927434514, 85.00796617836136, 85.27693606111713, 86.34012981259005, 86.17418878959623, 86.04340275154436, 87.14953578074908, 87.49247829632816, 85.8926009680988, 84.73326827916155, 84.32939815556858, 85.82486939312408, 85.53838098920332, 87.31249901659739, 87.31249901659739
96.6, 96.10533967686374, 95.23479414735306, 95.58615937514413, 93.84371935839418, 93.39415862377535, 87.85568569699322, 88.83773640370399, 89.9138422917658, 88.68332043368734, 85.57796389480563, 86.77962141142653, 85.00796617836136, 85.81502052580596, 84.31369739456835, 85.53238855193604, 85.88922846168357, 85.57253707325187, 84.52382558249198, 85.8926009680988, 84.73326827916155, 86.63893721359844, 86.72550406646464, 86.85858054691533, 87.4975332581935, 87.4975332581935
96.29, 96.67520042352501, 97.62432772402575, 96.53002870268944, 96.99135340789809, 96.61763820458542, 95.82145320914074, 94.53251763897289, 96.12690126265706, 96.02620895141793, 93.53167842519218, 93.05510509146656, 86.23099712955698, 85.31822887707881, 85.51718470600692, 86.99076237424842, 85.57592389225317, 87.02134214669005, 88.58945384429143, 87.11929343419945, 86.81134640702071, 87.50661922399757, 85.82486939312408, 84.98406826740512, 86.37321555951685, 86.37321555951685
96.49, 96.20161901028587, 96.53365766718997, 96.02724595826037, 96.16378573407853, 97.64719877865735, 97.44787008732006, 97.64175404111487, 97.44844814630375, 97.40689612316326, 93.49003680820769, 93.44148800778238, 94.17082311920677, 91.88564915124607, 93.63240152659075, 89.53081455974939, 87.14579953871856, 84.50371598688248, 84.52382558249198, 85.8926009680988, 84.73326827916155, 85.97777022810976, 86.25722071625194, 87.22991618561743, 88.58706085180376, 88.58706085180376
95.6, 90.83276330908568, 90.85279967302269, 90.75943078545903, 90.58744547009287, 90.65129925564679, 88.86418358008574, 88.12606731053933, 88.8258364971329, 88.44760581931209, 87.43991431660845, 88.95036346329873, 88.92951213036118, 89.65529321518426, 86.84273585759065, 88.6594212883152, 87.1588689530822, 87.83704118699421, 87.82666558690535, 87.17224851989123, 87.15406585041956, 88.64458065323001, 88.21051310245639, 85.88660595386533, 88.01773156780573, 88.01773156780573
96.15, 95.9587570127166, 92.88520073904701, 90.74919547084828, 89.06547076116512, 89.26576358602138, 85.48961899980043, 85.4829156262004, 84.10845337987462, 85.25911298499855, 85.67588852209451, 85.21139750111972, 85.00796617836136, 85.81502052580596, 86.9239784107176, 87.7947875175305, 85.6797758159712, 84.50371598688248, 84.52382558249198, 85.16681437410332, 84.73326827916155, 85.46337446271109, 85.82486939312408, 86.36638960299152, 87.0968511651528, 87.0968511651528
96.58, 96.73273842522757, 97.93661731686092, 98.23300531134323, 99.12956138053231, 99.33996729603608, 98.8926750121064, 98.39402835725102, 94.46704827880556, 95.45597694797456, 95.86264352477842, 97.0413329362781, 97.17730410196278, 97.70186610815732, 99.67680988843735, 98.53832736245805, 96.93213487375388, 96.98401714076732, 99.12666790365904, 97.62649014541627, 97.58096855830621, 99.03178835967202, 97.96950369205196, 96.16734866027547, 96.74745515350656, 96.74745515350656
97.54, 97.10592975384778, 92.34479437099077, 89.65046621341475, 88.70866942094332, 91.07403699959399, 91.8288199081166, 89.37769376153766, 91.3658014971505, 90.302110855802, 88.28607110957381, 88.36440600104883, 89.4903511385171, 88.78496879168308, 85.62374161297501, 84.75618479052292, 85.88922846168357, 84.50371598688248, 84.52382558249198, 85.8926009680988, 86.75539226124616, 88.27908770690648, 86.34562001849241, 84.98406826740512, 87.28536321734639, 87.28536321734639
96.13, 97.34830415266086, 98.62623388031686, 91.56454698361405, 90.00962603688639, 84.10957757803895, 85.48961899980043, 86.46327681970938, 85.12261078500183, 85.25911298499855, 85.68841863105227, 86.9286283154479, 87.41307693400137, 88.00863539649865, 89.22824351184465, 90.21857485143225, 90.66322416122786, 85.95653507424906, 87.31878009670112, 85.8926009680988, 86.00126599288427, 87.21055976972802, 85.92532640868924, 87.129944673089, 88.27326462291023, 88.27326462291023
95.97, 90.178101861698, 92.54509109614875, 88.33636732029693, 87.7220197587872, 87.5697560669662, 85.48961899980043, 85.4829156262004, 86.91110604145756, 87.56251045725892, 85.67588852209451, 85.02688939893363, 86.20748813627432, 85.770387320234, 86.98067285782071, 87.14735510225034, 87.70137998688224, 89.4295901097676, 88.92100372967727, 85.59930978474375, 84.73326827916155, 84.32939815556858, 85.82486939312408, 84.98406826740512, 85.27265707064018, 85.27265707064018
97.83, 98.9273555616975, 99.77673241118369, 97.96858115798246, 97.75853138585968, 98.23237395848143, 98.01943121382791, 97.33736391635139, 99.4096989940887, 97.20445619775992, 97.5163073809735, 98.31406765954344, 96.70669010062755, 96.90635866608828, 97.65333095661549, 97.67135302974806, 98.04565445843033, 99.21142174312823, 98.67250268066375, 95.53900645573702, 93.6891565538056, 94.26178079431537, 93.1260808667083, 94.06279876159162, 94.05721316062588, 94.05721316062588
95.73, 93.58534685318958, 93.84003183336576, 91.55061114628874, 92.88179046965705, 95.32829205762498, 91.15885963551523, 89.49882106991262, 87.53956776009944, 85.25911298499855, 85.67588852209451, 85.7491448984555, 85.00796617836136, 85.81502052580596, 87.82243986300928, 88.14960328682905, 85.36225485134364, 85.61185143530642, 87.37489945639982, 86.3147752030392, 87.46970657926111, 86.3759383825994, 85.82486939312408, 84.98406826740512, 86.34385855472773, 86.34385855472773
96.06, 93.45529645374317, 93.25198312093666, 92.40141097087998, 89.77946081935735, 89.37860995688264, 87.29018186996096, 85.21507317154267, 84.10845337987462, 85.25911298499855, 85.67588852209451, 86.26221357282017, 87.50249950502541, 85.81502052580596, 85.41439025556289, 86.74608733048304, 85.23410391108632, 86.69807287656614, 84.52382558249198, 85.8926009680988, 84.73326827916155, 85.9019820132788, 85.82486939312408, 87.17688100808604, 89.18171987212479, 89.18171987212479
95.96, 95.89118766073955, 95.58396483661431, 95.80674016990663, 94.04614679170777, 93.70777734332763, 94.48708508600089, 89.35641993080347, 91.09336348643156, 91.54624174936407, 88.81596061097352, 89.71765377536192, 91.3875653614996, 89.81256811471052, 84.31369739456835, 85.13298642715546, 85.88922846168357, 84.50371598688248, 86.53479836013143, 85.8926009680988, 84.73326827916155, 86.40855239916684, 86.52499135878531, 84.98406826740512, 85.41682390622951, 85.41682390622951
96.67, 97.47317300375653, 98.50360447792106, 96.37190655928578, 92.76754124689192, 94.92268231288007, 90.74469513219978, 90.23607349630473, 91.44394152994967, 90.81801773983106, 90.0399187895856, 90.32592018294619, 91.09911731414986, 90.88229270377865, 92.23491757677809, 90.50869942732504, 89.74223437729304, 89.33997374074806, 89.5042643936158, 89.85425400852749, 91.8004072552184, 91.74860863491612, 91.92390480292397, 91.82318988518553, 90.69058563281651, 90.69058563281651
96.55, 92.5385251241473, 93.92816492000112, 90.14953446189602, 91.28349578535007, 91.8392743716918, 88.7370061634653, 89.41652858801663, 90.0467970097064, 89.25143522644498, 88.60382839360751, 90.28409909361808, 90.36004458613107, 85.81502052580596, 85.74215222677084, 86.66373965390756, 85.88922846168357, 84.50371598688248, 86.18378287203689, 85.8926009680988, 87.49877385539355, 85.83535961988822, 85.82486939312408, 85.22139889713912, 84.18839048711607, 84.18839048711607
96.41, 92.40714130700503, 94.08987993625318, 91.26017935492554, 87.04946972732641, 86.65562053477798, 85.23817821818176, 85.4829156262004, 86.06183570831095, 87.31224709234974, 87.56737876540646, 85.36217446990345, 86.83919403041055, 85.81502052580596, 85.83070701297612, 86.73309223388199, 85.88922846168357, 84.50371598688248, 86.5540868898125, 86.3769214834815, 85.01201418755683, 85.30172460331218, 85.82486939312408, 84.98406826740512, 86.40217223762463, 86.40217223762463
96.3, 96.35625890000173, 98.47380427536687, 93.51481238660445, 92.04426669032482, 93.2735153450793, 93.75660315045543, 91.83409020074534, 90.1597817306396, 85.64288432564233, 85.67588852209451, 87.43901736648111, 87.56498455844812, 86.28525838836487, 84.31369739456835, 84.75618479052292, 85.88922846168357, 87.02773413043613, 87.85414767105674, 85.89038519191004, 87.85205824322082, 90.02449412344532, 85.2931147819149, 84.98406826740512, 86.81607441575613, 86.81607441575613
95.12, 92.28300125183927, 92.55886569416599, 91.29286705941695, 91.45798324126129, 92.17375667198057, 91.62158657644208, 90.67258616030554, 92.7131489508351, 93.76526655061147, 92.44045147955637, 91.93764293182417, 91.96810046862505, 91.87598104830452, 92.87846920759436, 92.0148256333468, 92.09927789383306, 91.5126334348293, 88.38062191062676, 88.5916373740367, 89.57114133291095, 90.9063008164295, 90.42255567023136, 90.52615195648073, 91.59312095595249, 91.59312095595249
95.91, 94.52269796827346, 90.7753143581936, 89.65168192623577, 90.54558117044657, 92.28469449422496, 90.30310988244793, 89.72027219387483, 89.31578103929745, 90.69958761151345, 90.94604193908113, 91.92893011048582, 92.42048447924614, 91.09918224548245, 92.73354193140453, 92.27083217486509, 89.56968160305058, 87.21959083572574, 86.86146530823123, 86.874339013908, 84.73326827916155, 84.32939815556858, 85.82486939312408, 86.7912393821587, 88.02816797820032, 88.02816797820032
95.05, 93.6320379366516, 93.20210599282896, 92.06889751262568, 85.25147394837903, 85.95198152585819, 85.48961899980043, 85.4829156262004, 87.54622984797925, 88.36428916241135, 87.44667154782692, 86.3091598805016, 86.5612440017124, 85.73393508012437, 87.48234265810784, 87.39463043762696, 86.0475852913164, 87.1529274731552, 84.52382558249198, 85.8926009680988, 84.73326827916155, 85.77032615370311, 85.82486939312408, 86.06903735287229, 87.04091818479979, 87.04091818479979
95.85, 95.98895500115786, 93.24233805447318, 92.31324094881752, 91.9272789104088, 92.86151613625465, 93.15170261009905, 90.53951644612472, 92.08382818319015, 91.81605689865762, 90.98486241552827, 91.6339510703528, 92.84844116747118, 89.91465121696787, 90.29997385637347, 90.9590036056426, 89.36986398344938, 89.79253782456401, 91.11991072537005, 90.0951880783856, 91.57845676290137, 86.58251840201422, 85.15196710203259, 86.1059878490082, 85.05653482038797, 85.05653482038797
95.01, 92.29399008741157, 90.6286457166771, 91.58929558339682, 88.82527354497458, 87.20289426882292, 86.66203718681146, 87.71818347251111, 89.38449795616934, 89.64131521557135, 90.64683540325287, 93.08805565446183, 92.78773460472254, 89.57003117595461, 87.5151160003775, 87.46623530851555, 87.6149068536072, 87.46210729064452, 88.05169810759357, 87.97065788816735, 88.09726660433215, 88.88571158046089, 88.20649654341993, 87.03375340289965, 86.09481040598013, 86.09481040598013
95.57, 96.83277730954374, 97.97063941729033, 96.65825660845881, 91.09655249118273, 89.39490314419145, 85.45183320404814, 85.50348277710012, 85.21414898632956, 85.25911298499855, 85.67588852209451, 84.17834927434514, 85.00796617836136, 85.46919623198801, 87.71764993462374, 88.26024013260556, 86.28907697422187, 86.04031972292745, 86.57221556628001, 85.8926009680988, 84.73326827916155, 86.53415343440403, 86.23731955951295, 84.98406826740512, 84.18839048711607, 84.18839048711607
95.72, 96.78104192198701, 96.97395928899363, 94.43246141696487, 93.65861344462833, 95.13360873751715, 88.94784042256099, 85.50458394798451, 84.10845337987462, 85.25911298499855, 85.67588852209451, 86.97157770534203, 85.00796617836136, 85.81502052580596, 86.12311163184422, 84.75618479052292, 85.88922846168357, 85.2082713061884, 86.1127561591943, 85.49154275032483, 84.73326827916155, 87.00572372216467, 87.57930307551099, 87.64008617978644, 87.20622238710997, 87.20622238710997
96.12, 94.22523007234777, 93.8389009990039, 92.45709152411426, 93.26149756020655, 95.25388461421485, 95.51284255996195, 93.27322091064273, 93.68804844534193, 93.9193753253758, 94.05244143020604, 94.44675794040488, 93.79610705518957, 94.31525002724705, 96.44043927103935, 96.95234217543744, 96.46027914547354, 93.76421475142367, 91.08684933454475, 89.6159464004786, 91.02535312368406, 89.7334265998915, 89.43034748829152, 86.99148686659062, 89.0266799019885, 89.0266799019885
96.05, 93.24433848029963, 93.59992256608656, 92.6975555448012, 91.9967000919671, 92.95849880573236, 93.91053539185805, 93.79135609648334, 89.56137606677962, 88.4327800279833, 86.56585386833164, 87.97499983776473, 87.50916946062982, 86.43888235099737, 87.18891686760672, 87.95228979185215, 85.60324942146987, 84.50371598688248, 85.47806029322601, 85.8926009680988, 84.73326827916155, 84.32939815556858, 85.82486939312408, 84.98406826740512, 85.49433509103719, 85.49433509103719
96.6, 97.04372933325979, 98.35466392519596, 96.66139197168852, 93.70836111567286, 94.06556897050547, 94.83579826317295, 95.71519279876665, 96.27243531834783, 96.37999263966877, 94.92016958487346, 93.14763814013969, 91.30526562512557, 91.37112538854579, 91.30457662793013, 91.80510675858716, 90.94127814767728, 91.12176885389485, 91.3322369161021, 90.24235301855747, 91.92770526199848, 89.84712456245222, 88.74938010955299, 85.98133944317664, 86.50768103493674, 86.50768103493674
96.69, 97.19605665678607, 97.70274795729243, 87.7593423430854, 88.75310189912865, 90.48370895618915, 89.37242347367716, 89.0788906507684, 90.56182353798002, 91.09589298296379, 89.80587795382297, 88.73002688798795, 85.00796617836136, 85.81502052580596, 84.31369739456835, 84.75618479052292, 85.88922846168357, 86.15190876871597, 86.6499693117145, 85.8926009680988, 84.73326827916155, 84.32939815556858, 85.82486939312408, 85.08004637972752, 85.74632392061704, 85.74632392061704
95.48, 95.85903774521525, 98.19939503444407, 97.10379852510343, 97.84780055113445, 99.43527059957262, 99.746196233462, 99.03837077742384, 97.99447745699045, 98.50424260261862, 97.54885629639406, 98.99733286272732, 99.97947296634902, 99.96717566034177, 99.21940520201424, 98.11755966361837, 98.31918847140236, 95.46805824270528, 97.0206601381291, 91.84223457988169, 92.54438256291199, 94.34260651298376, 89.95748789096953, 88.77263973288571, 88.44810716050495, 88.44810716050495
95.9, 93.251805816667, 94.41195121009723, 89.30040753096675, 87.58134756785913, 86.57695741551875, 87.31097525825525, 86.93916085798372, 84.10845337987462, 85.25911298499855, 85.0211427634012, 85.4620199869895, 85.00796617836136, 85.81502052580596, 86.54603806480158, 86.34995062606404, 85.88922846168357, 84.50371598688248, 86.22694229127245, 85.45252437810638, 84.73326827916155, 85.53509567320579, 85.15000662003828, 84.98406826740512, 85.4654178023239, 85.4654178023239
95.89, 95.39565310483644, 91.95157045459725, 92.65206783301839, 93.21890496508844, 94.76259396927355, 95.86078370000122, 96.30536317368282, 92.92503918067935, 92.2756070984014, 91.93178941596, 92.26331294693487, 93.81147763506453, 92.56049616635349, 93.59755508494868, 93.91619761433394, 92.63078126636375, 92.2312929480901, 92.89584398762779, 90.17406150028799, 86.86607530702966, 86.84964502514478, 85.14248298683346, 86.37131875873885, 84.18839048711607, 84.18839048711607
96.02, 92.08764766296798, 93.04727058231614, 93.41777245150655, 94.92292272702257, 96.79303717625213, 95.33671709395931, 94.01440451467587, 96.49280684541246, 92.48590247128884, 91.39947303456061, 91.3188767029384, 91.33901186295883, 91.25264565843915, 92.60551030582782, 92.20063036960819, 91.71093474076785, 89.66367327974616, 90.0131768625879, 89.03140133104324, 90.04150537401746, 90.38954508321966, 90.49960311214745, 92.12100594113143, 93.58819558181452, 93.58819558181452
95.67, 94.49443364007169, 94.56326560836918, 94.4166988646817, 92.51076845850952, 93.79405946833671, 93.08044578633924, 92.93093948559049, 89.62561779025135, 85.8942327814101, 85.07142244090802, 84.17834927434514, 85.00796617836136, 85.81502052580596, 84.31369739456835, 84.75618479052292, 85.88922846168357, 88.08072379364285, 89.97789302698254, 88.11916694599785, 89.04365753739995, 87.1915929496107, 85.82486939312408, 86.5879014735519, 88.41085507601233, 88.41085507601233
95.28, 96.33384021519637, 97.35320094523027, 97.02105850250976, 96.86026234594789, 98.08341740068313, 96.65289391363339, 95.84135299251298, 98.09167033546399, 94.81679374564867, 92.40516988395167, 93.27041358450232, 88.19452670195747, 86.89886496913161, 88.65261586178154, 87.09539058867587, 85.88922846168357, 85.59793562150448, 85.99155211055388, 85.8926009680988, 84.73326827916155, 84.32939815556858, 85.82486939312408, 87.18923374187304, 88.33260735951293, 88.33260735951293
96.09, 97.61084213884561, 99.83465526626343, 99.78304551505036, 98.37298464845264, 92.83534812976814, 92.09119741845568, 92.41882876131741, 93.93189072968333, 89.88176116069329, 89.34287956747639, 89.61498548181858, 88.355187441229, 85.81502052580596, 86.31156131180002, 84.75618479052292, 85.88922846168357, 86.1896367198373, 85.48343543813994, 85.47846355444507, 86.1498863799539, 87.17906024595553, 86.2843119065654, 84.98406826740512, 84.18839048711607, 84.18839048711607
95.13, 95.94527744704521, 97.37217674791181, 94.3477862563255, 93.4169840805457, 92.32565883566151, 92.21072319029881, 88.73031475924871, 88.45409615326427, 88.71790784265744, 89.31013852009829, 89.87940622939311, 90.92178363385226, 89.13185432317673, 86.0197945989707, 84.75618479052292, 85.88922846168357, 84.50371598688248, 85.28133508321218, 85.86185609885128, 86.80958967378788, 85.87977413367994, 85.82486939312408, 86.23898933244517, 86.47527741721218, 86.47527741721218
95.4, 90.1764657796456, 91.4269910694202, 89.75427436583142, 86.61777834923467, 87.53623371542687, 86.80158335888972, 86.23062849849845, 86.3007341533969, 86.9537551465257, 86.23116339932865, 88.56580270687101, 88.04604508139896, 87.9238450324623, 89.43796419427156, 89.43021620877073, 85.7718514778481, 86.31091423792677, 84.52382558249198, 85.8926009680988, 85.52391984339674, 87.839688722083, 86.1037343520967, 87.39452761699788, 89.21533235152377, 89.21533235152377
97.98, 99.00164738222001, 101.10570766357506, 101.14449770385617, 99.73226171908628, 98.0310027068347, 88.6429127122631, 87.8051522359, 89.53025353446314, 89.89311012443046, 89.93102870356633, 91.97679158522368, 91.76904041094974, 90.1188247538936, 90.00262610755512, 91.7167004688865, 90.02339362123584, 91.27556178772498, 93.13574290319862, 92.75814234147026, 92.91851118863337, 94.5430525176047, 94.97837000078687, 94.16270306597683, 95.39176863495004, 95.39176863495004
96.27, 97.9134364310606, 99.89405961117143, 98.00759839886105, 98.8434278282062, 99.85227717294521, 96.23380953451928, 96.47644170274906, 98.96868146451736, 99.66723956537541, 96.35022423945799, 92.68500231512866, 93.42209887544264, 93.55883232823759, 95.40935135097915, 90.11602537302548, 89.23561427012967, 89.8512827801833, 89.43233445036036, 87.96055790475906, 88.32527771619779, 89.25397510466658, 87.39213938117264, 85.79062204088369, 87.59857248574147, 87.59857248574147
96.51, 96.09830879571642, 95.63105851718669, 96.09802785858768, 92.29097999311554, 91.57661181832981, 88.3588656579939, 85.92323444256526, 88.28213351775689, 88.21129917939467, 88.95581646995083, 89.6144123942665, 89.86038316221226, 87.00691236659198, 86.49296721679, 84.75618479052292, 85.88922846168357, 85.21197984701368, 86.5493047905468, 85.8926009680988, 84.73326827916155, 84.32939815556858, 85.82486939312408, 84.98406826740512, 86.0065238209753, 86.0065238209753
94.71, 95.3166909176451, 95.61902797324657, 94.35114197182469, 94.55355424528997, 93.93185296415041, 93.79176900735388, 93.25829628772826, 93.97106389489193, 94.90668278006638, 94.57777877497278, 92.76980902991819, 87.08207519264015, 85.81502052580596, 87.20701100134752, 88.68662056790636, 86.51122768542643, 84.50371598688248, 85.72852115196187, 85.95519495685527, 84.73326827916155, 85.86118130844842, 85.82486939312408, 86.1674139331325, 88.32793850769478, 88.32793850769478
95.45, 95.39587776934582, 91.11252550142645, 88.81683117775542, 89.38450121050475, 90.34096400891778, 85.95312254591387, 86.15064180295983, 85.1083717440069, 85.25911298499855, 85.32928527943051, 84.17834927434514, 85.00796617836136, 85.81502052580596, 87.43548306076197, 84.75618479052292, 85.88922846168357, 84.50371598688248, 84.52382558249198, 85.8926009680988, 85.45887077561504, 86.27548692153424, 86.394241549582, 88.07252137726323, 88.5221499698964, 88.5221499698964
97.67, 98.77309164708134, 98.90677807738786, 99.39919603317495, 100.23723205501986, 101.55941334087807, 100.73750172831252, 101.73069228806293, 102.20157250983463, 103.5193459754703, 102.59167483618528, 100.29664301815855, 96.01407026041576, 93.80805094238245, 93.96262621390433, 94.66509185353723, 91.37014470459307, 90.57029234419731, 92.02494172451678, 92.13489638718585, 93.76118703718316, 93.4012831363203, 91.9363911706037, 88.91071856329097, 91.08490792071422, 91.08490792071422
95.89, 94.17482393740393, 91.83978988208028, 92.2065426643438, 92.49082054265322, 93.33662817035535, 92.05162394638958, 91.4479523333816, 92.30094165420343, 93.46923400985862, 92.19098360990698, 89.83001776468542, 90.48041854977798, 90.60348173080666, 87.94726628275309, 84.75618479052292, 85.88922846168357, 84.50371598688248, 84.52382558249198, 85.8926009680988, 84.73326827916155, 84.32939815556858, 85.82486939312408, 85.59536871560546, 85.87588729822642, 85.87588729822642
95.7, 92.93192999078883, 91.87334294177593, 89.55454800234584, 89.3915516713388, 90.52304034603951, 85.71105431847691, 85.4829156262004, 85.88657172904571, 85.07452887447552, 85.67588852209451, 87.5428250757091, 86.05682395161979, 85.81502052580596, 87.098608657917, 86.37295675082765, 85.88922846168357, 87.93482905710584, 88.8686286381083, 85.8926009680988, 85.60734619809415, 84.32939815556858, 85.82486939312408, 84.98406826740512, 86.81811922414782, 86.81811922414782
96.34, 97.36661450554827, 98.09937530414365, 98.80858687704732, 98.12210708582822, 93.37194294908352, 91.80284564032766, 88.66471287397191, 84.10845337987462, 85.25911298499855, 85.67588852209451, 84.17834927434514, 85.24860211592191, 85.81502052580596, 84.31369739456835, 84.75618479052292, 85.88922846168357, 86.08848803008446, 86.46515074741117, 86.76154472519391, 88.46503513386523, 89.7098391935303, 86.8428260200978, 85.16217088235567, 84.18839048711607, 84.18839048711607
96.74, 94.11811657056758, 93.55670518040922, 89.9507957703249, 90.33785758940137, 90.06703342167414, 85.48961899980043, 85.34142218917997, 84.10845337987462, 85.25911298499855, 85.67588852209451, 84.17834927434514, 85.00796617836136, 85.81502052580596, 87.01765635575761, 84.75618479052292, 85.88922846168357, 86.89024000966045, 84.52382558249198, 85.23913170208911, 86.982212873086, 85.29771569135433, 85.82486939312408, 86.13763100292906, 85.52833689138626, 85.52833689138626
96.67, 97.93405725474261, 93.90759892781963, 92.07692999996928, 91.7294874175096, 93.85109185143934, 92.8769626861878, 92.59580009252676, 95.1809522443265, 91.52887000450987, 91.1267588908443, 92.81608739461147, 93.46813253588716, 85.81502052580596, 84.31369739456835, 84.75618479052292, 85.88922846168357, 84.50371598688248, 84.52382558249198, 85.8926009680988, 86.50343122636504, 84.32939815556858, 85.82486939312408, 84.98406826740512, 84.18839048711607, 84.18839048711607
96.14, 95.959323618744, 92.97065144962346, 86.62160772370399, 85.86990150824802, 84.10957757803895, 85.48961899980043, 85.63234003082916, 84.10845337987462, 85.20996793093744, 85.67588852209451, 88.2313489203691, 86.86047260122103, 85.81502052580596, 85.72839806145062, 85.73730665779411, 85.88922846168357, 84.50371598688248, 86.13664951496688, 86.09769757629356, 85.58693123422285, 86.70453524466151, 85.82486939312408, 85.31377096619664, 86.08597310302578, 86.08597310302578
96.34, 98.02410647909794, 96.70770634253947, 91.22794177479922, 92.10317127384948, 94.63076829953827, 85.89201004156178, 85.81429472210547, 85.74429326381873, 85.87879823209718, 86.04087667202856, 84.17834927434514, 85.00796617836136, 85.65581822732045, 84.31369739456835, 84.75618479052292, 85.88922846168357, 87.02487843416179, 84.52382558249198, 85.8926009680988, 85.25394646506447, 86.28526064055876, 85.08426003042946, 86.65855968851449, 86.72051811842181, 86.72051811842181
96.98, 98.33396600167934, 100.25879476383392, 97.01256719320126, 95.11139651764923, 95.18697091547472, 95.51054421391542, 94.1796707697647, 94.9237669577378, 93.70564607658437, 93.7969169234172, 96.04767917168157, 93.06155998395845, 85.81502052580596, 85.64297191612725, 86.76993869506472, 85.88922846168357, 86.82005888013579, 86.30089667444226, 85.8926009680988, 87.34807181912326, 87.6718809452514, 86.99473052187706, 87.04789772872827, 85.40042515265691, 85.40042515265691
95.0, 91.82206656071578, 87.68487530497076, 87.19148340208666, 85.25147394837903, 85.43424361372674, 85.48961899980043, 85.4829156262004, 87.2662080820531, 85.25911298499855, 85.67588852209451, 84.17834927434514, 85.39236216625936, 85.00333710604423, 85.20003930665689, 84.75618479052292, 85.88922846168357, 86.48600007477462, 86.56415302570937, 85.1992748313637, 87.08522891255626, 88.59845953829895, 85.02521941650713, 85.77913453131927, 87.64863344856944, 87.64863344856944
95.47, 94.69682964512465, 92.269703096727, 88.28886028175667, 86.06223627623504, 87.6283217999799, 87.38074426087645, 88.38880874606191, 89.030154751246, 87.66743414328907, 86.98525323876436, 87.814412239333, 87.13409917633291, 85.17690269864168, 84.31369739456835, 84.75618479052292, 85.88922846168357, 84.50371598688248, 84.52382558249198, 85.8926009680988, 85.42404818843242, 87.61787510389158, 87.61924588462531, 86.46027378114373, 87.38923968529357, 87.38923968529357
96.91, 97.85178163195037, 99.46680059565163, 99.38536513605078, 98.05086122320391, 99.49400881932203, 100.04943458645285, 98.19579704206556, 98.2285052236942, 96.67665395632473, 96.56464589814505, 98.4232722027164, 97.96248854221753, 97.97135671861922, 98.41087683131586, 99.83924391034628, 98.57307857678401, 98.59328971202159, 100.42173778581368, 99.83933140791697, 99.09402297534162, 99.43763627327576, 99.32291838821901, 99.32760078484299, 100.62008569312253, 100.62008569312253
96.31, 92.97831057637393, 93.17304492911006, 92.93829640986462, 90.57186967959773, 92.69000001541124, 92.62449340916335, 92.79481440074794, 93.12654606956096, 92.97492943265883, 93.5755308417803, 95.4227159942913, 94.68439066049194, 95.58452109224505, 95.96640452249622, 97.48655094918404, 97.58749846020001, 97.26602788288426, 97.15415308493941, 95.61252031070512, 95.87802253267431, 97.3789908523773, 96.78512091142792, 96.26678328223745, 94.96182441194505, 94.96182441194505
96.45, 95.530108230965, 97.06379920153213, 96.50240976036721, 94.08904824083574, 92.49869141137754, 93.05539741492296, 91.43451773136897, 86.16581627402812, 87.05895278949538, 87.5126917061291, 89.70120482400667, 90.41783164143845, 89.16803633031218, 90.84078072894842, 92.06761694622436, 92.25052986112968, 93.27920961200942, 93.75795996967254, 93.38070125846849, 94.80198411993672, 95.15351564146579, 95.8745645365879, 96.08740046867557, 95.76293675604599, 95.76293675604599
96.76, 90.67068076028225, 91.57075855072834, 90.05523559892886, 89.57882371010123, 89.2976224136749, 88.2009940553302, 88.08721392697863, 88.53458897121635, 85.61539741842935, 86.12712258528961, 86.64924427391196, 86.54437806027042, 85.81502052580596, 84.31369739456835, 85.55798061652747, 85.88922846168357, 84.50371598688248, 86.13050908896227, 86.07761254760311, 86.69094696530829, 85.70418075236329, 85.82486939312408, 87.24726665601797, 88.46136800733855, 88.46136800733855
94.97, 95.67201341210585, 96.32502097906179, 93.85307324649563, 94.21262732614099, 96.06170609495523, 92.46842097018511, 92.68803046386876, 92.98283977159178, 92.98629300763781, 92.67461467293016, 91.78064977970324, 92.53014675159373, 85.81502052580596, 86.97056336256568, 85.89012789327407, 85.43558127038389, 84.50371598688248, 85.13444900517881, 85.8926009680988, 86.86971400732078, 84.32939815556858, 85.82486939312408, 84.98406826740512, 85.84620723660458, 85.84620723660458
96.58, 96.97072592613326, 97.3848656847553, 96.72800290148514, 94.97747935679016, 95.68675287338094, 93.34423762388705, 94.27380391081317, 91.95164641246018, 92.28760518629308, 92.12056949703745, 94.0882323551461, 94.78971592939448, 95.3960729564958, 96.97082222623509, 96.40839052810576, 94.8006522705917, 96.35064785744045, 97.20912077368719, 97.69021070271542, 96.82539083180173, 96.51859109992795, 93.14251438840498, 93.26479537890268, 93.77598087158877, 93.77598087158877
97.12, 97.4582477159177, 98.00348044017481, 91.89422560477024, 89.5167805491601, 90.93322936118355, 91.03905091935155, 91.58875444760005, 92.62150407623925, 89.71276054997276, 85.67588852209451, 85.21240527506781, 85.00796617836136, 85.81502052580596, 86.58571651091957, 85.41169289896298, 85.88922846168357, 88.10454218318466, 88.77017055752748, 87.85859593665006, 85.68416319039483, 84.32939815556858, 85.82486939312408, 85.04941244992419, 86.47790630336434, 86.47790630336434
96.36, 95.64129842043565, 95.6055398062121, 96.10404507454604, 95.56461451743561, 97.62197804194587, 98.24143430333092, 94.19002926298121, 87.22017062364958, 85.87441742549964, 85.67588852209451, 86.62185284049484, 85.43515793483148, 85.81502052580596, 84.31369739456835, 85.60412284490765, 85.88922846168357, 84.50371598688248, 85.40002570510337, 85.8926009680988, 84.73326827916155, 85.05981727501697, 85.09245392862398, 84.98406826740512, 85.90991797676557, 85.90991797676557
96.86, 92.29298781769157, 90.53936231497026, 89.15048594922554, 88.72267098711379, 88.90158298709319, 87.60398281222781, 85.11321852153313, 84.10845337987462, 85.25911298499855, 85.16579292916364, 84.17834927434514, 85.00796617836136, 85.81502052580596, 85.5829687842107, 87.256026128576, 87.11128503478805, 88.56839395866783, 90.32326134634248, 90.35650129062842, 90.35157327500569, 88.88833675577831, 88.51848552053795, 89.33497957723488, 86.16593350435342, 86.16593350435342
96.73, 96.37053474032571, 98.14652244226521, 95.17160435131875, 96.4528333120337, 98.68568063164352, 98.10518378871257, 97.87271081121561, 98.92594476210418, 99.63965046965086, 97.8097097684328, 99.11940030932763, 98.18495832788004, 97.64954404356051, 99.35648019680879, 96.96109714201991, 90.43990268603491, 91.57043592898073, 91.175332069581, 91.7811737225978, 92.73137880695096, 92.98613485486214, 92.05836856562803, 92.73405727214887, 88.42562428596928, 88.42562428596928
96.71, 96.6455166397563, 97.2498200643319, 95.98206991796233, 93.56471304048672, 92.73890797932732, 87.9500740427428, 88.64728757648876, 87.39429432396145, 88.3184719426215, 86.00589497982016, 87.90369247864902, 86.70677639910727, 86.57629131581122, 88.5116927640149, 89.27205712646041, 88.16765557190462, 88.49355024524246, 88.63700412302789, 85.8926009680988, 84.73326827916155, 84.32939815556858, 85.82486939312408, 86.30056035728259, 84.18839048711607, 84.18839048711607
95.66, 96.24780288590836, 96.03584944296334, 93.6371611287815, 94.94250538241869, 96.79556719154861, 96.39452050644044, 89.5388022729168, 91.67213359939558, 92.34526394949613, 90.78710408844846, 92.86079519527485, 93.6821763171085, 91.9394030233809, 93.90101969356358, 95.86306928384252, 95.42108346843544, 84.50371598688248, 85.54235448691819, 85.8926009680988, 87.03397090635436, 85.38923102765618, 85.82486939312408, 86.71037812221269, 84.18839048711607, 84.18839048711607
95.72, 93.78266631553363, 93.21612594802727, 93.66098121170697, 94.516639699208, 89.3101497888396, 85.48961899980043, 85.4829156262004, 85.56584071835384, 85.25911298499855, 86.05109969994571, 85.14787429935998, 85.00796617836136, 85.81502052580596, 86.89579556616098, 88.14788852360378, 88.67054136676774, 89.24329492093024, 90.69036076978001, 89.02275736813469, 89.5853694314604, 90.72202595805993, 85.82486939312408, 87.21628439802106, 87.64604573081714, 87.64604573081714
96.57, 95.12148705389744, 96.28054555862674, 93.79662245555257, 93.97231073833643, 95.98868332059067, 93.26970647436931, 85.44646997648063, 84.10845337987462, 85.25911298499855, 85.67588852209451, 84.17834927434514, 85.00796617836136, 85.08180017041678, 84.31369739456835, 86.0387229757586, 85.88922846168357, 84.50371598688248, 84.52382558249198, 85.8926009680988, 86.41440773177752, 87.73362521047613, 87.71176125703312, 86.86995702578344, 85.78028498483266, 85.78028498483266
96.81, 96.59796460617542, 97.13486367045537, 94.43489005297978, 94.8161048573154, 93.87437228220521, 89.60569051774401, 90.28586468776096, 89.24966253715276, 87.23091827135123, 85.41531672211798, 85.8700207192479, 85.54926599790416, 85.81502052580596, 86.77162168109781, 86.42534542150547, 85.88922846168357, 85.94665554016244, 84.52382558249198, 85.8926009680988, 84.73326827916155, 85.09801575568946, 85.82486939312408, 86.73753720630947, 84.18839048711607, 84.18839048711607
96.3, 96.19327224059104, 97.18025090792904, 97.87815190429625, 96.47343314317733, 96.94387459373763, 97.26486532936352, 95.87978719060351, 95.57887387696849, 95.67783974950085, 94.98336481017792, 94.61800189389781, 93.60928890076372, 91.93588284459447, 91.35133893147106, 90.53492038074978, 89.03934104478257, 88.9864296393214, 89.16133168471225, 89.60528541938442, 90.95126607819331, 90.36949635481542, 87.83376737477307, 86.739354140083, 87.42549674772756, 87.42549674772756
97.71, 95.3924530991732, 95.48565882810443, 92.04126539151197, 93.55269608051421, 85.33164944827062, 85.53702643866613, 85.4829156262004, 84.10845337987462, 85.25911298499855, 85.13881688262195, 86.6621812292165, 88.31015518427003, 88.67373869732168, 89.85262355213838, 88.5759785898515, 85.88922846168357, 87.43246679649815, 88.25515477979447, 85.15767557380616, 84.73326827916155, 86.30866518551355, 85.82486939312408, 85.4839130337589, 84.18839048711607, 84.18839048711607
95.42, 95.17875106995815, 95.72508194959741, 92.28687979256121, 90.4136640827162, 89.97684669235117, 89.1498852464958, 85.69470024811741, 85.90129599799435, 87.0654057742735, 85.25189710907397, 86.02219999339563, 86.16291751197677, 85.81502052580596, 86.4383712643304, 84.75618479052292, 85.88922846168357, 84.50371598688248, 84.52382558249198, 85.8926009680988, 84.73326827916155, 86.37941031582857, 85.82486939312408, 87.33421305108459, 88.41483040161154, 88.41483040161154
96.28, 94.46975842731176, 96.60289831515308, 94.14990420569315, 94.38522458911403, 96.26552921557175, 93.05873163395736, 93.65801457316647, 93.89266613305811, 93.90240245650233, 93.04586731462088, 94.64699826095465, 93.8156689231322, 94.74460074969177, 95.80455621797327, 97.19646231071559, 95.17766163439927, 95.95537008182636, 94.91494886595027, 90.51019295509238, 87.3568863016327, 88.90866098170474, 87.79136961936659, 88.43302583015944, 88.92990722671836, 88.92990722671836
96.35, 93.90677909817224, 95.52427106810345, 95.24372143605008, 92.94800831341152, 93.80928426144976, 93.42089529186006, 93.77402920504086, 92.38189307541847, 93.23733921019642, 92.76844092853842, 92.69100759663921, 92.20527956939306, 92.34605370927711, 92.49287568640278, 93.01269552533635, 92.91773831996595, 89.04769388427529, 88.10444509452388, 88.39968159276529, 86.87587183619777, 88.8371165275169, 87.76300536859188, 89.19456373674186, 91.42175196336116, 91.42175196336116
96.36, 93.90637643441347, 90.57193043063913, 89.82723679589587, 86.2029399938135, 86.98912714065405, 85.48961899980043, 85.4829156262004, 87.68985681940353, 86.88595730669857, 87.6044609179144, 89.73773011731824, 86.89853953438082, 86.68670020173273, 84.31369739456835, 84.75618479052292, 85.88922846168357, 86.96264313973894, 87.607343549797, 85.8926009680988, 86.5267762129575, 86.50539006200245, 85.35779015244205, 86.39901494535326, 86.1176510610599, 86.1176510610599
96.76, 93.09346176734641, 93.43817100656285, 89.6291792135377, 88.85842968548614, 88.1255010923644, 86.57531862942972, 87.51763454907638, 84.10845337987462, 85.25911298499855, 85.67588852209451, 87.71772639889988, 86.6815291175378, 85.81502052580596, 87.22096871613303, 86.09113740941197, 85.88922846168357, 85.98286154188297, 86.82263352373697, 86.92993025638376, 85.25374260868215, 84.32939815556858, 85.82486939312408, 86.71981627531507, 87.50171462467851, 87.50171462467851
95.86, 95.11108795460595, 96.25871184711859, 97.27094056672156, 97.48114360369503, 97.27451081911244, 92.7365794896345, 90.25266408464903, 91.86601893902677, 91.936886685599, 90.08947898213967, 90.17569249032776, 87.74235818525943, 85.67740902767389, 86.13316202482235, 86.06182502453338, 85.88922846168357, 84.50371598688248, 86.2579776522825, 86.9279129061184, 87.61856796111387, 89.00593749073413, 87.28712602839336, 84.98406826740512, 86.0888907001249, 86.0888907001249
95.33, 85.98482826209647, 84.18163231585689, 85.68112224577713, 86.99014779664584, 89.3440373602427, 85.39433972527915, 85.4829156262004, 84.10845337987462, 85.25911298499855, 85.67588852209451, 86.14402790688969, 85.90291699090518, 85.81502052580596, 86.06538956860786, 86.57986615991715, 86.71760415184661, 87.12692393345421, 87.18828591173182, 86.76898482224586, 88.31859218725663, 89.00483631134358, 88.40305916429196, 88.11515610603212, 89.98875778259344, 89.98875778259344
95.94, 96.38637292263569, 95.09362353017704, 95.02166017559867, 94.52549628973757, 95.71260450432645, 95.73423640288846, 96.19572208615016, 98.21443516830819, 97.56955421521536, 97.47054377465513, 95.80273008588811, 91.36305263206961, 91.61145853856605, 93.70412232942738, 92.50034398905149, 90.43482111428023, 89.77595275621681, 89.13545773556652, 88.71138792982133, 87.97498273101469, 89.25201679922954, 89.71479878930548, 90.70148155783481, 92.0428432563504, 92.0428432563504
97.04, 97.96540404837597, 97.82154628453875, 97.17236585170741, 95.21110034830811, 95.30489711797092, 93.55205594329338, 92.95606099792305, 91.75730122678138, 92.17094753335822, 90.37817302316648, 90.20026414258602, 90.08054092851327, 90.54610636145435, 88.79271231886365, 89.3522915656412, 89.51367953188134, 87.97924614101352, 86.29420361126904, 86.01455457824684, 86.83213828579603, 87.42230090022912, 86.29040199214495, 86.42795106030981, 86.21954169284471, 86.21954169284471
95.36, 94.40376635655537, 94.49651768288473, 94.75776901669573, 94.63443612235903, 94.72661171383105, 92.23489472663363, 90.83601909850606, 88.5530061943585, 85.25911298499855, 85.67588852209451, 85.93124793349715, 87.1970005532168, 87.39699616326554, 87.84369531594248, 88.1351855482792, 87.40208890406417, 88.86062238676547, 88.59378648263342, 88.27313822546671, 89.83695257690808, 88.91759461730095, 88.16218927673718, 86.28916070058403, 88.52746129207702, 88.52746129207702
96.53, 97.90398133494385, 99.51640090148499, 98.65424122310738, 98.93079856213954, 98.9718769410763, 99.61026491647799, 97.85055051973896, 99.70229299047064, 100.03721122605096, 99.3254102962074, 98.4946633913445, 94.61861306417788, 94.91143041055798, 96.68613039870796, 96.34334056146177, 96.25692218264322, 96.63139308238763, 97.6542558530559, 93.1919419091618, 92.50301799332486, 93.96670452503118, 94.33005200270894, 94.68721206909856, 88.57932001055703, 88.57932001055703
96.28, 96.98354796011343, 94.8635002978776, 95.3187082546606, 94.53642148432336, 96.61658347146161, 97.06878958069704, 97.99460786022706, 98.55987918543659, 98.30658165684423, 94.91080998175465, 95.13282570841376, 95.33986769853406, 94.52874151807578, 91.53449563293167, 92.77807119809367, 88.05883328961282, 89.06176683950466, 89.41052478975668, 88.63624970785371, 85.82700472704246, 86.03087778754308, 85.82486939312408, 85.3535746607987, 85.71060060851411, 85.71060060851411
96.67, 94.6531149959332, 95.61418835251725, 92.93396877829612, 87.94678577398324, 87.91813206436768, 87.00950825244088, 85.4829156262004, 84.10845337987462, 85.25911298499855, 85.67588852209451, 87.3021460678965, 88.44143690051132, 85.81502052580596, 87.78736472065715, 85.17652693889539, 85.88922846168357, 87.47617439679276, 89.42660526940941, 88.25928574797715, 87.59212750199393, 88.78145036948706, 85.82486939312408, 86.11006663417855, 84.18839048711607, 84.18839048711607
96.36, 97.7509971458832, 97.99469964757913, 94.03411331678846, 94.09869271502369, 92.81550960733408, 93.18753773057321, 93.23837708049979, 93.12813364524298, 91.57533610652396, 90.8242528501915, 92.17978538479957, 93.5580233198686, 88.8301677946107, 84.31369739456835, 84.75618479052292, 85.88922846168357, 85.9964777780831, 86.98970858640487, 85.36673504966471, 85.10815730884893, 85.82412560666215, 85.45481827769666, 85.5403178379308, 87.82861125575235, 87.82861125575235
96.0, 96.88232798290906, 97.86208723166583, 95.86924828172123, 94.19773257175089, 92.37555512399364, 92.02073639406478, 87.24636749785418, 86.72651937400238, 85.43487515520607, 85.67588852209451, 86.3747725490008, 85.00796617836136, 85.81502052580596, 85.02605150546886, 84.75618479052292, 85.88922846168357, 86.09052659465988, 86.9438546380282, 86.77051845737367, 87.68396266313307, 87.7342266961346, 88.32502942397876, 84.98406826740512, 84.18839048711607, 84.18839048711607
96.01, 97.04196323562022, 98.35822880049287, 98.29968401839979, 98.71065223873019, 97.82017278017035, 95.98111599694981, 96.8016664769252, 98.03001819758849, 95.44489808725586, 92.2979303448582, 92.17102698716236, 85.51480791758588, 85.99275550617364, 86.76984655424157, 84.75618479052292, 85.88922846168357, 86.2746843727317, 84.52382558249198, 85.12898935796, 84.73326827916155, 86.17807831664804, 85.41517308975737, 84.98406826740512, 85.70120811948681, 85.70120811948681
96.77, 94.87560437071714, 94.162360618429, 94.41725895189263, 94.01829209800432, 86.70233043978929, 85.43552463711927, 85.14849664545032, 86.8599528307098, 86.21981365131995, 85.67588852209451, 84.17834927434514, 85.00796617836136, 85.81502052580596, 87.48969399169393, 89.22953832977103, 89.69396038983619, 88.54783906419355, 86.74762450122323, 86.64096877465525, 87.56159245154524, 89.11627773793411, 86.7415469374072, 87.41064626456678, 87.17261876053153, 87.17261876053153
95.77, 95.78720314266398, 91.9282419777704, 91.73095232146805, 88.26840919723976, 88.10014660495816, 86.3468307686348, 86.28792405407324, 84.10845337987462, 85.25911298499855, 85.91692473558122, 86.87192462639469, 88.15470614398085, 85.81502052580596, 87.46534632876458, 86.37021893256983, 85.88922846168357, 86.62880593270587, 86.46434844247293, 85.8926009680988, 84.73326827916155, 86.7739682072171, 85.4168813399931, 85.46040028010142, 84.18839048711607, 84.18839048711607
96.38, 96.83543160294292, 96.84641690669994, 95.47319183457198, 89.79207674043711, 90.81509369209613, 91.20857259253872, 89.09694333388548, 89.2402431101759, 88.70667359802358, 85.65552384086867, 84.17834927434514, 85.00796617836136, 85.81502052580596, 84.31369739456835, 84.75618479052292, 85.88922846168357, 87.52235999089325, 87.64227091001322, 85.8926009680988, 84.73326827916155, 84.32939815556858, 85.82486939312408, 86.17760429375296, 85.50272846548425, 85.50272846548425
96.19, 96.37288578705743, 97.57073812719092, 94.20695706294104, 95.02101281791188, 93.85709937815139, 93.13062639206265, 90.9149264114612, 85.73805931343811, 85.90392153991418, 86.43589437665779, 88.45960504149446, 87.54357609322521, 87.75876883683112, 86.5360052812532, 87.05265563015827, 87.33116882825972, 86.26414903780947, 85.05962182374468, 85.8926009680988, 84.73326827916155, 84.32939815556858, 85.82486939312408, 84.98406826740512, 86.25402588528993, 86.25402588528993
96.51, 96.25550596365859, 97.48965673230708, 96.62130897788386, 96.28559189718409, 96.87079965583833, 97.63233667712494, 98.16181764090197, 99.5141236113027, 100.81772896624439, 99.02087764451662, 100.3508581424526, 99.77306518350521, 99.41165243734747, 100.27105440937443, 96.77679427647283, 97.17586564682246, 99.11000814348219, 99.8136865787545, 98.25202183857748, 96.11278176237246, 96.60704098350362, 96.98385681677227, 94.90251593639701, 94.0554034521934, 94.0554034521934
96.0, 97.18602719070795, 97.34640319095539, 97.4184637883429, 98.05759869066412, 97.4376611677354, 90.43766383958504, 90.78136154866652, 89.28832353370126, 88.85770761915893, 85.2441443452903, 87.07209967488578, 87.41115065460143, 85.911903488982, 87.49860042472173, 85.4705411173364, 85.55008377444658, 86.40969013144212, 88.11879587583411, 86.2096143103187, 84.73326827916155, 84.32939815556858, 85.82486939312408, 87.05490148061237, 85.20227172668345, 85.20227172668345
96.71, 96.64487517777718, 99.18132019257742, 96.38722400625598, 95.18207450491113, 94.76352669978738, 94.8013345734854, 94.62311006129578, 95.28073910900196, 95.29600804672792, 93.27031139723509, 88.53236792220918, 89.67353234148351, 90.41609688101785, 89.01857534242018, 88.94703413327252, 85.88922846168357, 86.97620741723304, 87.82067098811355, 87.76281538936914, 88.97563455073582, 91.29200063209419, 90.11401259015815, 86.1328488371983, 85.62345434902029, 85.62345434902029
96.64, 97.03745473277333, 99.19159655911983, 96.7909152048542, 95.04877121850402, 93.03874161199074, 90.49807788625964, 85.4829156262004, 84.10845337987462, 85.25911298499855, 85.11362537483458, 87.08332110022296, 85.00796617836136, 85.81502052580596, 84.31369739456835, 84.75618479052292, 85.18125194749133, 84.50371598688248, 84.52382558249198, 85.8926009680988, 85.50132594237245, 84.32939815556858, 85.82486939312408, 84.98406826740512, 84.18839048711607, 84.18839048711607
95.85, 95.88724447082261, 96.75376932705225, 96.3536211639591, 97.31579354725265, 98.05923822467477, 98.13886886894372, 96.9166921105672, 96.99219576197862, 97.95765956327159, 96.00471903272323, 97.59769076723053, 96.02760546473455, 92.71510025279994, 94.83204489709962, 95.21103016951825, 94.74576407293043, 94.15710750669851, 95.89077716674933, 94.70986948579137, 94.95355411059853, 93.72461630809347, 92.66270607611007, 94.06450201286727, 92.73310644519465, 92.73310644519465
96.8, 94.4575547868217, 92.85991175206027, 87.65361968068771, 88.36671482957782, 84.10957757803895, 85.48961899980043, 85.4829156262004, 84.10845337987462, 85.13674699682635, 85.67588852209451, 84.17834927434514, 85.00796617836136, 85.06861670579343, 84.31369739456835, 84.75618479052292, 85.88922846168357, 85.30326544633706, 87.02507532522611, 85.8926009680988, 84.73326827916155, 86.50445069124177, 85.91325216160793, 84.98406826740512, 86.64118734226261, 86.64118734226261
96.14, 96.59483560179808, 96.4875847523071, 97.16297683633815, 95.1177696126231, 94.86718306929443, 95.00881632379627, 94.69891804250678, 96.47352815916258, 97.15269035073953, 95.67382978484116, 96.28857819996671, 94.51752306027561, 90.19008986799368, 90.42951419964344, 90.39613633783289, 85.88922846168357, 86.27899847179785, 88.12369054495663, 88.5306980678154, 89.39863533719291, 91.6897001651626, 90.49887538714195, 91.48479278532353, 93.22403808591994, 93.22403808591994
96.21, 95.83417045953111, 95.61206597543553, 95.57769251810085, 90.41545937844629, 92.4238217133677, 93.59417515567435, 91.52018378253946, 92.99144126561315, 93.23264959696701, 91.47983383435681, 85.91539242707363, 85.00796617836136, 85.81610830339179, 86.17050060717699, 84.75618479052292, 85.88922846168357, 85.3501217850455, 86.33919360743741, 85.8926009680988, 86.19447113977391, 86.03095597877939, 85.82486939312408, 85.99631337137393, 86.65491107248272, 86.65491107248272
96.11, 92.94683611166978, 91.27603686904146, 91.70724566878083, 91.5958186549712, 91.79073109646818, 92.05605640467, 93.16507130450685, 95.15207876346801, 95.48989128009823, 96.27608345067142, 98.10788872018571, 95.55067157708505, 95.09980266346115, 91.46324947572722, 86.34243088967511, 85.73759595426739, 84.50371598688248, 84.52382558249198, 85.8926009680988, 87.34371834097915, 88.74170806700239, 86.30653153327397, 87.68248345141679, 87.56133830593883, 87.56133830593883
96.06, 93.68313059434843, 95.37027152255598, 93.95900751338192, 91.20172289251927, 92.74656068237441, 87.50803178225615, 88.665249080233, 89.89456570997125, 89.59781082252134, 86.68581162856448, 84.17834927434514, 85.48028634855531, 85.81502052580596, 87.27114971704624, 86.79707677819098, 85.88922846168357, 84.50371598688248, 84.52382558249198, 85.8926009680988, 86.08987047349491, 85.10531076265383, 85.82486939312408, 86.14345436444444, 84.18839048711607, 84.18839048711607
96.67, 95.08783765679686, 91.97675523032093, 92.08791478390616, 90.53093758724891, 89.8777244812844, 90.03501866123516, 86.25318551985615, 88.7249758244689, 88.74218124789908, 87.15270245611701, 87.94268620980733, 88.80819320419405, 89.61020896938848, 85.16214549239595, 84.75618479052292, 85.88922846168357, 86.81994113996103, 88.35196947321992, 88.53166543669145, 85.21589552631904, 84.32939815556858, 85.82486939312408, 84.98406826740512, 84.18839048711607, 84.18839048711607
96.25, 96.43353973248419, 98.77612144910961, 95.28134808443588, 93.01136556496827, 93.83255988310974, 92.16842155721321, 92.74626673303449, 88.15563819131738, 87.77760439383302, 86.94602930139563, 87.3145799308409, 85.74150292077957, 85.44368963716326, 84.31369739456835, 84.75618479052292, 85.88922846168357, 87.06475486049086, 87.08591574905678, 87.77306318013862, 85.68474854275054, 86.97473482534298, 85.53807039710262, 86.36855730369041, 84.18839048711607, 84.18839048711607
96.07, 94.02963091970538, 95.79693952413706, 95.86488674641306, 95.55507567446084, 96.48586215544606, 95.97773479120012, 95.80802504817895, 95.15192244297803, 96.02627118054878, 95.23795633183946, 97.54440726888288, 98.52525582185248, 97.86138659365558, 100.22214740801905, 101.55904182990042, 102.09055489575412, 98.80819662376047, 100.31170804159355, 99.9829607414919, 100.66653176027307, 102.4826048920388, 101.6773645109593, 102.63095056022891, 104.57166940861924, 104.57166940861924
94.88, 94.67105156898288, 92.87427454566911, 92.86874158865767, 93.13345161944126, 95.59218170303306, 94.4601278346037, 94.45825322446775, 96.89890689555293, 97.1510406826113, 92.34907202075699, 92.96738525972498, 91.7463803728713, 85.8584770162625, 84.31369739456835, 84.75618479052292, 85.88922846168357, 84.50371598688248, 85.63194959678643, 85.8926009680988, 87.1358958095454, 88.81621241878466, 89.32759133651861, 90.17630632134413, 91.42749355706471, 91.42749355706471
95.86, 95.18059135627546, 94.97949954783772, 95.84576380773075, 97.09630592925724, 93.99674871823183, 92.7787176117828, 90.03098397008075, 90.2239062157824, 89.34795491229133, 87.07842648663406, 87.34994664992261, 87.9395938129137, 88.77287994214343, 87.65906097898316, 86.8751663440131, 85.72043233417334, 84.50371598688248, 84.52382558249198, 85.8926009680988, 85.76345409233505, 87.72606155115139, 87.00970416638478, 85.89793086688218, 84.18839048711607, 84.18839048711607
96.75, 96.91835386088394, 94.91422022844895, 95.0192996186543, 95.74260478038673, 94.96484901131345, 96.05942701958126, 94.75198676768316, 94.35442252633098, 92.24453413781673, 93.185260162045, 92.16727466282926, 88.68589932950675, 89.25051234478593, 90.60191559167076, 91.96536664162927, 91.55738026178598, 93.15904754100592, 92.83750189423154, 91.78661615647236, 92.8429983075009, 87.65906343741457, 87.2494671828264, 87.59963088096312, 87.20218892550389, 87.20218892550389
96.37, 97.01511909210382, 98.21880324312048, 98.80123299495536, 99.05415607109136, 101.17762211207496, 99.9459594358262, 100.03571866882801, 101.05595259056544, 102.24424398303724, 99.36924315322123, 97.70654012921959, 94.77351549113074, 95.54307869374749, 94.94674431990835, 95.26343698762244, 94.20611623796906, 93.57380351283189, 93.46849873072814, 93.13139585233345, 90.54629397032976, 89.04370742788366, 89.8563324196215, 89.30711369624747, 90.26571512759986, 90.26571512759986
95.69, 91.49743753262905, 93.38552360271316, 93.35686992580355, 93.3346996884391, 95.54828745019213, 94.77728185414162, 94.04098158478824, 89.27803420734466, 88.66937623173627, 85.72978885642895, 86.94102713402987, 87.6872713539199, 88.01232004085209, 87.52918389845085, 84.75618479052292, 85.88922846168357, 85.63554798218856, 87.5050061660963, 86.77708861869473, 84.73326827916155, 85.13926634939584, 85.82486939312408, 86.13291875085494, 85.00075504292704, 85.00075504292704
95.35, 96.79929513981014, 97.48657426070741, 96.14123564344217, 96.14467350873117, 92.33023981398568, 92.71383614765955, 92.4006252819336, 94.71411896014341, 92.67550034270025, 91.70515843573365, 92.61435453069707, 93.93369515630444, 86.54961309985251, 88.15477317772027, 87.64735093745551, 85.30433778520373, 86.41193806609125, 85.87011718236111, 85.8926009680988, 84.73326827916155, 86.2650081647227, 85.0374020410644, 84.98406826740512, 84.18839048711607, 84.18839048711607
96.87, 96.90615217860194, 98.6790532278441, 97.2162381666817, 98.2233633220756, 98.23029819506029, 98.87062829845372, 97.01310046428084, 95.19023806267619, 89.41038606951675, 87.66903629946702, 89.14741342312543, 90.13396777400501, 89.0835860219969, 88.7034553394734, 89.68152096556557, 87.56185752862956, 88.53470088792831, 88.27606603276463, 88.62082134951187, 87.22181889423094, 87.66649460688701, 88.00263504383368, 87.10442136756704, 88.5681550631823, 88.5681550631823
96.25, 97.37221414770517, 99.90923099026845, 97.0813659943427, 97.54276574397257, 99.4206028969986, 99.23029134977365, 99.05327568918766, 98.41739937652065, 96.1503753849555, 94.07024143494397, 92.10713486067196, 92.9342548971936, 91.93595134268931, 90.04022897135094, 84.75618479052292, 85.88922846168357, 86.01159255367159, 85.38837552015984, 85.8926009680988, 87.82060419350819, 88.40878174109021, 85.51807394465384, 84.98406826740512, 84.18839048711607, 84.18839048711607
96.24, 97.00650205192836, 98.41349397400329, 97.2636530851176, 93.64303190987928, 95.28646263479135, 94.51534549281857, 95.1094755802818, 95.90856809131843, 95.96835365400153, 96.24835713491787, 96.26717192677296, 95.45103605575333, 93.70975796458333, 95.04450935317608, 95.9669102898567, 96.01692180669856, 88.47757744469538, 89.49644801498866, 85.8926009680988, 85.02139708028264, 87.15997144030702, 86.05472059199903, 85.05757848509512, 85.76522837796648, 85.76522837796648
96.55, 96.81023125737092, 98.13401671738845, 95.56955999917355, 96.22554041198916, 97.51643154782943, 98.5582224422331, 95.16113262811963, 95.73093530964408, 96.42534503261724, 93.6553918916811, 91.59917889249851, 90.03567156602895, 90.16935583782664, 91.82068277758121, 88.01898966338874, 87.74743594580741, 88.68558426675357, 84.52382558249198, 85.8926009680988, 86.73779877078074, 84.32939815556858, 85.82486939312408, 85.99248486905091, 85.8659189936018, 85.8659189936018
96.4, 96.78611939805891, 97.24559929657813, 93.49261978347577, 92.4881723517059, 91.63701603747876, 88.91744181085537, 88.64819877145601, 89.64764208587987, 87.22945440438896, 88.02460759673266, 88.11225459693777, 86.13475069318903, 85.81502052580596, 86.34619120272926, 85.03708199816712, 85.88922846168357, 84.50371598688248, 85.74390106740381, 85.8926009680988, 84.73326827916155, 84.32939815556858, 85.82486939312408, 86.55671532874385, 87.90182623241276, 87.90182623241276
95.66, 95.70126735306789, 97.48512651717192, 96.94652160000732, 94.768655673216, 95.0339924949519, 94.90369354377358, 94.75477393789436, 96.99335510902294, 95.10345845695912, 93.36626419814083, 91.14741026460676, 90.53969463982139, 86.45285999124852, 84.31369739456835, 85.47970720482452, 85.24718382531537, 87.3765312027488, 84.52382558249198, 85.8926009680988, 86.53906481921824, 88.24335036392358, 89.1000016377159, 89.82229592260641, 91.92149825164735, 91.92149825164735
95.93, 97.17750944168058, 96.72639468765612, 95.32955780463581, 95.8163659702974, 93.83346342457858, 93.3816871915926, 91.3172111158779, 93.41207513534181, 90.9149378110787, 90.76114467486148, 93.29018182096465, 93.24150757528024, 93.88279625854804, 87.39147894009531, 88.29447719764441, 85.88922846168357, 85.18613108944466, 86.75758570111545, 85.8926009680988, 85.7930437702231, 84.32939815556858, 85.19832935532338, 85.56821103661298, 84.18839048711607, 84.18839048711607
96.04, 95.08245050807798, 92.11197537762834, 92.65860750796234, 93.64071728579357, 89.84674816925643, 89.47581060183116, 86.72490395796525, 84.10845337987462, 85.25911298499855, 85.67588852209451, 85.35313463512752, 85.00796617836136, 85.81502052580596, 87.71616255804709, 87.27833754579886, 85.17261853903135, 86.38682516556777, 86.00969796886805, 86.43545846785388, 86.92692954797892, 88.18892545254788, 88.21280036953527, 89.18736708864877, 91.15220873559976, 91.15220873559976
95.81, 96.24615913059095, 97.36039491179848, 96.44222397120458, 96.11095956291867, 97.11664878767137, 95.75385933932765, 93.58544207890155, 89.95208086897468, 87.85345711547178, 85.67588852209451, 84.17834927434514, 85.00796617836136, 85.81502052580596, 84.31369739456835, 84.75618479052292, 85.43083742270477, 84.50371598688248, 84.52382558249198, 85.8926009680988, 87.40112070538254, 86.95156549303836, 85.82486939312408, 87.41524371760914, 89.81326968117948, 89.81326968117948
95.85, 93.8518884743861, 93.23396141298423, 93.78368356546, 91.83576630478761, 87.8669309222614, 86.86216866671992, 86.412142884136, 86.53936274002898, 87.21179815630306, 85.67588852209451, 84.17834927434514, 85.38778827056035, 85.81502052580596, 85.82513664162681, 85.48770802033702, 85.59987165970676, 84.50371598688248, 85.81347834732507, 85.8926009680988, 86.76620941349891, 87.46804116993926, 85.82486939312408, 84.98406826740512, 84.18839048711607, 84.18839048711607
95.4, 95.70662391949857, 96.33056838766042, 96.68920392768874, 96.78353524111424, 96.84409652122092, 97.89657292330317, 98.06008170779762, 99.82628919386661, 98.81042488505688, 97.95365791254876, 98.91650413554493, 98.49496827122198, 99.09427839255773, 99.02584759690588, 99.73125066935276, 95.30644328190805, 96.94662960210302, 97.66302331359542, 97.73772606154401, 96.06102824782607, 96.74275935360217, 93.64555169879341, 92.67966396449329, 88.84018463225073, 88.84018463225073
96.18, 95.93764111357281, 95.09868433360384, 92.41765037575236, 92.35542548480223, 90.83019272766502, 85.48961899980043, 85.13842877018105, 86.9967589364148, 86.39183277104229, 85.76114569243956, 87.54683666416125, 87.05655047475655, 85.25731959624878, 87.35733284925323, 86.3705116859694, 85.32765089183233, 84.50371598688248, 85.17692875960147, 85.8926009680988, 86.22425300012166, 87.92940561730349, 88.17483009140663, 88.6773171525235, 84.18839048711607, 84.18839048711607
96.54, 95.80407245941937, 93.98174807452054, 91.3476631907738, 91.78377648335771, 88.63112233863883, 86.32670784841501, 85.7175868482281, 84.10845337987462, 85.25911298499855, 85.57248163301497, 86.58236973637675, 87.60768388186347, 86.243381342598, 86.22973156008871, 87.01260352724337, 86.94360699908516, 89.10538099797415, 89.8620560785808, 90.38674113617911, 91.13555498200404, 92.33519618236971, 92.55873925375992, 93.26241483535925, 93.15991545022287, 93.15991545022287
95.91, 97.05238300860873, 97.43904454712101, 95.7570237052733, 95.79681171399325, 95.25581327402364, 94.51585450353082, 94.69952413845827, 92.42558631579087, 90.69962552568742, 87.20266938973582, 87.81935459912889, 88.65753865240426, 88.26368969019731, 89.80128380420499, 89.2651938061119, 85.88922846168357, 85.42455012422127, 85.3221449856962, 85.8926009680988, 84.73326827916155, 84.32939815556858, 85.28607094707924, 86.26531340725148, 85.93513639511133, 85.93513639511133
96.47, 95.7243850713891, 94.21697973481238, 92.87782883666083, 93.04564487393824, 91.82781997385268, 90.4743930320659, 87.39355426777632, 86.59213119792844, 85.25911298499855, 85.67588852209451, 87.02128124997628, 86.47082248461788, 85.81502052580596, 84.31369739456835, 84.75618479052292, 85.88922846168357, 84.50371598688248, 84.52382558249198, 85.8926009680988, 85.878307910484, 84.32939815556858, 85.09779111788247, 84.98406826740512, 84.18839048711607, 84.18839048711607
95.56, 92.05160020685368, 93.32828965376997, 90.40083896860015, 88.86025641886197, 86.16199275597205, 87.07335028117313, 88.0157310346476, 89.60609469762025, 88.80831382613151, 89.78746095288733, 88.90535198917921, 85.00796617836136, 85.81502052580596, 84.31369739456835, 84.75618479052292, 85.88922846168357, 87.3051933245066, 84.52382558249198, 85.8926009680988, 84.73326827916155, 84.32939815556858, 85.82486939312408, 86.21553345086741, 88.33790750832439, 88.33790750832439
96.28, 92.27458347997553, 88.94219365267162, 86.79579757891526, 85.25147394837903, 86.31883079116429, 86.47192361869467, 85.40010656072567, 87.21124521124923, 85.92429403446145, 85.67588852209451, 84.17834927434514, 85.14096124348461, 85.81502052580596, 88.13989212292441, 85.45960400325446, 85.88922846168357, 84.50371598688248, 84.52382558249198, 85.8926009680988, 86.16633732271308, 87.3366081029671, 87.86113795091465, 87.16161331234758, 84.18839048711607, 84.18839048711607
96.9, 94.38072860956278, 94.05596222857483, 93.52223258504448, 92.93852871042401, 91.83535209908875, 90.27747210100111, 90.93566739042535, 91.04763502712156, 89.96213836833506, 89.72111882111336, 91.93373935108428, 92.18891169323278, 89.60756334615448, 89.59081915899628, 88.14960687443472, 87.93295947517689, 87.35810732551128, 88.9097501594176, 86.10071667099386, 84.73326827916155, 86.16300336690766, 86.2397798344838, 85.3601116102886, 85.65200213674139, 85.65200213674139
95.79, 91.11757438047694, 90.98225723860611, 88.10909674770453, 85.25147394837903, 85.17591895978714, 86.00992944074095, 86.35394657171099, 87.89498051580438, 85.25911298499855, 85.96110014608234, 86.31349233218292, 85.02327562988445, 85.81502052580596, 86.71682719349705, 87.84962154077121, 85.01503678567207, 87.1151539841964, 85.12682384845164, 85.8926009680988, 84.73326827916155, 85.58078470440176, 85.99553557911138, 86.88984448871965, 86.99072137237799, 86.99072137237799
95.42, 95.2501707942446, 97.37469393816426, 97.06044931059431, 96.701046004783, 95.95381566959632, 95.81543995028956, 94.90534710730927, 96.37800592498814, 94.84842931507279, 95.13884663130305, 96.93445391051156, 93.74315755165381, 93.61219598678859, 92.44794516173309, 93.27213087932432, 94.0209875323345, 94.2072982673601, 92.18164212891088, 92.04429304552978, 93.52839640712678, 93.73797971187288, 93.13721672692832, 90.85510744735507, 90.33491151307831, 90.33491151307831
95.92, 97.54329203251912, 98.96448150224472, 96.30131412253142, 94.15886649820064, 93.4319176762942, 91.51477034609441, 91.98182133222637, 92.50920880203138, 90.54059982072964, 90.81807082686412, 91.67360081280285, 88.32260432611847, 88.0396150848421, 85.17529262195454, 84.75618479052292, 85.88922846168357, 87.57319375803837, 86.41474449918144, 85.25545420825222, 84.73326827916155, 86.6809141204817, 85.63250513180743, 86.71356202928176, 86.84539309246271, 86.84539309246271
95.32, 93.68613066358084, 90.48449221014656, 91.24930700035699, 87.23960491509352, 84.10957757803895, 85.48961899980043, 85.4829156262004, 84.10845337987462, 85.08132902822793, 85.67588852209451, 85.87175122384414, 85.98705141214737, 85.81502052580596, 86.24765942097378, 84.75618479052292, 85.88922846168357, 87.42338704682518, 88.16878151665745, 85.8926009680988, 87.34493027612679, 86.42138150752574, 85.82486939312408, 85.0303039958431, 85.57422173785362, 85.57422173785362
95.73, 95.61972126561652, 95.20327855754718, 90.0620882271751, 89.63734616413315, 91.74982930353686, 91.83446270999838, 89.07072664489719, 91.01487606925265, 91.0258571454126, 91.30029400296104, 91.47637644707866, 89.13847355297047, 88.93500040462743, 91.24217868045673, 91.53392419041091, 91.70899493806641, 93.6468397368434, 90.41694679753917, 88.50898254083589, 87.69312654977928, 88.3046843015794, 86.20815047885661, 84.98406826740512, 84.18839048711607, 84.18839048711607
96.43, 97.71641690607021, 98.18802940183552, 97.76763561081937, 98.67937479664013, 98.88459167584884, 99.52736739804318, 100.23276099669798, 99.71201389500338, 96.51083101655269, 95.41142915497572, 93.99897424779951, 94.07546035270035, 92.4039336634933, 89.45186758144015, 89.46854866042146, 85.88922846168357, 84.50371598688248, 86.57440425487498, 86.72018343708032, 85.56807952998685, 84.32939815556858, 85.82486939312408, 84.98406826740512, 84.18839048711607, 84.18839048711607
95.81, 96.67232070231802, 96.42261397284544, 96.24121407361643, 96.72304434951855, 97.82618203740174, 96.92356025952259, 97.15287132980596, 99.6854835642398, 96.38627280198264, 94.78807770437668, 94.5895121845625, 94.8552201935981, 94.63040789606457, 94.62051457026509, 95.12111033785331, 91.42036302963342, 92.73218371526798, 93.67997052682334, 91.29297135579957, 89.31476763594597, 88.33943736966282, 87.11437872604994, 84.98406826740512, 85.35341157696462, 85.35341157696462
96.7, 95.30780261846625, 97.09622786511997, 97.72450205585123, 98.28034100534481, 99.53549335725491, 100.24345171376189, 99.64347301954774, 101.7646800053892, 99.20099328320349, 96.4508928215632, 98.15724741567686, 97.67807445665026, 94.3622631242326, 95.68015661537677, 94.7485924901698, 95.33695278936335, 96.84482803387813, 95.19140633254237, 91.89909595009046, 93.03546968940394, 94.5094262132127, 94.41720095206463, 92.25133173656316, 93.75870602752076, 93.75870602752076
96.61, 96.17654462909296, 97.1748572693547, 97.15462246956949, 94.70556706445753, 95.35044863808363, 95.39831413336351, 92.85546268831207, 94.5475267394361, 94.84952427138255, 92.54386427501666, 93.03329851845106, 91.0740128399712, 85.34569275819163, 84.31369739456835, 84.75618479052292, 85.88922846168357, 87.05553491317633, 88.3925271896787, 85.95725371325038, 84.73326827916155, 84.32939815556858, 85.82486939312408, 85.85062623665219, 84.18839048711607, 84.18839048711607
95.38, 92.36373908505618, 93.64439592793728, 92.95867299975545, 93.78933995688456, 95.66249916943903, 95.21986008826003, 96.32644944431077, 97.09550228014348, 95.24112349923027, 93.60476978180718, 95.938777732175, 91.137364967366, 91.91499766585926, 94.0653088158181, 96.04750872086542, 95.90567979513865, 94.70114357392514, 93.74698299680392, 90.35700269458054, 88.73157730172152, 90.69340858161887, 87.96004101305952, 84.98406826740512, 84.18839048711607, 84.18839048711607
96.73, 94.51143085474226, 93.47581470894272, 85.60722066837938, 86.11856643402534, 87.23565028576992, 87.50404427642268, 86.62757447242222, 85.79496454751397, 86.30107831599759, 85.89210983628269, 84.17834927434514, 85.00796617836136, 85.81502052580596, 84.31369739456835, 84.75618479052292, 85.88922846168357, 86.58501041502258, 86.90656587233492, 85.8926009680988, 84.73326827916155, 84.32939815556858, 85.82486939312408, 86.70526752755836, 85.42468292025251, 85.42468292025251
95.02, 92.18788422437687, 92.31533717563737, 90.9178150462705, 90.27622941458505, 92.35545611936067, 91.1052048507523, 91.2308292738781, 90.39092290685281, 89.73645657801971, 89.87829400098134, 90.18717863496408, 90.70625052979909, 90.3696534389672, 91.93478080534409, 93.14726944508323, 90.60913567820896, 92.53238851111333, 91.56038886331372, 90.49461638028082, 87.64699488919433, 88.99076968393925, 87.43299828444357, 88.24661168057666, 84.18839048711607, 84.18839048711607
96.9, 97.74929729692927, 97.76527496838655, 97.77476288184363, 93.7801347628161, 95.82712401523052, 96.29618652881835, 93.0085933511006, 94.22740620351001, 92.7324008313811, 93.20716586101817, 90.4425582225248, 89.28578582065249, 85.91557325883858, 87.28963249990473, 86.79155473695423, 85.88922846168357, 84.50371598688248, 85.489246167686, 85.8926009680988, 84.73326827916155, 84.32939815556858, 85.82486939312408, 87.29270120757235, 84.18839048711607, 84.18839048711607
96.37, 96.06807680876118, 96.54830363303574, 96.4807930358851, 92.39219244884441, 94.41964967757477, 94.4384964564376, 91.96514887437469, 93.42777324825063, 93.99041834955021, 95.06669966656982, 95.96398187915827, 96.80722938258126, 90.66323687217803, 88.66540698206053, 87.48606464242695, 88.12872900724837, 88.79548725431837, 89.78431073844432, 85.42531178981206, 85.18111549397858, 86.09952676928307, 85.82486939312408, 87.27924255147586, 87.95884130007813, 87.95884130007813
95.75, 94.2016004327792, 95.65298419280128, 96.39999256128499, 93.4077730234516, 94.24025941536142, 94.59523370266965, 92.55566860691216, 93.43160845730398, 88.84366018831084, 88.30774605827882, 87.36353658755071, 87.79200546482357, 85.38354067904142, 87.51039197314985, 85.35324559476065, 85.7406428530803, 87.54993059569037, 84.52382558249198, 85.8926009680988, 84.73326827916155, 85.8728528792135, 85.82486939312408, 85.32463993914675, 84.18839048711607, 84.18839048711607
96.44, 96.9881847561841, 97.59114515110112, 97.1058979258189, 98.17595257094753, 99.87132898827143, 99.75123776661682, 96.55495153496679, 93.68555101825166, 94.52541803837772, 92.85160353680041, 94.71061543104683, 96.1243887838576, 93.55254207183127, 95.76644665338132, 91.6571281030005, 92.17489308767179, 91.16931944556477, 92.92958177477051, 93.7455304503177, 88.23389506779175, 85.04574163298197, 85.82486939312408, 84.98406826740512, 85.53341370944509, 85.53341370944509
95.19, 94.50087053599563, 94.58029726709925, 92.77109053406681, 93.92514389596622, 89.94198907923004, 87.61383421383157, 88.02889278743557, 90.24234440639505, 90.45933857903127, 90.74585370336688, 92.78538801742123, 90.94452733236682, 88.64418964028309, 89.53094867565615, 90.22263324391494, 88.37916858183668, 90.34523086036661, 86.7619979699407, 86.72864523516394, 87.30237659125119, 87.34056249125422, 85.82486939312408, 84.98406826740512, 84.18839048711607, 84.18839048711607
96.13, 96.75413114973011, 94.77814960189411, 94.73828776978607, 92.08384373699649, 93.0319606329456, 92.77366004236312, 88.69726612136361, 88.60176343461717, 89.02771286441565, 88.59222526917154, 88.62151238405555, 89.89800515039589, 87.03685904473963, 89.01579061263749, 90.68626920981333, 90.74064616213478, 91.10988940857938, 85.61405254794015, 85.8926009680988, 84.73326827916155, 85.23537471284271, 85.82486939312408, 87.13208893733153, 88.479801336172, 88.479801336172
97.66, 96.37383921691959, 95.15915007162789, 95.09834043174946, 95.09981132054925, 96.03315975407983, 95.37624936497164, 94.32188601459889, 94.96381406332193, 93.8112727418881, 91.35891003844573, 93.3484092807649, 93.70066119954593, 93.56559541941881, 95.65967910696159, 94.92428828697432, 93.62915469206037, 95.35114923806141, 95.20204822524217, 92.32529992152485, 91.80758531747398, 93.72969539969765, 87.19131829738053, 87.0413150359992, 88.10877795675886, 88.10877795675886
96.9, 95.92725730102991, 95.14673124256132, 95.76246915009617, 95.09086405312809, 96.4621941191719, 93.09518129423614, 92.88459825573719, 94.50101519381683, 91.29592503368804, 91.34077560061655, 93.65691518014714, 91.52312998675838, 88.43965588656661, 89.99571892081879, 90.24282207590836, 89.09601635684534, 84.50371598688248, 84.52382558249198, 85.8926009680988, 87.3715943249718, 87.78313994826796, 85.82486939312408, 86.61191024694034, 87.2256079317319, 87.2256079317319
97.63, 97.47466551618133, 96.15038533082726, 91.76786131850427, 90.80687234611429, 90.01123564960245, 88.95188759667948, 88.05002278119255, 89.74315983491961, 90.63680083839523, 88.26058033546055, 87.36680786034178, 85.29534998941696, 85.81502052580596, 87.16155284412514, 86.67628843199131, 86.73691269670528, 86.86489288972918, 88.57012907420383, 87.27987145472615, 88.48559339220908, 90.31169344899033, 85.16416205074032, 86.1126062416704, 84.18839048711607, 84.18839048711607
95.54, 93.98356566588782, 94.91785580470257, 94.33994036211423, 94.93267754299484, 92.85238965309537, 91.8298507996226, 92.10708431371926, 91.73542506448318, 91.81719903480922, 92.62730915366892, 91.20236035057333, 90.67482094401106, 90.87803006629137, 90.31033760811415, 90.50201675620208, 87.74136434279795, 87.07097304927856, 87.08279322360968, 87.22571917501685, 87.67431690975249, 84.32939815556858, 85.24616450778403, 85.62292627874038, 87.8406512819785, 87.8406512819785
96.29, 94.49248966374714, 94.36634699195041, 95.32916528156031, 94.98075777306197, 94.85807524783952, 95.11562365066784, 94.75576991859423, 93.76137811715502, 90.50635683465464, 87.19030657293688, 88.67776073035867, 89.86958764380176, 86.88111396842038, 88.27992042544115, 88.76092196125416, 87.62690903663398, 88.23017233398801, 89.89454308346446, 86.2216475815924, 86.96776677813547, 88.25900120528667, 87.66002496748264, 86.33258734944562, 86.3735944794324, 86.3735944794324
96.39, 96.37128355484546, 97.2126696505271, 93.87913119164062, 91.73340412985216, 92.42725461851103, 90.78599782922132, 90.90658323258005, 91.8917164525913, 90.27335062921944, 90.9614448707425, 89.337233266804, 88.9168170493843, 85.81502052580596, 87.6117796756888, 88.10650248004626, 86.34013258444485, 87.78496944377747, 88.34883224787447, 85.8926009680988, 84.73326827916155, 84.32939815556858, 85.82486939312408, 85.09572096097081, 84.18839048711607, 84.18839048711607
95.17, 95.32753321847687, 94.56638644706598, 94.13746932573105, 94.9355255886125, 95.98901623813511, 96.97079975375496, 96.56701046833824, 98.6320262295133, 99.66615144882017, 94.65652875668445, 89.9698470205527, 87.55472055193052, 85.81502052580596, 85.61945146341351, 84.75618479052292, 85.88922846168357, 85.51873318453934, 86.5033293340191, 85.19303463415912, 86.43399691920489, 86.65168379665376, 85.81224222200517, 84.98406826740512, 84.18839048711607, 84.18839048711607
95.97, 96.6370561769652, 96.36674257245322, 95.85654857278114, 95.81690244453762, 97.41973899025444, 98.1489436516411, 96.85247740623726, 98.77970494195966, 97.94045087163659, 96.52677883079045, 96.290604661816, 94.71482525491975, 93.17892193890509, 92.04373952703364, 90.49973077734981, 89.88906300585579, 89.9466706357489, 90.10495060263905, 87.10292513587555, 84.73326827916155, 84.32939815556858, 85.82486939312408, 86.91462742814426, 87.22682272376785, 87.22682272376785
95.02, 94.17429608649032, 93.39869261536475, 93.54758758941288, 88.74487251264226, 89.96703044488103, 86.4116565398568, 85.4829156262004, 85.92545717448773, 86.5563519527581, 86.22494426821967, 88.62071253346154, 88.47834684716032, 89.06917690165874, 89.83329888050827, 91.03188379359858, 85.60158612023076, 86.80812132120136, 86.06450567537446, 85.58101384017229, 85.88406816255396, 84.32939815556858, 85.82486939312408, 84.98406826740512, 87.07361208780792, 87.07361208780792
96.62, 96.74900316670433, 97.52985676381641, 95.83692153229391, 93.70106472541083, 95.28152962853402, 95.89019054919844, 96.83055882574976, 98.1541548490446, 96.52021098235574, 90.76063862881752, 93.23752122150168, 93.50937893987796, 91.8852130528899, 92.85790796454107, 92.67496161094851, 89.27012478489792, 89.09699676763371, 91.23725475605603, 89.8657517233947, 90.85430477571929, 89.64930958104087, 87.82864765520914, 86.99945178873485, 87.87746762070323, 87.87746762070323
95.34, 90.62641084711696, 90.45243290667288, 90.91739296304168, 88.14633629248354, 89.59509072188959, 87.3057995308924, 88.34216670645641, 88.13776687048656, 87.94804001643668, 88.57976003704226, 90.06453634834409, 91.58167763929042, 91.17455896287775, 90.72301859192335, 90.0135417002473, 88.96028947712503, 90.2506265708129, 91.49301887073503, 88.5817855714836, 90.14182934173101, 84.32939815556858, 85.82486939312408, 86.13755006205297, 84.18839048711607, 84.18839048711607
96.23, 97.7752184683645, 99.6476259973612, 97.83371550450163, 97.34479509461838, 98.52446112935787, 91.69050515811418, 85.4829156262004, 84.10845337987462, 85.25911298499855, 85.67588852209451, 87.36087232334062, 88.2355738159155, 85.81502052580596, 85.72177669884421, 84.75618479052292, 85.04459313925156, 86.80610158618576, 84.52382558249198, 85.8926009680988, 87.70910873070738, 87.7083569350364, 85.17568068939632, 85.41613136197469, 85.59198182054642, 85.59198182054642
96.6, 93.26374968090599, 94.63005667386801, 94.91124008508605, 95.21328761052807, 96.63211506216263, 95.23350603911423, 94.21848160429272, 91.6948040783953, 92.31928621002695, 92.7899979999951, 94.3331344580088, 93.12358677731257, 86.05725646697084, 88.34120600231502, 89.735500985072, 88.68801722359284, 89.14997488884335, 90.41575016246685, 85.8926009680988, 84.73326827916155, 84.32939815556858, 85.82486939312408, 84.98406826740512, 85.27960564642382, 85.27960564642382
96.45, 90.70194375039387, 92.19114101296464, 91.90728161568444, 89.62971275257108, 85.95454635740458, 86.15114716607957, 86.71843772746405, 87.15178632263695, 87.1136039479141, 87.36977400175734, 89.2924129938849, 88.52216923889623, 88.67638763199386, 89.52912308962395, 87.78020587383044, 86.18347094536345, 85.69755741572057, 86.25712930672414, 85.8926009680988, 86.33767772201874, 87.98966608959311, 85.95468287294014, 86.40654918992392, 86.63836749419288, 86.63836749419288
96.86, 97.79337576194699, 98.23445355127392, 96.34098566496004, 95.54461651648516, 93.78102638589972, 93.95910928873943, 92.89414797869632, 93.1798317438026, 92.4717444848772, 91.4511776498654, 89.81626350990386, 87.8770129201749, 86.16202518313715, 86.70129333754613, 85.2985836296725, 85.88922846168357, 88.01930569437431, 88.0525568614924, 87.83216403751568, 84.73326827916155, 84.32939815556858, 85.82486939312408, 85.17324131357198, 86.46152540054854, 86.46152540054854
96.31, 94.65346958813154, 94.19974846985217, 92.58227463302431, 89.47172233155976, 90.48560791000065, 88.37313453643225, 85.4829156262004, 85.02966149469457, 85.25911298499855, 85.67588852209451, 87.17219091635259, 87.83672970633968, 87.67522511033916, 88.89441171792325, 86.62333789466764, 85.27100966314083, 85.13023331828954, 84.52382558249198, 85.8926009680988, 87.12621925172459, 88.75946509495817, 88.85925760179623, 87.50762827267353, 89.98200052473241, 89.98200052473241
96.05, 93.54864939388813, 94.4898510624749, 92.33043126450004, 91.78717268352602, 85.19388378499494, 85.7849569025994, 85.4829156262004, 84.10845337987462, 85.28999504955074, 85.67588852209451, 86.1369539187544, 85.25634426445987, 85.81502052580596, 84.31369739456835, 84.75618479052292, 85.88922846168357, 85.29927465420148, 84.52382558249198, 85.8926009680988, 87.26323150594087, 88.9954334389063, 88.37674796478535, 84.98406826740512, 87.16023704841862, 87.16023704841862
95.74, 96.77590899725948, 98.25990586637195, 95.43828982509378, 96.61534600234543, 98.73999339970368, 97.12333578259674, 94.19726595682822, 93.99300835697686, 94.85728995105637, 92.84817210568355, 94.30285743582843, 94.67315160464841, 93.9729073400335, 93.58770348802398, 93.06708655996492, 92.71951249341454, 94.12668114532065, 93.58186658052234, 93.4566177261073, 95.15881880211774, 96.67642203172134, 96.70105499212542, 98.1023446899403, 97.75616006355676, 97.75616006355676
96.0, 96.92067935302258, 93.47061135347847, 91.88074249941413, 87.15824424096081, 88.5178456906696, 86.4350146624926, 85.3008925559817, 84.10845337987462, 85.25911298499855, 85.67588852209451, 86.49894817549703, 86.58412981647811, 85.81502052580596, 84.31369739456835, 85.7260588728576, 85.8241354695005, 85.81340685737607, 87.9992213280701, 88.30080617121911, 88.40322067112707, 87.79592983134575, 86.66114619789899, 87.46169278786734, 84.18839048711607, 84.18839048711607
97.09, 98.49597585381585, 95.81056659984844, 95.96778011746015, 96.83679890305605, 97.60635456230732, 97.67501528256487, 93.23038950087403, 90.14969200032064, 89.96927726114603, 87.08307787400284, 88.3817270589032, 88.58553848936589, 88.17637142626647, 90.26551329828477, 89.26880671100275, 86.75258990112482, 86.70685440287161, 86.11179074735418, 86.35272518472703, 86.58165995110754, 88.00601573957786, 87.71044713426944, 87.32023518192547, 88.71371909565755, 88.71371909565755
96.51, 95.1353856667658, 94.70460499077937, 87.45843707692855, 87.98673791588267, 86.10080063064913, 87.17333402566442, 86.07895302679934, 86.75827475986651, 87.44158802973662, 86.90778121689202, 88.46115354513805, 85.00796617836136, 85.81502052580596, 85.48282684439499, 86.46756768738788, 86.62057729441922, 87.5173103678567, 88.01503637793391, 87.0295171252244, 88.22581463670232, 86.7373537629425, 86.59134793244968, 84.98406826740512, 85.64590891462332, 85.64590891462332
96.88, 96.67133467981891, 97.42753439764174, 96.3134790114353, 95.16838520903086, 94.21900864880386, 92.95838519548643, 93.0321807735134, 94.94100660974922, 95.99163261973506, 92.18593393830345, 90.26512615925702, 90.21350756862284, 90.37371474868368, 91.93038492950706, 92.4482622915058, 92.3677421897612, 93.20564739991882, 93.53616972129734, 92.7016543624109, 93.02675646612298, 94.94266999895174, 95.07238033114574, 93.25708201335682, 90.7816923623606, 90.7816923623606
96.38, 97.20189603365796, 94.46132679964066, 85.68112224577713, 85.25147394837903, 86.99263208071054, 85.48961899980043, 85.4829156262004, 87.1049038418431, 86.36169707957583, 86.54072035055006, 88.39538432936551, 87.80039837215789, 87.28410327802395, 86.9150933784012, 86.04247051764169, 85.88922846168357, 84.50371598688248, 84.52382558249198, 85.8926009680988, 85.9439652039805, 85.98404617185257, 85.82486939312408, 86.99859308113493, 86.75145337380971, 86.75145337380971
95.27, 93.55119485342821, 89.88379304788444, 86.94817729494618, 87.60385836633968, 85.25448132924086, 85.48961899980043, 85.4829156262004, 86.05109409620636, 85.80812308767436, 85.27922491491219, 87.24598317427336, 87.91032382286613, 87.3860727565303, 86.53138662763081, 86.65877622336201, 86.05165775354753, 85.39818652592112, 86.53802489302068, 85.8926009680988, 87.37199462241718, 87.90510231918095, 86.91765696495878, 87.84467627736791, 89.36625123543955, 89.36625123543955
96.15, 95.80987887310029, 97.56383823704742, 92.13178365498666, 91.87805825223737, 90.14714549339877, 90.83336735201814, 86.58015129118407, 84.10845337987462, 85.25911298499855, 85.67588852209451, 86.91518481966442, 87.66861174404862, 85.87087416599876, 86.33566484798412, 84.75618479052292, 85.88922846168357, 86.17779109982774, 84.52382558249198, 85.8926009680988, 85.55293296746777, 86.60298470445719, 85.8433927875902, 86.54098768740684, 87.74351067938727, 87.74351067938727
96.56, 95.38619468036799, 88.83613886995862, 85.68112224577713, 86.62947430512718, 88.65271335059023, 87.53136871453889, 87.62440913221123, 85.65495074974042, 86.21758916160684, 85.67588852209451, 86.11533208212032, 85.00796617836136, 85.81502052580596, 84.31369739456835, 84.75618479052292, 85.88922846168357, 85.8929952390822, 87.00096869202231, 85.8926009680988, 86.2994021723131, 88.49268223270893, 86.07141667654872, 86.09672047015493, 84.18839048711607, 84.18839048711607
96.75, 95.64282828340892, 97.38192178440451, 98.16258008452684, 92.99706664842854, 93.8041971451046, 92.86226068868815, 93.13172921040764, 95.61338850071091, 92.02642003188564, 90.98204983784225, 92.48861430103408, 93.03777843958233, 92.26083004010367, 94.6255685017116, 94.48992583481603, 94.10210055691658, 92.54212131179227, 94.14459316956578, 90.92254034714394, 88.84928638205382, 89.0388300704701, 88.55723827540052, 88.58909029942495, 88.58140332218248, 88.58140332218248
97.0, 98.28880964834558, 99.29541121783826, 99.36453519150758, 98.75004285879206, 100.81593154174983, 98.57053709293302, 97.47166865565703, 99.530831446728, 96.21964831391925, 92.7726873050223, 92.39778576903662, 92.75870626358845, 92.90890257104336, 94.42672791121949, 94.36781505745894, 94.29741846907997, 93.56973046655497, 86.65231564061149, 85.8926009680988, 87.46040409161431, 86.55769756840793, 85.82486939312408, 84.98406826740512, 84.18839048711607, 84.18839048711607
96.08, 95.2349384826208, 92.47855472435307, 92.13130177476056, 89.97554070966747, 88.87332767291711, 88.18797417066682, 88.28928117432444, 86.97501076341231, 85.25911298499855, 85.32618655279228, 86.66851483815918, 87.84892189668388, 86.55551211974887, 86.84200561701608, 87.30223532334541, 85.88922846168357, 86.76179495551897, 87.61709840795424, 85.8926009680988, 84.73326827916155, 85.6043641619449, 85.80165065424126, 84.98406826740512, 84.18839048711607, 84.18839048711607
96.64, 97.35708084574212, 96.83662695714807, 93.76758906094314, 90.51229459917404, 89.11327209838007, 89.59492780305185, 85.04001035044968, 84.10845337987462, 85.25911298499855, 85.67588852209451, 86.42634848990453, 85.51818776973103, 85.81502052580596, 84.31369739456835, 84.75618479052292, 85.88922846168357, 84.50371598688248, 84.52382558249198, 85.8926009680988, 87.81505496068455, 89.54525281155192, 89.47852312774502, 88.2900240224641, 89.07674014970904, 89.07674014970904
96.74, 97.73336088049679, 99.59341244267894, 100.00391164071344, 99.67564834545777, 100.42549101412847, 98.81303008630266, 96.48734771726177, 95.69687840412423, 93.70429032620173, 86.660030060555, 87.93863624699047, 88.38480953274598, 86.23861734727778, 84.31369739456835, 84.75618479052292, 85.88922846168357, 84.50371598688248, 85.77111630767725, 85.8926009680988, 84.73326827916155, 84.32939815556858, 85.82486939312408, 87.40051700826776, 89.16424167762277, 89.16424167762277
96.87, 95.64184684306626, 94.51417092238, 92.07229553618444, 86.58572218110382, 88.3364770678625, 85.48961899980043, 85.4829156262004, 84.10845337987462, 85.25911298499855, 85.50741748591716, 85.79670147794484, 85.00796617836136, 85.81502052580596, 84.31369739456835, 84.75618479052292, 85.88922846168357, 84.50371598688248, 84.52382558249198, 85.8926009680988, 87.01531539340829, 86.850515059463, 85.65494152413635, 86.53685789436105, 88.20039469347998, 88.20039469347998
94.26, 93.76061003238632, 92.14105075235759, 89.95440011614646, 89.77084018275191, 90.14129660924232, 89.60999986234637, 89.61644830921172, 89.76947715755385, 90.01605847493909, 90.02068305714225, 92.44804295232846, 93.49317017913694, 93.59881515292179, 95.58311024387864, 96.5581842228827, 93.01431008373362, 92.85053471351505, 92.35734925765591, 90.76939955072989, 91.44323489968683, 90.53752948923905, 89.63521555724579, 86.8357280015815, 85.4848857396813, 85.4848857396813
96.67, 97.96475015868333, 94.94661894158601, 95.1540778681242, 90.92565656734331, 85.98781873150409, 85.51983226874255, 86.55671132803405, 86.84533089829822, 87.05783214488615, 86.33496645349507, 87.0690214770475, 85.4745077333972, 85.81502052580596, 87.8299279014988, 89.53252685299229, 87.60402747896404, 88.73397654602068, 90.8300028660875, 90.06895429049113, 90.43808106013056, 87.82280765360774, 85.82486939312408, 87.42597614654308, 88.65443229476334, 88.65443229476334
97.31, 97.5444485152253, 98.62158206866783, 97.10777901349215, 97.75091658520105, 97.975700500714, 98.48028288584085, 98.83374269803066, 99.75704336201495, 99.50627374026294, 99.24784377390482, 100.68073261359923, 101.88124024426702, 100.67086457781032, 100.52397186153087, 101.63344864009439, 102.4836366335189, 102.90181267284028, 103.22699984247123, 103.30533586491234, 102.47659228422407, 101.53118516860079, 101.63665324668844, 99.86012597114288, 99.18036685051747, 99.18036685051747
96.14, 94.42630456993234, 90.65492125527797, 86.48494491681409, 85.25147394837903, 85.88333609597446, 86.25713688394683, 85.4829156262004, 84.10845337987462, 85.25911298499855, 85.67588852209451, 86.76363682837997, 87.4601866964159, 87.86390374794262, 85.67360473678539, 86.03003192893622, 85.88922846168357, 86.18436593048543, 85.74052843723993, 85.8926009680988, 86.30956348864623, 85.85690129872269, 85.82486939312408, 86.7997055198409, 87.01190271488646, 87.01190271488646
96.64, 95.94978036327973, 97.39657952603636, 92.33976145115494, 91.24461267002677, 93.00345257876762, 93.23089185229894, 91.85045305471988, 87.00783836363925, 85.25911298499855, 85.67588852209451, 86.25656796846816, 86.84231894300112, 86.0103857582201, 87.807502622042, 89.70861339262227, 88.07122067964697, 84.50371598688248, 84.52382558249198, 85.8926009680988, 87.15688367426812, 89.05360676770141, 86.69100674497012, 87.46062818079933, 88.87492934927009, 88.87492934927009
96.31, 97.30606724457957, 96.80394818568547, 94.27969492751359, 92.5618932688917, 85.92282680582007, 85.48961899980043, 85.89335614387149, 87.55842011623594, 86.90121622212887, 85.67588852209451, 88.22555428538294, 87.325557306733, 85.10357362172631, 84.31369739456835, 84.75618479052292, 85.88922846168357, 86.5689049461581, 88.64180576282088, 89.4406594579793, 85.90808578477596, 84.32939815556858, 85.82486939312408, 86.59732216014108, 84.18839048711607, 84.18839048711607
97.11, 96.96641299813736, 97.5538697383625, 97.61219838802378, 98.75194113676193, 98.78782751484123, 97.85229246940243, 98.4610023400848, 99.80494359030243, 100.66755319728779, 100.15048388648636, 101.42115093282602, 102.74299191615167, 103.22279689022693, 104.15996610785415, 104.7514391884841, 104.21188964272656, 105.45497893583901, 97.9192635838389, 94.89432607000133, 91.848856050314, 90.274534786889, 90.82047980583731, 90.6080227250869, 89.83468710755783, 89.83468710755783
95.78, 89.70104364446658, 91.07979444879247, 88.17765498239208, 87.55097373028453, 87.5897074707722, 88.42446345865771, 86.61430765545137, 85.05372509088097, 85.25911298499855, 85.67588852209451, 86.51269342525909, 85.91647637502054, 85.81502052580596, 85.31153556021039, 86.61205877696278, 85.88922846168357, 86.70347871359596, 87.98519110239505, 88.47889931818031, 89.26486424142438, 91.51746124301515, 89.59839248486213, 86.83061851486897, 88.86668595957431, 88.86668595957431
96.7, 97.20394200671464, 98.76111613207445, 96.51759597803508, 95.43222384470221, 94.25075095390436, 93.6628657971965, 91.51408445778851, 91.00281047631145, 90.23954968916145, 87.9609700028314, 89.70664610244815, 87.65838448796993, 87.43888493130412, 86.16879718365881, 85.67127185145617, 86.11214257263761, 84.50371598688248, 86.04480961154428, 85.8926009680988, 86.00139668939185, 86.41433169992217, 85.82486939312408, 86.0787410694473, 88.4543833678556, 88.4543833678556
96.8, 93.8946516698214, 94.82550774651673, 95.59886660295217, 96.50395900220457, 98.91717592478258, 99.10510357950773, 98.61214050423747, 98.63502725911043, 99.09184165507543, 95.52998455412367, 92.33264189040868, 91.91045730519473, 92.29608296565075, 92.71293147887266, 93.94972107210413, 91.38005677969672, 91.94626111548746, 92.7165533939816, 90.05820190864851, 91.5495437758487, 92.78814676397484, 93.68670492531392, 89.40725233282895, 87.35162307514899, 87.35162307514899
96.39, 92.39014850721722, 94.18646300783692, 91.57203883149577, 90.14693957722123, 92.57327807110599, 93.7330225996104, 93.56891154268892, 95.7525791407311, 95.82063021831432, 85.95188446525198, 86.47605109662615, 85.00796617836136, 85.81502052580596, 86.71758884977018, 87.43057203463843, 87.25107135308109, 87.41087641368759, 88.9905601083003, 88.42351132124035, 86.84400594185634, 88.07065903120981, 88.64602760423294, 89.79100545162069, 91.51764172576316, 91.51764172576316
96.96, 96.37678603860533, 98.46268734522948, 95.38261774238038, 91.51828965963519, 87.37396289693112, 88.06579628409719, 87.74117569254719, 87.65995508431507, 85.25911298499855, 85.67588852209451, 86.77458777677451, 85.85308374493789, 85.81502052580596, 86.59442484132656, 84.75618479052292, 85.88922846168357, 85.53696782044786, 85.81973614104515, 85.972438673298, 84.73326827916155, 84.32939815556858, 85.82486939312408, 86.4829094289396, 84.18839048711607, 84.18839048711607
95.23, 94.78886301737495, 94.30950256547874, 93.72759376048573, 93.56291272099483, 92.10155635763262, 91.72807938616728, 85.4829156262004, 86.66133074292755, 87.33698362299394, 86.94775924121012, 84.17834927434514, 85.00796617836136, 85.81502052580596, 84.31369739456835, 84.75618479052292, 85.053203303521, 86.61648422446025, 84.52382558249198, 85.8926009680988, 85.71030236015515, 86.08542981188934, 86.37744726802104, 86.22169405998959, 84.18839048711607, 84.18839048711607
96.12, 94.80066049339527, 95.95044099294013, 92.90426089912829, 94.15151365113951, 94.95218156443165, 93.88532319335698, 90.51201231385114, 89.05315984247157, 86.8346981472072, 87.35496286049413, 89.18732341489483, 85.93184402804616, 85.81502052580596, 85.8374691650608, 85.09756838792697, 85.88922846168357, 85.55176880848636, 86.86378939232706, 87.15697429575967, 87.94427952191758, 86.06607106396004, 85.82486939312408, 84.98406826740512, 84.18839048711607, 84.18839048711607
96.56, 96.81858683872916, 96.02428841773023, 94.40227366363995, 93.73846281805636, 90.10886453995087, 88.80286290946209, 88.35230499353779, 89.45337497654778, 90.61745760861318, 87.77067455912274, 85.27172999597691, 85.00796617836136, 85.51581282876519, 86.85980746187798, 88.2396271526787, 87.41212948847834, 86.39494626082967, 85.21650881645276, 85.8926009680988, 85.82572545578678, 84.32939815556858, 85.82486939312408, 85.26285789354917, 86.2086085689957, 86.2086085689957
95.56, 93.4474315906342, 94.02974790858607, 91.51959514214424, 91.63265296666769, 86.96099019934998, 85.59146143946145, 85.4829156262004, 87.13861914841952, 86.72719772207215, 85.67588852209451, 84.17834927434514, 85.00796617836136, 85.81502052580596, 87.75644207650103, 87.11381091946514, 87.41498148345468, 89.22215286308803, 88.32809318493956, 85.8926009680988, 86.55442110432769, 86.60223332991703, 85.82486939312408, 84.98406826740512, 86.12878516592615, 86.12878516592615
96.28, 97.74497397652505, 99.59915131297154, 98.03404634522118, 97.35494055962258, 98.16598952809649, 96.13840993442822, 97.0944594554925, 99.54283547777234, 99.20657393326968, 96.61600130375008, 97.65732408854414, 98.58917993684362, 97.40632973828919, 98.76422085174492, 99.280756442836, 95.43152833804706, 92.11294553517467, 92.22823338871521, 92.74323515699058, 91.78703152511146, 86.68608517008063, 87.48250906652349, 84.98406826740512, 86.16907465208433, 86.16907465208433
96.88, 98.12013699147386, 90.5426438941734, 90.44797548866485, 91.29260256308189, 90.89413589444405, 89.59888212850254, 88.59677937807716, 84.10845337987462, 85.25911298499855, 85.67588852209451, 87.04106289708547, 85.00796617836136, 85.81502052580596, 84.31369739456835, 85.31181242900226, 85.88922846168357, 85.53448981182927, 85.95628072979362, 85.50046571490965, 87.46425942548655, 88.67611955451814, 87.12933538358624, 88.2082440144734, 86.58268347430041, 86.58268347430041
95.14, 96.09015168321864, 96.85819979685122, 95.88174094589296, 95.83098425998067, 98.05677464489175, 98.96356213030438, 98.78849678156003, 99.1907147405048, 99.8291378925818, 99.24203784370623, 92.77501072087189, 89.01635794913199, 87.7875380668089, 88.08522016688237, 90.08830765596336, 88.01902436267085, 89.2294420674121, 89.42230214942171, 88.53897064955106, 89.06742352572037, 90.1633902656825, 89.70397393498958, 89.56551955910972, 89.8256721374628, 89.8256721374628
96.24, 95.52409623266179, 97.43229460884018, 97.0354096102679, 97.58152537826801, 94.77573131220328, 89.07509110312358, 89.22424629332201, 90.88385847686139, 92.24247115846111, 88.54249745210865, 88.04558533814514, 85.37242284433566, 85.68686214258258, 86.50614628872954, 84.75618479052292, 85.88922846168357, 87.96271104766534, 89.98333706310989, 89.5209412059759, 89.43173891364235, 90.50557643722775, 87.2360428498524, 87.30177130170739, 88.28634486045422, 88.28634486045422
96.86, 91.84303785572043, 88.98984813450274, 89.09439569264751, 88.74341015070962, 90.13554461821653, 89.08153525520515, 88.68885041188429, 90.3972430504956, 89.91870252438859, 87.70556617944477, 87.36871298426335, 85.99404962239679, 85.81502052580596, 85.67382728783355, 84.75618479052292, 85.88922846168357, 86.11091152999049, 87.8168812263931, 85.62341205711901, 84.73326827916155, 86.82854698862202, 87.58434973472943, 87.96313196775155, 89.44012602577882, 89.44012602577882
96.28, 93.05687507655794, 92.98418288903484, 92.13500783073324, 92.06627659465401, 93.1258994026897, 88.98554203481932, 85.71159042649212, 85.35245025603396, 85.74293634433842, 85.67588852209451, 84.17834927434514, 85.00796617836136, 85.81502052580596, 84.31369739456835, 84.75618479052292, 85.88922846168357, 87.23509760156635, 87.5844334683266, 87.59734499103142, 88.00112011947814, 88.21253868213788, 87.25371466493134, 86.3476282255891, 88.50057323984909, 88.50057323984909
97.71, 97.35148742984303, 99.44235677599661, 96.22294746549514, 95.47073206138778, 97.03834218977939, 92.71061405274374, 93.27697914352288, 95.77404259220964, 94.75893007561021, 94.27221067185621, 90.9429781044721, 88.50737128185155, 85.79355395966044, 85.7941943774726, 86.62735216378617, 85.88922846168357, 86.48948015026106, 85.86837072097806, 85.8926009680988, 85.38430573644624, 85.6126880379681, 86.00256530161803, 86.79643166214623, 88.94372689341789, 88.94372689341789
97.19, 97.4538755309055, 99.76253658782325, 96.35346677626983, 95.79315532865057, 95.71025662135973, 94.58562568827757, 95.65895070844974, 93.93195714083116, 91.93228446407105, 91.18186480237115, 93.56355095139642, 93.64344183935593, 92.95309158255468, 90.0335570766838, 90.78029499772765, 89.14519698063181, 89.50976652658424, 88.84544901817941, 87.00505405467608, 88.78595976376545, 87.37672017965644, 85.82486939312408, 85.4806152215749, 85.43783371746403, 85.43783371746403
96.55, 93.52568282408906, 94.03490488436456, 93.99052634329705, 92.98915657582639, 93.8742198062643, 91.1567682814876, 92.22151104219168, 93.07725607688494, 93.77124240001837, 93.51592430556761, 95.18639884688255, 95.13637764635233, 91.50135277320915, 93.44417649075288, 93.19092187888081, 93.58664912130608, 95.50553065205621, 96.84882980333118, 96.15175068388007, 95.502997612717, 93.75511006412691, 93.29746446616598, 93.33005495470887, 94.58735074600457, 94.58735074600457
96.61, 95.17004778171214, 94.59955910809299, 94.52405994973857, 94.14380851236628, 96.12582503769409, 97.18862583261227, 96.78261600976707, 97.21778951919778, 93.85612821250133, 90.98323963633196, 91.27366055178386, 92.35447692980372, 90.80375493932068, 92.1806418088913, 91.19130714445159, 85.88922846168357, 84.50371598688248, 84.52382558249198, 85.8926009680988, 86.9628437938876, 87.5877420469549, 85.82486939312408, 84.98406826740512, 84.18839048711607, 84.18839048711607
96.12, 97.22363996211514, 98.1641067243388, 92.42385569120388, 91.76450057706538, 93.44368807460441, 94.28893745583615, 95.57955003333318, 96.91126448372516, 96.44428540153638, 90.93949518829744, 92.02249245101929, 91.65208818216749, 87.52155701748788, 87.78208426831519, 86.66087694843364, 85.88922846168357, 84.50371598688248, 84.52382558249198, 85.8926009680988, 87.01162902736866, 86.34349472320517, 85.26290594928399, 85.70620841631678, 84.18839048711607, 84.18839048711607
95.32, 94.38251762010931, 94.94871681987615, 93.63678618289904, 92.01931767474153, 92.40362709006871, 92.01957065920482, 91.37497993421294, 93.85830620383321, 90.22493906470264, 89.58555112985536, 89.86716235322541, 90.98113448581618, 86.47606508146981, 88.69753940710503, 88.93890163684368, 85.48158225433266, 87.22438207654952, 89.34476303083993, 85.8926009680988, 84.73326827916155, 86.12108622230757, 85.82486939312408, 85.35958146875933, 86.404459530552, 86.404459530552
96.59, 98.08213999493104, 98.86270188806316, 96.68252571637079, 92.4390416583488, 93.47319150706329, 90.87668620071845, 91.05694034295684, 92.07170914470468, 90.0107014193619, 90.0940365490184, 92.03509568514868, 91.98664629258148, 92.19371395037224, 91.23784694613214, 91.88969494110317, 87.18115599173356, 87.01691389673299, 87.18877000255274, 86.46285147794633, 86.66338081924061, 88.12412009431318, 87.35182355738743, 85.26749311776842, 87.1566197113212, 87.1566197113212
95.96, 95.93126315492248, 95.66434591021566, 96.21656104331551, 95.81246427152118, 97.99127845847464, 94.58946317103708, 95.41666352067737, 96.28197782926661, 95.86972013937175, 95.38264639049174, 95.5398198820666, 94.60788933232669, 93.01699655544914, 92.49345068876876, 94.10845154413866, 90.78404381478313, 89.9022005872736, 89.96130108533896, 90.36439231212658, 89.31149430716566, 89.48577891363034, 87.5748655672826, 87.1766576107221, 89.33874524073131, 89.33874524073131
95.76, 94.344255277719, 94.08888043113394, 92.28727629929092, 92.17614087024762, 91.45514470801535, 89.12405076075528, 88.27452015944631, 90.0206653678897, 85.6335295367609, 85.67588852209451, 85.31723285867479, 85.00796617836136, 85.81502052580596, 86.0187688054346, 86.70064243381687, 86.5782258742289, 86.879830578178, 87.62455120112254, 87.44900855249146, 87.95049717365988, 87.90369348339449, 86.76336413781173, 86.24219893639693, 84.18839048711607, 84.18839048711607
95.57, 91.45132685733911, 86.9487556989486, 87.66721810462383, 86.12542863957181, 84.10957757803895, 85.48961899980043, 86.08560182668151, 88.2995660848554, 88.96448901468, 86.58582975860222, 84.17834927434514, 85.00796617836136, 85.81502052580596, 85.34647290067129, 86.88045131212013, 85.88922846168357, 86.25509984071435, 87.04246906002408, 87.26270768312511, 87.84276900209791, 89.53421410596621, 87.33910090792918, 87.5932398714877, 89.33078960599762, 89.33078960599762
96.46, 97.51416037365958, 95.80032674482939, 95.92524760068474, 93.0452159031206, 93.8469756973889, 85.48961899980043, 85.4829156262004, 86.17528350376469, 85.25911298499855, 85.67588852209451, 87.80958481435903, 86.04322427709303, 85.46993019011592, 86.53247348731483, 85.24348994925155, 85.37205714652899, 85.59968530910847, 86.21797516578118, 85.7659066432665, 86.74434682742097, 87.55045761166456, 86.64914487621702, 86.76657921585074, 87.64000439415469, 87.64000439415469
96.11, 93.7127866019374, 93.23416566091635, 91.82645629127299, 93.05467923140628, 93.58718783752981, 91.8907612999381, 88.32123187037084, 84.10845337987462, 85.25911298499855, 86.12996680250954, 84.17834927434514, 85.00796617836136, 85.81502052580596, 85.23754713405893, 85.60090825073253, 85.88922846168357, 87.0513328369742, 87.78404895169899, 85.8926009680988, 84.73326827916155, 85.78380006228531, 85.82486939312408, 86.578595492153, 85.6415757561413, 85.6415757561413
96.67, 97.20959409587797, 98.97506149020104, 99.21107199099717, 98.34691612930192, 99.29624103750476, 99.80128371657081, 97.43432308107325, 98.37167181613972, 97.59037570914197, 95.53240307576031, 91.50940527556402, 92.61192546829335, 92.4922634476184, 93.14075007048045, 93.65054458421143, 93.40344115065456, 95.08161591458051, 94.27113828716384, 95.04026385733609, 95.35911764644419, 93.05131005891592, 93.76431065683869, 94.66054234402662, 95.63204151041414, 95.63204151041414
96.67, 88.66034978389763, 89.79769888643523, 88.81158729494244, 88.7165058271986, 90.16490998194216, 86.79530248658402, 86.07083751665945, 88.17155459465697, 88.85075246176929, 89.2346839901514, 85.07480483630566, 85.00796617836136, 85.81502052580596, 87.21473697191745, 84.75618479052292, 85.88922846168357, 84.50371598688248, 86.53117275978066, 85.45733423688256, 84.73326827916155, 84.32939815556858, 85.82486939312408, 85.05230899753049, 85.86143870449172, 85.86143870449172
96.79, 96.95924124887362, 96.07817801334724, 95.90263801909825, 96.56588031698806, 94.16068985037882, 93.71175290722233, 91.78278143425997, 92.5820943028204, 89.01201182249905, 88.78070497198426, 87.8232373500125, 88.95839116867843, 88.5356282042509, 89.86473481772558, 90.08242940815082, 90.54644501188164, 88.75569478789163, 89.57005675161405, 87.75352025137995, 88.4550308352078, 88.17435261517929, 85.15135472604109, 84.98406826740512, 85.79471526241687, 85.79471526241687
95.88, 96.61316215832176, 95.89719594871714, 92.98613849639901, 92.70125706700125, 93.02642637318073, 91.69753037354596, 91.79848855848225, 90.440808510571, 89.9455929736257, 86.37498371600901, 84.17834927434514, 85.00796617836136, 85.48714727373326, 84.31369739456835, 84.75618479052292, 85.88922846168357, 84.50371598688248, 84.52382558249198, 85.8926009680988, 84.73326827916155, 84.32939815556858, 85.82486939312408, 86.77299761952993, 88.72028548439218, 88.72028548439218
96.39, 95.71209898228535, 94.32106941653758, 91.46685286917979, 85.79655896894494, 87.19852608786363, 86.15326157465549, 85.92627662605571, 86.44667227045639, 85.25911298499855, 85.02693785448382, 84.17834927434514, 85.00796617836136, 85.81502052580596, 87.4429741692299, 87.00488717940391, 86.90277604516297, 88.76601395909823, 91.00987524880586, 90.11677776439478, 84.73326827916155, 86.23585130276038, 86.36074466995592, 84.98406826740512, 85.87271161469266, 85.87271161469266
95.47, 94.21511335719225, 95.08189701212329, 93.13859096137503, 91.72164489824202, 92.15918909642055, 92.43382548526996, 90.04649956972408, 87.53017707539404, 85.25911298499855, 85.67588852209451, 87.03443318723852, 85.00796617836136, 85.47268899441204, 85.35447957258428, 84.75618479052292, 85.88922846168357, 86.34479312775426, 87.47007061963966, 86.26230490956954, 85.50642693503742, 84.32939815556858, 85.82486939312408, 86.77227299187737, 84.18839048711607, 84.18839048711607
94.99, 94.29019711801612, 92.41215090547422, 92.44546151813326, 89.61006509503545, 87.98359574422754, 88.13472845821852, 87.24514773316285, 87.03673132673494, 87.96315855578952, 87.92527192818227, 87.39395642886154, 88.19081653272201, 87.13799626412236, 84.31369739456835, 84.75618479052292, 85.88922846168357, 86.94499804670389, 85.20481762307885, 85.50854629760642, 87.33300572584392, 88.78150510385076, 85.82486939312408, 86.04085168596609, 86.74376526490529, 86.74376526490529
95.42, 93.55925699697599, 94.14921143915838, 93.50837811996405, 93.32606436451583, 94.10329416847748, 91.1084521692594, 90.71080791665811, 84.10845337987462, 85.25911298499855, 85.67588852209451, 84.17834927434514, 85.00796617836136, 85.81502052580596, 86.95052573057774, 85.57570958074969, 85.0341670319376, 85.68939312443025, 86.70689043068398, 86.6483298869933, 87.04662507545754, 87.2576175124805, 85.82486939312408, 85.84891494773241, 85.11749534008032, 85.11749534008032
96.57, 95.26163930316379, 88.24427323111314, 86.5952677687858, 85.69321824540135, 87.28100291181603, 88.0944853070105, 88.42911796171668, 86.99224325472241, 87.76417466875517, 85.61082834197295, 87.82635789321463, 87.30108343254658, 85.81502052580596, 84.31369739456835, 84.75618479052292, 85.88922846168357, 85.52066281196676, 87.04808510856166, 86.42823645368865, 86.54099502086602, 88.0618227659829, 86.97857418190279, 84.98406826740512, 84.18839048711607, 84.18839048711607
96.26, 94.67688065052475, 94.21651012749628, 91.12627245002734, 87.20401888396032, 86.70379420021227, 85.48961899980043, 85.4829156262004, 85.93525846379154, 85.25911298499855, 85.73058686545657, 86.92705936510583, 87.35328012059267, 87.28397377023883, 85.38967032964862, 84.75618479052292, 85.53263703483955, 87.49579387092638, 86.76788759745787, 86.07706553348999, 84.73326827916155, 84.32939815556858, 85.82486939312408, 86.03195605228497, 85.49413973444159, 85.49413973444159
95.99, 95.7799913363172, 93.97233946025152, 94.44444257876206, 94.9886992652769, 96.35502873889743, 93.87646778390129, 94.39558188266217, 95.520173201921, 92.93249927792404, 93.50154286851946, 91.33032041122671, 88.19123736037353, 87.81078796584387, 84.31369739456835, 84.75618479052292, 85.88922846168357, 87.98645398888361, 86.78982936657152, 85.8926009680988, 86.22415555117058, 86.1934088903051, 85.82486939312408, 87.29679554920388, 85.9051459987652, 85.9051459987652
96.62, 95.0131731886087, 95.44376172602291, 94.41606154762103, 91.24205012781744, 92.16489436112582, 89.809140011814, 86.41673749791157, 85.35894689848209, 85.91860127696954, 86.51530684214158, 84.17834927434514, 85.00796617836136, 85.50635296812212, 84.31369739456835, 85.01996677394803, 85.88922846168357, 87.34918167388338, 88.77384979034758, 88.89398981556006, 87.93008002751895, 84.32939815556858, 85.82486939312408, 84.98406826740512, 86.54206745193008, 86.54206745193008
95.64, 96.46220696939429, 98.83285679927823, 97.70536980915129, 97.86759309905223, 99.92654100517849, 95.86029452711206, 96.25095574793963, 95.8836239074122, 94.9352678153222, 90.99035653380707, 89.73111975271804, 89.96028541258926, 85.81502052580596, 84.31369739456835, 84.75618479052292, 85.88922846168357, 87.68317345311269, 85.44800945770338, 85.6281824806471, 87.27856697762479, 87.52495010730037, 87.34769147151688, 86.63048316691736, 86.21199556843094, 86.21199556843094
96.65, 95.36041200586048, 96.1161724184268, 97.14886338196908, 96.56385628792864, 97.81775820524288, 95.5203496023067, 95.26857251680684, 96.02546278550673, 92.94554860658877, 85.63406929721772, 85.18318153716437, 85.54929662080612, 85.81502052580596, 88.02460913125302, 89.10667672121642, 87.25595063403847, 88.54280183374675, 85.64902502628107, 85.56836664231025, 84.73326827916155, 84.32939815556858, 85.82486939312408, 84.98406826740512, 86.36756306791474, 86.36756306791474
95.35, 96.37217637337673, 96.43466813495883, 95.07889486701302, 92.86853316648677, 92.33784518811484, 92.14947038292662, 89.58602741088129, 91.27478226759543, 91.74025696822075, 91.95987957117276, 92.14019223873534, 89.5156372264395, 86.74261822107523, 87.45973519057473, 84.75618479052292, 85.88922846168357, 86.43399018224177, 85.84932403368305, 85.54045308464681, 84.73326827916155, 85.34556762676426, 85.87912452693425, 86.32859603306441, 84.18839048711607, 84.18839048711607
95.93, 92.58452809169086, 93.27049613182476, 93.32795681774209, 92.20100300569392, 93.87678813785536, 93.8273983523037, 93.11569229435504, 92.66387697365367, 93.37993679243249, 91.67482260697031, 92.53987826383805, 92.53386727200362, 91.93058562362698, 92.85341647075921, 92.51933970411103, 90.02151846418799, 92.21400379232038, 93.48556522664532, 93.5122666892473, 94.22625436237988, 88.74987747225498, 87.44093011078036, 85.4721323246278, 86.57414819859733, 86.57414819859733
96.3, 96.7916688393356, 97.04439023742094, 96.21169554550374, 90.75797123424142, 84.10957757803895, 85.48961899980043, 85.4829156262004, 86.39521461259962, 85.31791741076431, 86.10067467468778, 87.4610686405193, 85.98001183710433, 85.81502052580596, 84.31369739456835, 85.69434803118985, 86.05893367601641, 87.20074424808088, 87.7634927864037, 85.88563046187717, 85.64854566087504, 86.32095501094193, 85.82486939312408, 86.32506867530006, 88.25152334973349, 88.25152334973349
94.21, 93.75415701537635, 93.08272932657928, 91.19041865496547, 91.21923002011928, 92.3041118895867, 92.12140027527447, 85.04819383116315, 84.10845337987462, 85.25911298499855, 85.67588852209451, 87.69604361881987, 86.32655156301325, 85.81502052580596, 86.43186009657296, 85.17493437969128, 85.1083591924131, 85.07818693086976, 84.52382558249198, 85.8926009680988, 84.73326827916155, 86.81254919463879, 85.2606939029324, 84.98406826740512, 86.73141824379749, 86.73141824379749
97.71, 96.16569383244693, 96.6269457093847, 95.53409000257172, 93.14796514811604, 95.3224294206067, 85.48961899980043, 85.4829156262004, 86.75986816127109, 85.25911298499855, 85.67588852209451, 86.3950300715356, 87.49152893497222, 85.81502052580596, 86.98764248679954, 88.0989981495066, 85.27754097938958, 86.36765966364075, 85.69695393225443, 86.04623279843406, 84.73326827916155, 84.32939815556858, 85.82486939312408, 84.98406826740512, 84.18839048711607, 84.18839048711607
94.58, 94.42879953106058, 95.26495564627523, 94.98756773398956, 96.21127839540142, 92.49441865014006, 92.58308824185848, 91.86751552227484, 93.60800380317188, 93.8084643380733, 90.97144987587876, 90.1905138938237, 89.5518505679262, 89.5451132386213, 91.27198839012084, 87.21721454460301, 85.88922846168357, 84.50371598688248, 86.0811620629335, 85.8926009680988, 84.73326827916155, 84.32939815556858, 85.82486939312408, 84.98406826740512, 85.91158741199695, 85.91158741199695
96.43, 96.98354456821572, 95.13566860251282, 95.00112386407659, 93.13353755573544, 92.93152881229236, 93.70546075779232, 89.92778731296498, 90.63980199990205, 91.51935482984861, 87.88062545778207, 84.17834927434514, 85.00796617836136, 85.81502052580596, 84.31369739456835, 84.75618479052292, 85.88922846168357, 87.43892047575429, 88.7290953533272, 86.71614744312356, 86.99256290227719, 88.15657007522499, 87.75592575985334, 88.2967304993045, 89.15027460725551, 89.15027460725551
95.86, 95.48357593109725, 93.07297011121395, 91.62537961615278, 91.56727581503205, 89.9040782059179, 90.27315116454928, 89.99939848708615, 91.0314820619849, 91.33906746949374, 91.20652950574105, 90.19083466637836, 90.09145047158175, 85.81502052580596, 84.31369739456835, 85.37595483315573, 85.88922846168357, 86.25342392269505, 87.86101778925399, 85.8926009680988, 85.35024663595195, 84.32939815556858, 85.82486939312408, 84.98406826740512, 86.65187211210758, 86.65187211210758
96.46, 96.91143175534931, 99.3282397331776, 100.02750279083124, 100.2732772378061, 102.49208219431965, 98.18939390674126, 97.11826443685462, 92.0642594822057, 90.35056336374213, 90.81552831765087, 90.23525012435825, 89.78604452810278, 85.81502052580596, 86.85819723865743, 86.89265632535928, 86.17219619586385, 87.03546612030325, 86.24165555896319, 86.2882765693001, 84.73326827916155, 84.32939815556858, 85.82486939312408, 84.98406826740512, 85.48863832129668, 85.48863832129668
96.31, 96.90705469465138, 97.13542555862406, 95.86955368504627, 96.36740764368149, 96.81170893015243, 94.48585430501053, 94.26757419584841, 91.560323286294, 91.45789203006552, 91.62417244317173, 92.85763001674495, 91.45213198194962, 91.99637336813673, 93.07418868796925, 93.95927978960167, 94.65955911912928, 96.30797460389459, 97.88864696054307, 98.14229927488563, 99.26790341990956, 98.48576546181147, 98.82365243826911, 99.96802271023725, 97.69345920104436, 97.69345920104436
95.55, 96.37906466706256, 96.63616746330361, 95.49460567163736, 95.85301813123678, 95.83668555252142, 94.94344279236438, 93.83521309936927, 93.32770969410457, 89.9365565191325, 88.12362302981106, 88.6239238397179, 85.00796617836136, 85.81502052580596, 86.53111748488487, 87.95838604890217, 86.47755796494255, 88.45920486841543, 89.62660913397316, 87.19358007030972, 88.15417441468375, 87.71647513112052, 87.98235484120674, 84.98406826740512, 84.18839048711607, 84.18839048711607
96.05, 94.85561944353788, 97.328321964949, 95.54954959851602, 93.96493876392184, 93.96844695456156, 94.24040109297016, 93.05285200361584, 91.48112263816033, 92.28475596308802, 91.97140467599684, 90.23018917648278, 89.42841793249053, 89.18204907108954, 84.31369739456835, 85.76955236250268, 85.80574629316395, 84.50371598688248, 86.53731692986231, 85.90152633027915, 87.05133383559553, 87.86471029101976, 85.10915715011795, 86.4316305476767, 88.7037167782193, 88.7037167782193
95.59, 93.25143764721552, 90.77079906050272, 90.22105345724316, 88.48998893254789, 89.9563404655826, 90.43102855667172, 89.51876853877903, 89.793264113541, 87.30383068970993, 85.41712108947291, 86.03286980115014, 85.13055384715723, 85.81502052580596, 86.95059370558992, 88.31483723760701, 85.11319437314941, 84.50371598688248, 84.52382558249198, 85.8926009680988, 84.73326827916155, 84.32939815556858, 85.82486939312408, 86.74419789333291, 85.02269622503006, 85.02269622503006
95.97, 96.57031117665629, 98.8735560741141, 96.67229756166263, 96.69970306838205, 99.08178137888416, 98.937016552453, 97.128054267079, 99.58082389813126, 100.6091117444916, 101.14155048562012, 101.65973462595052, 102.10122228354003, 101.58302137488563, 100.12802524400061, 99.28242933849917, 98.50238624419946, 100.5710498037607, 102.5176584483642, 101.87197147921813, 102.85704008356905, 102.6195066902568, 101.40089662906752, 102.62860839547616, 102.60211573581613, 102.60211573581613
96.84, 95.42595158312629, 95.89969607773338, 95.20150740766869, 96.48879430523387, 97.55028682300464, 96.78023132706512, 96.26364659157933, 96.56522931776591, 93.92641669578545, 92.81016741269192, 94.10839730173622, 92.7782514400191, 92.0449236320119, 90.41630562890892, 92.27906485297581, 90.71213388784433, 92.11446817198667, 92.74879548634885, 86.74804481463967, 88.49507330851618, 90.31253232536008, 89.93482022889367, 88.67229720986109, 87.0809816568169, 87.0809816568169
96.86, 97.50633469890832, 98.97734078594983, 98.14682197268188, 98.70596482255829, 101.0466170143832, 97.9402285559436, 96.44829539835887, 97.17954660114178, 96.83525475514914, 96.7346718546806, 98.18054014933938, 98.45389740143531, 97.20130074298048, 96.05525890657124, 97.38852899815586, 95.81211734174394, 96.79693339317215, 98.08814747258825, 97.48520976528756, 99.04124974678851, 93.65063679381002, 92.61036845007011, 94.08007504449046, 96.40473096092067, 96.40473096092067
96.72, 94.71913435953573, 93.70927349924578, 92.16312510412027, 89.73467217449583, 87.50557502265583, 85.48961899980043, 86.00264079697729, 87.48802303054583, 87.55618398315568, 87.19733171737992, 85.06588990557688, 85.00796617836136, 85.81502052580596, 87.85447836591749, 88.19911263355235, 87.53395851396084, 86.73876607144253, 87.10706953979303, 85.8926009680988, 86.91554403821085, 85.33482081524912, 85.82486939312408, 85.87737904985097, 85.64493912484774, 85.64493912484774
94.96, 92.58046697130649, 91.87377832326338, 91.2195740525702, 91.86078975905043, 93.04867202432463, 89.12161361900192, 87.61258331472607, 89.81484170517362, 89.23866990282842, 87.45678498994315, 88.90004369633633, 89.00319352129247, 89.83334335239223, 88.05851827827536, 89.86908932556565, 89.3825107599187, 89.6590398835012, 89.31568363800915, 88.52953675871511, 85.37982402861866, 85.56566624838386, 85.82486939312408, 86.96035926017022, 86.48276269533706, 86.48276269533706
95.84, 97.21190759083086, 96.62219825809746, 94.58650190359418, 94.21074132350284, 93.21781720770582, 94.03333980626158, 93.3089601190815, 90.60374366954868, 89.93260688701595, 85.67588852209451, 86.23948052665487, 85.42829753491927, 85.87995071777956, 84.31369739456835, 85.20351808992744, 85.73787179900148, 84.50371598688248, 85.91989102302468, 85.1119928854708, 85.44263865705415, 84.32939815556858, 85.82486939312408, 85.7107863901941, 87.34820195216722, 87.34820195216722
97.49, 98.39116652023478, 95.33419458269222, 95.24466749146714, 90.54795689349298, 87.16593185478793, 86.63764694604505, 86.58138782714343, 88.64644831389512, 87.88701668244292, 85.59447020942143, 87.27144804858574, 88.21100428524839, 86.26122179526637, 86.52967970155319, 84.75618479052292, 85.88922846168357, 86.01516853690121, 84.52382558249198, 85.02777567875216, 84.73326827916155, 86.34053057592769, 85.82486939312408, 84.98406826740512, 84.18839048711607, 84.18839048711607
95.39, 94.81419431145893, 92.9729938464423, 92.47118825800011, 90.95799101092294, 91.85362377386657, 93.00517395066967, 92.35179321633917, 94.63702927894053, 92.72208723755487, 90.54669859788743, 87.9044192927563, 86.94488162212053, 85.81502052580596, 87.03660219169574, 86.31621369371686, 85.78297237121538, 86.93190617474632, 88.2779519405838, 86.94905788215846, 85.30325514184918, 85.5308255124014, 85.82486939312408, 87.47996820163107, 88.58241285558385, 88.58241285558385
95.7, 95.48617909745501, 97.22886077854793, 96.12198415359609, 95.21676753454746, 94.36672077401279, 95.51224292184256, 94.10116791191268, 88.48114098354091, 87.99311698230534, 86.05032012901756, 86.43078823377311, 86.51875569252566, 85.81502052580596, 86.58039167690727, 88.23659637021393, 87.28852969115734, 87.01310772303358, 87.04772759608306, 85.46885501413952, 87.16532927847625, 87.23449413970742, 87.84709150063209, 88.06449578066749, 89.15289743548435, 89.15289743548435
96.26, 93.72539249885962, 93.7396272594537, 92.44592619372088, 93.2276321165745, 88.81749146406928, 87.3419008768389, 86.29356444583267, 87.98177637476714, 87.3441886251856, 85.67588852209451, 84.17834927434514, 85.00796617836136, 85.81502052580596, 84.31369739456835, 85.10666490995878, 85.88922846168357, 87.47672744393834, 87.39368860897576, 87.15343041753712, 87.33171245865068, 84.32939815556858, 85.82486939312408, 86.40649168208817, 84.18839048711607, 84.18839048711607
95.34, 95.84792749439468, 96.13200756749589, 93.55431043442252, 93.51123853077323, 89.03196826487029, 85.8336448976568, 86.70992169651774, 87.78584284461908, 85.25911298499855, 85.67588852209451, 85.78652312884107, 87.53974207666118, 86.1170756135347, 86.61673601942749, 86.32143268414137, 85.88922846168357, 86.74146465373617, 86.71151048982445, 86.8492340309946, 88.3984506519615, 87.74745576781517, 87.83364092438563, 85.87635758792766, 84.18839048711607, 84.18839048711607
96.55, 97.75223123396118, 98.55342878553844, 98.54900709925441, 96.27523294193679, 98.05973569728833, 98.76627693118937, 97.438490201201, 97.87089418432383, 93.8831463686551, 91.3877954299462, 87.78763997293845, 87.6810112614914, 85.64802698045327, 84.31369739456835, 85.82401702172837, 85.62739934706683, 86.00512117777315, 86.17033824170225, 85.3490501458792, 85.09199344421432, 84.32939815556858, 85.82486939312408, 84.98406826740512, 85.15763775438235, 85.15763775438235
95.77, 95.49934368455497, 95.02577050203438, 93.40445216295971, 93.3457357916771, 93.92965794302404, 92.34392618390328, 92.57563694536267, 93.31012721963218, 92.32074784267955, 90.28191044538006, 92.14812931297344, 87.16108044843719, 87.33837374788482, 86.61435382176069, 87.55277102301044, 87.5419284009874, 86.16015179304524, 84.52382558249198, 85.8926009680988, 84.73326827916155, 85.19535689470395, 85.82486939312408, 84.98406826740512, 84.18839048711607, 84.18839048711607
96.31, 97.46279734791673, 96.48058273992913, 96.49046269748482, 94.14292615803892, 92.24420308929015, 90.51816079785243, 86.4306664442418, 87.31552932610025, 86.03558509394591, 85.67588852209451, 85.55462694895246, 85.00796617836136, 85.81502052580596, 85.87243193983592, 84.75618479052292, 85.88922846168357, 85.68531036273471, 87.14036527871224, 85.8926009680988, 84.73326827916155, 85.27761231469609, 85.82486939312408, 84.98406826740512, 85.53323038885367, 85.53323038885367
96.08, 91.5652933563483, 91.41012513469559, 91.14919259324175, 91.08124311791832, 91.30863229224201, 89.45255810014717, 90.39110786722118, 90.7936103311159, 89.48050288779812, 88.32693127285258, 88.41897144148606, 85.00796617836136, 85.81502052580596, 85.55200062155774, 85.70442669485023, 85.88922846168357, 87.29197396619418, 87.90676316916034, 87.03858000002548, 86.90142410821569, 86.4479881372606, 85.4063437096022, 85.75019926739554, 87.77118444666604, 87.77118444666604
96.89, 97.89733836372667, 96.89714473184036, 94.70862437146185, 95.34787583122603, 89.114179176604, 86.77442282163823, 87.18910955027386, 87.97604613223932, 89.25049442678893, 90.17224791023641, 92.52625164555984, 93.05603222528578, 93.3363277851684, 91.6197694637194, 89.70612749608895, 87.91351306999702, 89.83071410428492, 90.45984402969123, 89.66887358228593, 89.88951169096254, 88.79795232207742, 86.78802415105653, 84.98406826740512, 85.40623583502625, 85.40623583502625
95.97, 97.00553109284171, 97.49655072980813, 96.17724363898951, 90.09923820281216, 92.47703374192632, 92.16628499388956, 91.8823404118803, 94.30463960995955, 93.44955031680377, 92.79648928811699, 93.30861649108978, 92.88097045220623, 93.68369391013958, 94.07105817796044, 95.72568323977703, 94.83674909148355, 92.20626380883024, 94.35983224626086, 93.16784281949509, 94.17986322049326, 95.36353064866421, 94.61058195970887, 94.17591884427289, 95.6853328154919, 95.6853328154919
95.46, 93.7095301480001, 95.82061253739148, 95.99250982013855, 93.70361356998694, 95.95555971763365, 89.51267566278571, 87.18539040286758, 89.5666121233496, 90.32721693979354, 88.12978009675487, 87.54867243206876, 87.30691291574638, 87.4286093709316, 87.95212083497543, 88.11960453398864, 86.44683746778044, 86.62333660211694, 87.80962115842695, 86.61145426301134, 84.73326827916155, 84.32939815556858, 85.82486939312408, 86.49866628580862, 87.4146147778078, 87.4146147778078
95.51, 96.64209827717778, 95.83600366712145, 96.02136178499066, 93.45328124948773, 93.49824677495309, 86.92862441267604, 86.70714701166729, 86.13863707278338, 86.75606531867895, 85.67588852209451, 85.02131562550584, 85.00796617836136, 85.81502052580596, 84.31369739456835, 84.75618479052292, 85.88922846168357, 87.95134537330657, 89.24241281542484, 88.01860718286888, 86.83550483864228, 88.88900267194866, 87.90694448946535, 84.98406826740512, 84.18839048711607, 84.18839048711607
95.92, 95.99352418377619, 96.50738312447378, 94.92072725642109, 93.07599598798001, 92.90774584686368, 91.81099140227407, 89.29083685442737, 91.48013705303113, 91.83801500175012, 90.00568741923352, 89.80128396969357, 89.07754357759079, 88.5192629942384, 89.24275685778208, 90.88324486549959, 87.31936260131452, 85.95900264184995, 87.17039803236169, 87.06223830393617, 86.79879470798225, 88.7534718509069, 86.59637213887554, 85.4258590679864, 85.73309223417866, 85.73309223417866
96.07, 97.81846494988551, 95.4638834349912, 93.88255408127233, 94.40430672871321, 90.51840938707018, 87.09202219577746, 85.87379835390986, 87.0133909171271, 88.05365994612528, 88.90598805952206, 89.33582431212413, 90.57694726424009, 88.18731433161496, 89.67316789099236, 86.9869030679652, 85.88922846168357, 86.05732146352018, 87.45954001875047, 86.63503335662398, 84.73326827916155, 85.75158342222352, 85.82486939312408, 84.98406826740512, 85.40133076261002, 85.40133076261002
95.21, 95.03708657767751, 93.20184880848672, 93.04208309150715, 86.23380978183538, 84.10957757803895, 85.48961899980043, 85.4829156262004, 84.10845337987462, 85.25911298499855, 85.18571029761081, 87.23159810616835, 88.26941397474775, 86.17394107998227, 84.31369739456835, 85.07632984912551, 85.88922846168357, 84.50371598688248, 84.52382558249198, 85.8926009680988, 86.86231680267117, 87.87869558569255, 85.82486939312408, 87.06904982902988, 85.58484496372222, 85.58484496372222
96.46, 95.89816413037924, 95.33450914422704, 94.46736340663556, 88.51106620744355, 88.71091200782787, 85.48961899980043, 85.4829156262004, 85.99131401267871, 85.87376987338986, 85.67588852209451, 86.57836148254539, 85.00796617836136, 85.81502052580596, 87.3279458791285, 85.49956602429849, 85.88922846168357, 86.5660852153769, 86.46756592919097, 85.8926009680988, 84.73326827916155, 85.26145861910038, 85.82486939312408, 87.16684827639367, 85.42591872629359, 85.42591872629359
96.06, 96.09123598928431, 97.39768513695758, 98.09504196129677, 98.31834271193367, 100.06809833774687, 97.90094010867415, 97.21178748249847, 99.47796415874684, 100.30824506278528, 99.0425338770852, 100.1118214438995, 100.40181673297698, 100.93651868993581, 103.1192027940853, 103.55394432279202, 99.40808067736184, 99.94202370613691, 100.84125466405587, 100.39866436587154, 102.20048329522585, 102.97799291674335, 103.1625844624983, 103.25852942861388, 104.03826025098904, 104.03826025098904
96.05, 94.6138468792645, 92.46571120454882, 92.08781309042288, 90.41215580217693, 92.17155378666935, 89.82798423139185, 85.16866299945852, 86.21695688553643, 86.8496101689271, 85.11646041244524, 86.66107685767682, 85.8966638184014, 86.41157743178829, 88.04451255722013, 86.46259406410493, 87.23951970169934, 84.50371598688248, 86.43629788711493, 85.8926009680988, 87.13848289292505, 88.58795946351708, 86.76438382749606, 84.98406826740512, 84.18839048711607, 84.18839048711607
96.01, 94.73342336275056, 94.53800012799039, 93.97595961324888, 95.10409061497268, 96.53371602760599, 94.28731438229902, 94.53443566027158, 93.00467781311848, 93.58004490362211, 88.78738511503389, 86.0731768981136, 86.81809328602641, 85.81502052580596, 86.76461232463072, 87.8490265921989, 85.55003221799286, 85.29385930609843, 84.52382558249198, 85.8926009680988, 86.5051024754676, 88.89729836119554, 85.82486939312408, 86.13706726094031, 86.9622340278529, 86.9622340278529
96.97, 95.91666781917581, 96.36840198708586, 96.92069850790801, 97.97633455934262, 96.50886161001792, 96.73503595221739, 96.33609602585173, 97.89484049428357, 97.73908424010024, 95.4696805051445, 96.34456708553063, 94.0787366983917, 94.02601264844964, 96.38710867464, 96.50419650124921, 93.63629827194043, 95.17703099895115, 96.60518893959895, 91.77051149569107, 85.38028697056777, 86.44157219559294, 85.82486939312408, 86.87629342747516, 86.6849228035079, 86.6849228035079
94.94, 91.24447072245603, 91.28866560489352, 86.8122858345738, 85.30431637363445, 84.10957757803895, 85.48961899980043, 85.4829156262004, 87.1326665234725, 85.94377955210861, 85.67588852209451, 86.7859255771144, 87.37375835649335, 85.81502052580596, 85.54300078981294, 84.75618479052292, 85.88922846168357, 86.11753891561021, 84.52382558249198, 85.8926009680988, 84.73326827916155, 85.37673124295641, 85.82486939312408, 84.98406826740512, 84.18839048711607, 84.18839048711607
96.1, 93.57634201761111, 92.22803371541954, 90.56564253068659, 90.1071018184513, 87.87892253091823, 85.60372845442211, 85.4829156262004, 85.09085404356446, 85.25911298499855, 85.67588852209451, 84.17834927434514, 85.00796617836136, 85.81502052580596, 88.27876143620163, 88.50042950757344, 87.65050177085536, 89.37352905152352, 89.30932724020123, 87.35823255300717, 88.96115786037878, 89.73520879331456, 85.82486939312408, 84.98406826740512, 85.01589511289855, 85.01589511289855
97.25, 96.58382343021519, 91.43790045094, 89.40858176661145, 89.0081038116301, 89.7039436506333, 90.01442883757115, 88.23717694877008, 87.99868600892805, 87.78210657901182, 87.63537408361339, 87.36165048101053, 85.00796617836136, 85.65055002223946, 87.31034841386587, 87.86383532311235, 87.70236965639764, 87.41794006686706, 85.67364872720671, 85.8926009680988, 84.73326827916155, 84.32939815556858, 85.82486939312408, 86.2483292826377, 84.18839048711607, 84.18839048711607
97.3, 94.4381721661239, 93.54377341914444, 89.9333566653962, 88.58865750769351, 89.73986685489903, 88.20160319436546, 87.33101864594117, 87.1699684525176, 86.412626229434, 85.67588852209451, 87.77607890316148, 86.54749209347894, 85.81502052580596, 85.69310405222969, 84.75618479052292, 85.88922846168357, 86.63785072769336, 86.21925254142889, 85.8926009680988, 86.5254903990966, 88.79140439212102, 89.40416135412359, 89.7303606858476, 88.93133585111336, 88.93133585111336
96.03, 92.33923956865715, 92.82223188830127, 93.50078819397726, 91.23312006885253, 92.45814175749709, 91.2460521089465, 90.31969767869528, 92.6934905855391, 93.59866918116646, 92.86148555251157, 93.88523778434332, 93.05956381816915, 91.47086439121745, 91.32965024953019, 91.08529188170633, 87.79712852702208, 88.93270909694789, 86.55280547456458, 86.93453273544854, 87.48558085660507, 86.46550498616618, 85.82486939312408, 84.98406826740512, 84.18839048711607, 84.18839048711607
96.64, 97.98436916724796, 98.94621607865491, 96.96198592332338, 94.17235600549964, 95.39908384607863, 91.198631596764, 91.70765855196764, 92.19047905560993, 85.25911298499855, 85.67588852209451, 86.06618245721079, 86.454809053661, 85.81502052580596, 87.30885150730182, 85.93377296857177, 86.43398838415395, 84.50371598688248, 84.52382558249198, 85.8926009680988, 86.79215824001157, 87.81101021475334, 85.27299461055254, 84.98406826740512, 86.94315104063796, 86.94315104063796
95.33, 96.5602895198155, 98.68562874785854, 88.77201429621833, 89.18976230946633, 88.20649998633752, 85.48961899980043, 85.38929024274651, 87.22384808953782, 87.71738610738053, 85.67588852209451, 86.12186563746333, 85.98857279061588, 85.98751951620683, 88.40740496606898, 89.71787132798431, 89.4170899041049, 90.34048054121843, 85.6339060179677, 86.21138963543733, 85.41070403355883, 84.32939815556858, 85.82486939312408, 85.53656468490125, 87.77865274520917, 87.77865274520917
95.89, 93.00974382712003, 95.06268510339156, 95.21194216130648, 95.71624534182561, 95.3961060616158, 94.97311687918385, 93.32800190370341, 93.8361004340185, 90.97500232374497, 86.40465199862439, 84.17834927434514, 85.00796617836136, 85.81502052580596, 86.19765200323268, 84.75618479052292, 85.88922846168357, 87.50821951046132, 88.20184866993596, 88.6807364006598, 89.58061287045088, 89.17212935207557, 88.28833114693897, 87.78380122879166, 89.43395471847083, 89.43395471847083
95.14, 94.93280085249663, 94.18539979432657, 89.58459191112019, 87.57781793500658, 88.74444420888899, 89.00473419491213, 87.9179470482963, 90.16630025060968, 85.25911298499855, 85.67588852209451, 87.07099334839701, 85.55564404837567, 85.65550359739966, 84.31369739456835, 84.75618479052292, 85.88922846168357, 87.07017899688243, 88.53856058927379, 86.46260709929592, 88.49253012727681, 89.7533295884133, 88.29022340021424, 87.13980721568026, 86.76295068786769, 86.76295068786769
95.76, 96.86877979988881, 97.52210870318723, 97.57276660044543, 98.84975959959581, 94.40338502391387, 94.92029394843901, 93.52270020607622, 93.19216393113628, 91.87597446941925, 88.49444466070642, 89.53039920177626, 89.03632016317025, 85.75507304068596, 84.31369739456835, 84.75618479052292, 85.88922846168357, 86.91736139245106, 87.478098034424, 87.16293414439144, 84.73326827916155, 84.32939815556858, 85.82486939312408, 86.2172599504282, 86.90397915383085, 86.90397915383085
95.52, 91.98498026980083, 91.4209315090156, 91.81229602651473, 91.60510232539608, 92.51996872116199, 91.15070322577704, 91.36411715984178, 92.3812434448617, 92.35500482865287, 88.9801520491305, 90.13311138998768, 91.1188916712439, 87.439314472731, 88.62814611547103, 87.99701795342071, 86.57838303494279, 84.50371598688248, 85.00215938761443, 85.8926009680988, 84.73326827916155, 86.35867931293969, 86.56499500536123, 84.98406826740512, 86.07263569118061, 86.07263569118061
96.01, 95.49062868072104, 96.63169237583153, 93.15364657705287, 87.7237375979827, 88.39534530987487, 88.74217154976535, 87.96122419930599, 89.08895909163844, 87.60795819826757, 85.67588852209451, 86.53951754469014, 86.40357907126865, 85.49230907428313, 86.36824394114063, 85.70815650908217, 85.27499126189673, 85.67437854566326, 87.78149332124337, 85.8926009680988, 86.61829978139696, 87.1490198403946, 85.83186490171742, 84.98406826740512, 86.19569591506536, 86.19569591506536
96.85, 97.09472598385726, 97.04179732261115, 96.40701605745345, 96.73276859965047, 94.64537353651201, 92.5083076540719, 90.81199099917022, 92.69264076092496, 89.7940934396899, 87.82871368319533, 88.1579302031367, 89.05206772132476, 89.85832484448738, 89.88443078093489, 89.03703022566668, 87.40269158221432, 87.88469493504512, 89.74135754828005, 85.8926009680988, 85.38030664052563, 86.96727873430778, 85.56382748438189, 84.98406826740512, 86.37052347081456, 86.37052347081456
96.33, 97.09584107932506, 97.55996481418725, 97.15861949634748, 94.2594159087109, 94.29000837350135, 94.2318615258355, 93.88599120042784, 95.0242706674107, 93.79517777497517, 93.42967920875579, 94.35770941933187, 94.14938625802992, 91.73544427320451, 93.99974853642374, 94.44239510411354, 93.397068625341, 94.80501866326891, 96.67498996837087, 97.44978917029607, 98.08790862380238, 98.1499421134512, 98.47908980754404, 98.04725065235411, 97.91066116644136, 97.91066116644136
97.11, 96.50584051546979, 96.01265895568405, 96.34696673302322, 94.95188439042325, 96.847267255985, 95.33404844696362, 93.8989828559633, 95.73811062473993, 96.14025464388983, 91.88983914438658, 93.41359671575108, 92.85565626585709, 92.53296815769909, 91.41439567239412, 88.13238605034702, 87.95577933909733, 84.50371598688248, 85.54476134784903, 85.8926009680988, 86.55135311049726, 86.08904096731683, 85.82486939312408, 85.2436984478401, 86.77870608551886, 86.77870608551886
96.72, 97.0950265123577, 97.06119945551899, 96.33913421561252, 94.62083360087766, 93.76853587383953, 90.9422903394217, 91.58271835004722, 92.32264553785897, 89.36157478764768, 86.63359397307399, 88.94259075983423, 85.74862203552678, 86.3316976412243, 87.80301746036226, 86.63237897536193, 85.2589717790811, 85.33540351889506, 84.52382558249198, 85.8926009680988, 86.36477429884346, 88.07623974711315, 88.80462980953659, 87.47301834085239, 87.09005186005214, 87.09005186005214
95.68, 96.45508167040363, 98.08813678038489, 97.66899907580286, 98.21701499564377, 98.94886485748924, 95.5319395371824, 95.66294910068005, 96.25582485828555, 94.60055995364716, 92.49563317074082, 93.68236098831262, 91.99256649248954, 86.72718740766734, 86.15169914845131, 87.30473083394565, 85.47487770176873, 84.50371598688248, 84.52382558249198, 85.38597782158892, 84.73326827916155, 84.32939815556858, 85.82486939312408, 86.25521451459504, 87.33362034893985, 87.33362034893985
96.06, 97.66311345289125, 96.72732235798344, 97.2196420510475, 95.83245277079847, 96.0344426728087, 95.49059590265438, 92.85844982524716, 94.00918695720603, 91.63938244255984, 91.71842819626607, 93.31971290371023, 89.85791926862731, 85.40525074833197, 86.00655084582783, 86.90783791643743, 86.49221136498099, 85.38277965357999, 86.50428728199019, 85.8926009680988, 84.73326827916155, 84.32939815556858, 85.82486939312408, 85.30866858909178, 85.62023325790446, 85.62023325790446
95.44, 92.89000549563485, 94.15554410638603, 92.78679802844604, 92.17784130645109, 93.47768682815548, 93.26169957140384, 90.26942039975746, 89.23642147764339, 89.6071559868515, 88.62260144842409, 89.20210536131123, 88.35495062904214, 87.71534085518155, 86.93138889523067, 86.62583540410458, 85.88922846168357, 86.11229071975363, 86.22775809593622, 85.8926009680988, 84.73326827916155, 84.32939815556858, 85.82486939312408, 84.98406826740512, 84.18839048711607, 84.18839048711607
95.19, 95.39914408212074, 92.43829725384464, 86.88551557498286, 85.25147394837903, 84.10957757803895, 85.48961899980043, 85.4829156262004, 84.10845337987462, 85.25911298499855, 85.85338055238965, 87.37330669980877, 87.86646344035312, 85.81502052580596, 85.59310810524155, 84.75618479052292, 85.88922846168357, 84.50371598688248, 85.21334783198354, 85.8926009680988, 84.73326827916155, 86.83200860631547, 85.82486939312408, 86.70601120831567, 85.63930775056606, 85.63930775056606
96.55, 96.34776030856881, 98.0529344424331, 97.87774091768851, 98.35305882976763, 98.41908743306523, 96.24183052405019, 94.84911503990612, 90.56976428275507, 91.91710643700728, 91.31905477770101, 88.75348687548588, 87.51203294488622, 87.8232831825679, 85.5870549922849, 85.60656425729753, 85.88922846168357, 87.01356716954757, 88.33311780223889, 87.89519322850455, 89.20458357281089, 90.11697689877992, 90.03096168323265, 89.2382734531525, 89.11649422103936, 89.11649422103936
95.5, 95.00101182998179, 93.82167541168437, 90.79195631523022, 91.17352676470716, 92.68960593717408, 92.35527561505512, 93.17939424551575, 95.55760313672444, 95.84231143344867, 94.271530025283, 94.77623925128053, 90.20176107222098, 90.42561141645486, 90.00123436911025, 84.75618479052292, 85.0163934530632, 85.97601215180109, 87.32033654718359, 85.8926009680988, 85.14787541463804, 85.69173578435147, 85.82486939312408, 84.98406826740512, 85.59798983922914, 85.59798983922914
96.13, 97.47702478996683, 96.83819566874834, 94.79155675446381, 92.795357984563, 84.10957757803895, 85.48961899980043, 85.79835565253455, 87.72653186746798, 85.25911298499855, 85.67588852209451, 88.00457559176155, 87.65671043557867, 87.59161207660371, 87.14512993513439, 84.75618479052292, 85.88922846168357, 85.97451409092822, 86.22807861515373, 86.57007301181736, 86.3943265696522, 84.32939815556858, 85.82486939312408, 85.52984908453826, 84.18839048711607, 84.18839048711607
95.55, 96.66017335486325, 92.78843632611864, 92.58072700687073, 93.64710002028666, 94.07438634260906, 94.72750999249237, 95.08544108193063, 94.16826486490737, 92.32458714556954, 92.51726403129571, 93.34420937880084, 92.01944735068172, 91.09997835925373, 90.91237544046969, 91.62344855521779, 91.3973275940915, 91.69323105202054, 93.37146591435673, 88.60180263745411, 88.58475843110119, 91.03411045010914, 90.65709876694234, 90.89659411289661, 90.60855740732019, 90.60855740732019
97.3, 98.16114197142058, 93.40142699004903, 90.55854462638399, 90.44628651341755, 92.02911297993627, 91.69922760958869, 91.43115152294371, 92.89829373349099, 91.91972574359963, 88.90110885908608, 89.86654882409688, 91.12982862006135, 91.47435752475837, 92.06587598885854, 90.89414942618961, 90.81111287198331, 89.06191044428277, 89.88036446290901, 88.54253392436743, 88.04649039198524, 88.35455568063148, 86.01746005578526, 84.98406826740512, 86.53871390127598, 86.53871390127598
95.41, 94.8789889089165, 93.30723152676148, 92.05358552396171, 91.82188437105509, 90.78261857308149, 88.35911576556136, 88.40233825507659, 87.01535582647249, 87.90172595068327, 85.5752931872021, 87.31466525970087, 87.50949882977194, 86.33641568645912, 88.17567069290794, 86.88061618041704, 85.88922846168357, 87.26382087117727, 86.9635147032294, 86.94660735727327, 88.91781049831305, 89.37081824900987, 86.669877887308, 85.29512870365105, 87.51503104005154, 87.51503104005154
96.01, 97.02365491303449, 98.14324887146516, 97.20615349931688, 97.770394771904, 99.31391905358252, 99.43980354362087, 97.0056321758674, 99.25293070384068, 100.41765618657433, 100.12433709903777, 100.4994573834502, 91.8587120518357, 87.12394726206449, 89.17792347027365, 85.46112028261649, 85.88922846168357, 86.19729831049848, 85.94923912338587, 86.65592770758569, 87.09577834915686, 88.89872959558983, 88.80070176624486, 89.9642367495916, 86.24250010881491, 86.24250010881491
95.82, 95.25471072166434, 94.21554296991492, 93.58723997690825, 94.73200738681804, 95.33027885668102, 95.9505016264766, 91.18019023870043, 91.27069643664903, 91.53385100890728, 90.07257095896917, 90.79526856207936, 89.93326538818269, 89.78782707601214, 91.0355097066428, 90.72630961424369, 87.75699291562862, 88.49090930961876, 88.58622442533887, 85.8926009680988, 87.18408201986405, 84.32939815556858, 85.0397520120915, 86.41152310012676, 87.20662905654082, 87.20662905654082
96.22, 94.3515684906182, 96.42518568028163, 95.14256432287713, 95.32491123914309, 92.999101738319, 93.95960970709964, 93.50372555055887, 95.64464528193287, 95.19600533100751, 94.22769255896327, 90.38384322848496, 91.60848083635229, 87.4086909827259, 87.0537485946876, 84.75618479052292, 85.88922846168357, 86.57863825030385, 87.504621567633, 85.8926009680988, 85.43524143753163, 87.81053233098967, 86.72239742158128, 87.45654237049409, 88.00656037454048, 88.00656037454048
96.11, 97.35757260633984, 98.52932667488273, 98.70981037739716, 96.64768933849889, 95.53252045147134, 94.92960056839533, 94.98585673935276, 95.14085968559175, 92.69582876108336, 85.67588852209451, 87.23548378462671, 86.54510901067155, 85.72414965280116, 85.42321573405741, 84.75618479052292, 85.88922846168357, 84.50371598688248, 84.52382558249198, 85.8926009680988, 87.10894031728155, 87.32902311052102, 87.22709920991538, 88.41528132325263, 89.3909394294808, 89.3909394294808
97.01, 93.92190476534533, 95.09506673598725, 94.1055594869518, 93.71706187591812, 90.60450389546143, 87.77257419479174, 85.4829156262004, 87.13375151977051, 86.77906676199316, 87.22495413814889, 88.06693842248947, 86.18166584725812, 86.37380330421658, 84.31369739456835, 84.75618479052292, 85.25524028157125, 85.78435670151153, 87.2771875711516, 87.50112949876784, 86.87917264864994, 84.32939815556858, 85.82486939312408, 86.60964804767089, 87.51840937328774, 87.51840937328774
97.25, 97.24639501092798, 94.06908369341633, 95.03634415687937, 94.08458678475068, 93.52220328984522, 94.08517070716083, 93.50605807979727, 94.08513972514595, 89.37614820101487, 85.47821905539527, 87.93726475762962, 85.00796617836136, 85.81502052580596, 87.06418005954514, 84.75618479052292, 85.88922846168357, 85.6375918710732, 84.52382558249198, 85.8926009680988, 84.73326827916155, 84.32939815556858, 85.82486939312408, 84.98406826740512, 84.18839048711607, 84.18839048711607
95.54, 95.54994226588408, 94.35294511300543, 93.17323851031581, 93.66428294275087, 93.22017324795556, 92.76842661035312, 92.92780926865422, 95.21205689233531, 96.50859490959652, 95.18432118094502, 95.86177782573685, 95.4978428626182, 93.84335707327219, 94.11760163120742, 91.75895957461235, 90.22570634699096, 88.90340963176988, 89.3824001309479, 89.7382669894888, 87.96040343479906, 87.09509973515146, 85.98498168253329, 84.98406826740512, 84.18839048711607, 84.18839048711607
96.26, 95.5540356016281, 96.01711051504208, 95.4081813788553, 95.27444362782562, 94.30834378425595, 91.37619338793561, 87.7644589476224, 89.0512956934781, 89.64241141276607, 87.43484799723836, 88.5410056595917, 85.00796617836136, 85.81502052580596, 84.31369739456835, 86.10355251179881, 85.52003809970644, 84.50371598688248, 86.73270725648273, 85.8735872875501, 86.05870146630463, 86.2748657857856, 85.82486939312408, 85.11010202735459, 85.89639644782432, 85.89639644782432
97.03, 95.33176978281256, 94.97919991895965, 95.56158073332267, 96.24654930896338, 97.704194902037, 93.51413665327782, 91.565738917731, 91.9707748311997, 92.48134026388404, 86.2223182183661, 88.10779077494217, 86.71871268886946, 87.29456857636599, 88.6691580929676, 84.75618479052292, 85.88922846168357, 86.92796305474569, 88.47964222618496, 87.56235830691713, 86.02950775986518, 87.58159971925974, 86.38643980061815, 86.1975874841392, 86.05789620813022, 86.05789620813022
95.41, 90.10685140811144, 92.30595572663239, 87.58141129725153, 86.42944483677871, 88.45459472020994, 87.98385163696283, 88.62229617698446, 87.7583596976264, 85.96264465713327, 85.67588852209451, 86.68142996112822, 87.79715805188398, 86.9652385753495, 87.3657754805374, 87.41413976543511, 86.53737647542768, 87.11633586861555, 86.78228184674353, 86.15457505257554, 84.73326827916155, 84.32939815556858, 85.82486939312408, 86.40295727509213, 87.92925004928377, 87.92925004928377
96.01, 95.53511155501783, 97.95041531637985, 97.27990234842461, 95.25038940836335, 95.61068933403064, 93.28464276976145, 92.52650020244673, 90.18218814332316, 89.79237261818025, 90.26361265382529, 89.62872840906088, 90.67949526305354, 91.1101433461102, 92.18095159531462, 88.5511203374349, 85.07179425789927, 87.2119598627972, 88.04708572519604, 85.88264089676898, 87.40526677125887, 87.54315471526326, 88.20304921730431, 88.278697981648, 88.8744575427539, 88.8744575427539
95.84, 93.20507434528123, 92.0944062862881, 93.00998046999418, 93.10029130365145, 92.41112835716392, 89.68155301871508, 85.86426342045843, 87.07574961016095, 85.25911298499855, 85.17690703018256, 84.17834927434514, 85.66635096921064, 85.81502052580596, 87.51084827552867, 87.42721976180684, 86.66493400569355, 84.50371598688248, 86.5209077646854, 85.8926009680988, 86.2538617592145, 87.6672294474678, 86.0490102282967, 85.55719380711413, 85.2471413383251, 85.2471413383251
96.11, 97.43737488373962, 99.61834087687133, 100.08854508189162, 98.04489007503946, 98.40462386236715, 97.86492455045669, 97.25818327688717, 97.82145436242203, 95.91715260456873, 96.31530610041875, 97.37327933066379, 96.93319814550271, 95.95517802425432, 96.43669214475247, 97.94471631023573, 96.92508626180421, 98.10472064126586, 99.26327548026613, 97.23588460522473, 95.35655849977816, 94.84120369469582, 94.00286321698933, 92.22106941751436, 89.20832086358635, 89.20832086358635
95.54, 94.88646809729802, 95.71084365623368, 92.72081646420844, 91.69197574986755, 92.67324293171178, 91.26644193663039, 88.75307268965625, 89.7477146058039, 87.91653230303461, 88.71220982979702, 87.84314702852622, 87.18948571160296, 85.81502052580596, 84.31369739456835, 85.13489990585428, 85.88922846168357, 85.4600157186867, 87.47367663503815, 86.77433417577848, 87.98237835570181, 86.36295331466945, 85.82486939312408, 84.98406826740512, 85.28308219769949, 85.28308219769949
95.8, 90.11632911607566, 86.30433084192887, 85.68112224577713, 85.25147394837903, 86.81041826407927, 85.15527982028189, 85.4829156262004, 88.16031918774023, 85.25911298499855, 85.67588852209451, 88.19420137988016, 87.29530054750158, 87.10722167912733, 86.19379415062382, 85.71456298635964, 86.0490195754672, 85.24437458234539, 84.52382558249198, 85.8926009680988, 87.33433631917859, 89.1834661071118, 88.62241881915213, 88.28379787073958, 89.5161955565856, 89.5161955565856
96.14, 96.75192337689272, 98.96400678625943, 97.45592743459, 96.95825306148826, 99.33495101478447, 94.83441141890836, 94.73801641316545, 93.33205456856265, 92.27044652215142, 91.79421960235172, 93.37163827984965, 92.33232283970571, 91.67424263856992, 90.7087193904406, 88.993538517022, 86.86022937799865, 85.62610587067624, 87.22635338091655, 85.9383447031937, 85.66762058629908, 85.13496663386803, 85.82486939312408, 84.98406826740512, 84.18839048711607, 84.18839048711607
96.35, 95.49051467987165, 97.24138428302528, 94.3019358100879, 93.47571465503522, 94.93724525248454, 93.55272486779386, 92.86336681586262, 84.10845337987462, 85.25911298499855, 85.71956213073678, 86.88032940844316, 88.5692581583866, 85.81502052580596, 84.31369739456835, 86.06168622515209, 85.88922846168357, 88.06839241430272, 88.58233641318955, 87.10499616072435, 87.1535554784018, 87.76569326795878, 87.95512295054222, 85.23590267453841, 85.27847595356255, 85.27847595356255
97.21, 98.29132016722586, 92.53582248008851, 89.37987677674109, 85.25147394837903, 85.69930398522224, 85.48961899980043, 85.4829156262004, 84.10845337987462, 85.25911298499855, 85.67588852209451, 84.17834927434514, 85.00796617836136, 85.81502052580596, 86.415851504826, 87.13311518278292, 87.07872225230008, 88.93993676001138, 85.28381106917794, 85.8926009680988, 84.73326827916155, 86.63923784372224, 85.82486939312408, 84.98406826740512, 86.08622876886655, 86.08622876886655
96.87, 97.77118578200984, 97.95683137356575, 98.35862926121771, 99.86854853527949, 100.40027452787852, 99.88465501447621, 95.85684089822176, 96.34096691357445, 96.52623877723366, 93.44315548869085, 94.2288534295179, 91.7082025624776, 90.64373272797117, 90.42041161581813, 91.29612192011426, 89.04768060361789, 88.08750837347485, 89.83785826153081, 90.1331056637042, 88.68256115468236, 90.90981736087559, 89.49095724104743, 88.02908910346335, 84.18839048711607, 84.18839048711607
95.66, 94.2706913984473, 94.21989264324523, 90.74375233379342, 85.25147394837903, 86.74216592475865, 86.54067749392975, 87.50958975793712, 88.45611626756497, 88.26588379909866, 86.31014487318087, 84.17834927434514, 85.00796617836136, 85.4634034133734, 84.31369739456835, 84.75618479052292, 85.88922846168357, 87.44327692536375, 88.21460085888678, 87.1434764745335, 84.73326827916155, 86.09796504170778, 85.82486939312408, 86.3554068360698, 84.18839048711607, 84.18839048711607
96.68, 95.63705349696919, 96.54164108692164, 94.55030344911496, 94.116096323755, 92.77744667741192, 93.46199099593927, 91.33515894742952, 92.90206720455285, 93.46073011454014, 92.27218465941228, 93.79519801207886, 94.4353391385561, 94.72602764649524, 94.03765340050906, 95.11841025356021, 94.5178991565778, 93.26818119496183, 92.20412147759944, 90.77206973611646, 90.16261280533615, 89.85778431091711, 88.04032771328177, 86.97558874917294, 85.1791836078816, 85.1791836078816
96.5, 94.52378248732707, 94.24944629504489, 92.91982079221965, 86.87380901960672, 88.77363494813244, 88.20701391306677, 87.62697735465946, 84.10845337987462, 85.10453096252328, 85.67588852209451, 87.37724000492928, 86.51653054463246, 85.61819082595436, 86.32219138797028, 85.95237016463827, 85.88922846168357, 86.9960571403596, 84.52382558249198, 85.8926009680988, 85.1195039052206, 84.32939815556858, 85.82486939312408, 85.56273930981065, 86.8597742403012, 86.8597742403012
96.73, 94.92001583443285, 95.24924429460877, 95.20798456130098, 96.23199732813616, 97.7844047806021, 98.27582608290864, 96.04046327929741, 97.46527937094322, 94.35881362484206, 93.82824883778554, 95.79283001143968, 91.54837781173214, 90.36886273822445, 91.58035386576267, 92.20103231288846, 91.18014923471128, 88.59612631568105, 87.69194523502327, 87.99632029450814, 89.48978590103903, 88.81432995473403, 86.32412877549464, 84.98406826740512, 85.45628686612169, 85.45628686612169
96.51, 95.55290508665125, 95.20862052764909, 91.21363636986274, 89.542592647528, 90.78264812777209, 85.48961899980043, 86.6592862667517, 87.21861298638424, 85.25911298499855, 85.67588852209451, 87.752757876901, 86.50449440593921, 86.85146300512021, 86.47776187391698, 88.40292711456665, 88.6460726853097, 90.51114191902424, 90.82056861523644, 90.38139626536548, 92.15635237483038, 92.62238182692263, 92.47241238503983, 90.080780505774, 89.76026790671965, 89.76026790671965
95.07, 96.12495243812461, 96.33482785256646, 95.05210482708904, 95.19698144186825, 97.831224151949, 93.63899174774429, 94.15504792752688, 92.52915865862337, 93.49899132593391, 92.35659551288286, 92.48312632564513, 88.86274790522444, 88.79641937462259, 87.50577150768483, 84.75618479052292, 85.88922846168357, 86.57699380331164, 87.8041562519053, 87.45976869687084, 88.98355594078633, 90.39794258581712, 89.54673161443213, 90.84033752025117, 92.38489577546983, 92.38489577546983
96.07, 93.2119740473022, 91.69885477997279, 87.40303649343302, 88.36532676041737, 87.47175128363347, 85.96741612728269, 85.4829156262004, 84.10845337987462, 85.25911298499855, 85.74592796624866, 85.18436425175337, 86.34999097442486, 85.81502052580596, 87.62878137949603, 85.69839138183906, 85.88922846168357, 87.54729158190804, 89.60552143482514, 88.36367119232158, 89.09161413410114, 89.92905355172822, 90.73231702902284, 91.14405870201422, 90.40697849240864, 90.40697849240864
96.36, 96.39140029878538, 97.98870229082578, 98.30912342315293, 94.76877885832528, 97.10072025349669, 96.74556073774164, 94.82755543599377, 94.25747608126701, 94.75026725177193, 93.81863215319188, 95.31666381632175, 91.9927702783755, 88.72698641949752, 90.24439878597377, 90.81001158769341, 91.22047733445754, 92.30416483694344, 94.19482728159751, 92.04197946341885, 90.92005167019066, 91.63226303446733, 90.21787323530641, 90.41903033833083, 89.6792702830621, 89.6792702830621
95.9, 96.57946666679635, 98.52713219203419, 94.65102455220264, 90.60275748224174, 90.91265230483027, 90.54305556794272, 90.64087826923841, 87.70150223367949, 88.19091176633363, 87.1472466171079, 84.17834927434514, 85.00796617836136, 85.81502052580596, 87.02727204802125, 88.38889362944076, 88.1585579403697, 84.50371598688248, 84.52382558249198, 85.8926009680988, 86.09066734193128, 87.83254695503797, 86.34419287099934, 86.78555547865327, 88.13149379715813, 88.13149379715813
95.43, 96.08053931566735, 96.82002612830766, 97.68693972673826, 91.12771359498379, 89.61957367897061, 89.03508333314402, 87.61874967814022, 89.58315812647925, 88.27409469294669, 87.78695141542467, 89.30500247654417, 85.00796617836136, 85.81502052580596, 84.31369739456835, 84.75618479052292, 85.88922846168357, 87.21788053815723, 86.29456959993495, 85.8926009680988, 84.73326827916155, 85.7888214810637, 85.82486939312408, 84.98406826740512, 84.18839048711607, 84.18839048711607
96.35, 95.04814221548213, 95.62749124924964, 96.56762719113938, 97.88327687399646, 97.71804525950452, 96.94888026555341, 92.7377297043861, 93.92036617816467, 92.49157791829506, 87.61421344808072, 89.84817790390763, 88.28368601558464, 86.60933028087192, 87.20709514529305, 87.47599233128808, 86.44090455818709, 87.9399335756494, 88.47829913795572, 88.15122919089393, 87.81486575462488, 88.25282909088662, 88.5691127769612, 87.49981348041617, 85.11220230302135, 85.11220230302135
95.0, 95.86823654507127, 98.20229298528403, 98.4538131835225, 99.30421697136937, 97.27635041212861, 97.15605982850276, 93.79109107542851, 95.63120383604806, 92.10112792884058, 92.04447402995031, 89.9373279114907, 88.58448577297054, 85.81502052580596, 85.61141303193754, 87.20697424728881, 88.04878754055545, 88.49886957031478, 88.49025543025836, 89.32880868586308, 87.06028876966931, 89.30623953783088, 87.20610280347864, 84.98406826740512, 86.55151606065802, 86.55151606065802
96.39, 96.85248474956487, 98.31379442147899, 97.68725751090747, 93.51339959764184, 92.25069802260948, 90.85716828816807, 90.16544374345195, 90.67960533961157, 90.92908682752365, 91.48788423813126, 91.7459537690213, 91.34423293704187, 91.95303567681329, 93.79598602289778, 92.53438639573234, 90.41941692790462, 89.37663178304835, 90.22297819772517, 88.81865430846457, 88.26461716492172, 87.32715894428891, 87.70696855804688, 88.13328809446706, 88.35918379968226, 88.35918379968226
95.24, 94.54315558994769, 96.58981026263054, 96.08099382516701, 94.62660907071911, 97.04498410350928, 96.76585366759103, 96.18103052893859, 94.05288595704825, 91.6493049196467, 91.51355242169943, 89.70613386575964, 89.32000854248595, 88.23231825628612, 87.36852620681691, 84.75618479052292, 85.88922846168357, 87.43143617146295, 87.84516878597118, 86.06134227364116, 84.73326827916155, 84.32939815556858, 85.82486939312408, 85.678487883949, 87.79036381425632, 87.79036381425632
96.21, 95.87135130700975, 97.54760330122396, 97.10453545256586, 94.71566223119825, 94.63886470342206, 93.31826462473877, 93.03184637107225, 94.18520547501635, 95.27694039495972, 94.37587088741468, 93.4853602027962, 92.09044599638523, 92.20661894639748, 93.039631370377, 92.36020326264808, 91.12312792244488, 91.80568228812223, 92.93456949133385, 87.10032356261047, 86.89295301940508, 88.59246322652736, 86.37945335028977, 86.04273167671583, 86.5462974051094, 86.5462974051094
95.78, 95.88620325251385, 97.78534025369385, 98.76448401663474, 96.676548853867, 93.35800355044793, 92.69160064973968, 92.65855914888296, 92.84424576771949, 92.3775163509261, 91.23432474472982, 89.12459475013446, 90.28331310662577, 89.50369523609183, 89.42629297933588, 86.03663284899343, 85.88922846168357, 86.91858913419969, 85.95748319758033, 85.8926009680988, 85.06258950273532, 84.32939815556858, 85.82486939312408, 85.36204000669883, 86.90451876444901, 86.90451876444901
95.59, 96.2054998619804, 95.34433673617899, 95.03857434715553, 96.23126830097102, 96.97841675881101, 95.70336718505936, 96.9393395549126, 97.82848434049828, 98.55922600988696, 96.3954620516779, 96.19589203304169, 93.82344465370888, 93.48128614832625, 92.3106189722964, 89.65642916799067, 89.051960847399, 90.25003558323472, 91.08038110091644, 90.9128475249285, 90.06270258425128, 90.81848520849752, 85.82486939312408, 84.98406826740512, 86.09570547090476, 86.09570547090476
96.7, 97.84626281011006, 94.80193818735418, 91.90137208166274, 90.6190162156548, 89.85426093984874, 90.6391934964042, 88.21172236040147, 85.49443475020695, 85.42207153609714, 85.01763872704862, 86.40373703650413, 85.00796617836136, 85.81502052580596, 87.55573159203966, 87.71972795876574, 87.6186494299315, 84.50371598688248, 86.21767745749715, 85.8926009680988, 87.25795841044626, 85.37847993834903, 85.99784504617217, 84.98406826740512, 86.0205084672731, 86.0205084672731
97.09, 94.69540238529464, 94.46471953606687, 93.15666998596535, 93.0238156542353, 94.60357217355863, 92.82191377364256, 89.73476746595856, 90.2057979760487, 90.88110256301262, 88.72961337499262, 90.9906327654573, 90.47471569964831, 88.82624264981912, 90.42087075175031, 90.48675529794295, 89.89338835478846, 90.95787067246124, 89.09107521635654, 88.02895876055922, 86.27507612826379, 84.32939815556858, 85.82486939312408, 84.98406826740512, 84.18839048711607, 84.18839048711607
95.52, 96.72696968730487, 98.47630764985921, 95.05535717461649, 94.2985649351514, 93.56280219310545, 94.37183957070961, 92.39506468964944, 94.63856473035109, 95.32131571513865, 95.70436014509055, 97.67458799151679, 98.88850466639471, 98.61572386331878, 98.491540672324, 100.26254940607585, 100.63642594433651, 102.72487076836155, 104.22741232157124, 102.93358634552504, 102.80518352193747, 102.24916112157919, 102.71248171374921, 101.2611975481328, 102.50760488184356, 102.50760488184356
96.33, 96.60049617877152, 93.05644100761192, 92.95209191165264, 88.55892111651083, 87.56332919913011, 86.38319484584274, 85.75460950495483, 87.78186632965433, 86.55500218558909, 85.20476209420151, 85.92055737752152, 85.00796617836136, 85.81502052580596, 85.65899260376996, 86.23029833559309, 85.88922846168357, 84.50371598688248, 84.52382558249198, 85.8926009680988, 86.004758808295, 84.32939815556858, 85.82486939312408, 84.98406826740512, 86.99322730401603, 86.99322730401603
95.86, 92.94891540412571, 93.8471877600286, 94.16960156708352, 92.40481551466993, 93.96775705556075, 88.22785686424834, 88.85655353771865, 87.87972597997091, 87.35625907801848, 87.40087427374506, 84.17834927434514, 85.37719833126675, 85.81502052580596, 86.95439176995737, 84.75618479052292, 85.88922846168357, 85.46778551396757, 84.52382558249198, 85.8926009680988, 85.63702781644616, 84.32939815556858, 85.82486939312408, 84.98406826740512, 87.20042565923684, 87.20042565923684
95.4, 93.9404953014653, 94.64444650137393, 93.69754133176482, 89.77516511134704, 88.89860861737525, 85.48961899980043, 86.42641921898615, 86.23882967262023, 85.25911298499855, 85.67588852209451, 84.17834927434514, 85.00796617836136, 85.81502052580596, 84.31369739456835, 84.75618479052292, 85.88922846168357, 87.24704465301939, 84.52382558249198, 85.8926009680988, 86.38863939059183, 87.1050931640594, 86.86292454052332, 86.62754636529998, 88.41458530043683, 88.41458530043683
96.08, 96.23424716751678, 96.39595429263825, 96.85410853120919, 97.74567715895537, 96.37635729639942, 95.86773688509179, 93.76418006111963, 93.75588986144527, 91.42403984730116, 89.55020635542216, 91.83914224223743, 90.08979386291894, 88.96065673510388, 85.91496714348001, 87.77486102997356, 86.67229761561464, 84.50371598688248, 85.85737523781219, 85.8926009680988, 84.73326827916155, 84.32939815556858, 85.82486939312408, 86.1167490903918, 84.18839048711607, 84.18839048711607
97.09, 97.3646235051447, 92.53207702680498, 92.33663022951121, 92.48508917343865, 94.50725342254101, 94.60793556499993, 93.8847493108917, 95.55518457040951, 96.36812884302496, 97.35686195032586, 95.90366753339984, 94.23028474572098, 94.21649988838264, 91.06918560494246, 90.5735120972049, 90.60483815264743, 92.12568670458985, 92.75489450962168, 90.710632800832, 88.67575237268284, 88.86285899653446, 88.70337501359082, 86.8312706378131, 87.92440874728509, 87.92440874728509
95.88, 94.95365790825907, 93.78136564263374, 92.32984616523599, 91.16190014256773, 90.23113942094461, 85.19419235121165, 85.4829156262004, 87.2525277094982, 85.25911298499855, 85.67588852209451, 84.17834927434514, 85.00796617836136, 85.81502052580596, 86.97240439997995, 88.29721233604242, 88.59359101488275, 88.78247526739818, 89.0459095422452, 85.8926009680988, 86.94237068158579, 87.98736191719756, 86.65267602128729, 87.41443535341105, 87.21936495647833, 87.21936495647833
96.94, 95.82611021068509, 95.63711368121064, 94.24445822943503, 94.3707051888084, 94.60280917446491, 95.06558557859046, 92.23049992086287, 93.80232194810792, 93.61630890391154, 93.47140804264039, 91.04788710071624, 89.56011967319009, 86.44384558993264, 87.74151886477837, 88.57371642671669, 89.08207203839156, 85.62379875863694, 84.52382558249198, 85.8926009680988, 84.73326827916155, 85.4334983105619, 85.82486939312408, 84.98406826740512, 85.4713805685857, 85.4713805685857
95.33, 96.5752557258882, 98.1681659036962, 94.39045295607478, 92.37486359901223, 88.20149079373049, 87.9424713749611, 85.4829156262004, 86.7752958813067, 87.67307977373125, 87.81964965426839, 88.8496284943659, 89.39160444153455, 89.94318540955862, 88.76510378172475, 88.14787754893719, 87.56414859004877, 84.50371598688248, 86.12042125159292, 85.8926009680988, 84.73326827916155, 84.32939815556858, 85.82486939312408, 85.56746237574555, 85.67368009557855, 85.67368009557855
96.68, 97.97831872645772, 99.82919802858181, 98.38838854603692, 97.35155128342332, 98.21519502253014, 97.71954421531987, 96.4819670998828, 97.1049463227757, 97.6075230515555, 94.1942884417009, 91.6153319297912, 92.2312915601997, 89.15866703186728, 85.85859319051733, 84.75618479052292, 85.88922846168357, 85.56291330981409, 84.52382558249198, 85.8926009680988, 84.73326827916155, 84.32939815556858, 85.82486939312408, 84.98406826740512, 87.069389973151, 87.069389973151
96.54, 94.3278903197135, 96.34478737390964, 96.05740373807126, 96.20908438721322, 95.50432075769042, 96.07665977523568, 94.14140402789914, 95.62901844425079, 90.5346392076221, 90.6332250779509, 89.44717560500106, 90.727680569369, 89.56735670946875, 91.25365513558873, 89.10381496114644, 86.11316393191736, 85.02809593099643, 84.52382558249198, 85.8926009680988, 84.73326827916155, 85.94439847132988, 85.51981857400324, 85.35693882990124, 87.31670152366442, 87.31670152366442
96.23, 96.28095468718027, 97.86617233700595, 98.36865047668394, 95.7456007907951, 95.99425932708456, 94.07752206209668, 92.32977694540712, 91.41991982310327, 91.85166467887062, 88.51155681746899, 89.01473469557531, 89.80740752582476, 89.32162675108775, 89.46612698734256, 86.0213187778632, 85.88922846168357, 87.73745087463314, 85.33941325755514, 85.8926009680988, 86.41885830487374, 84.32939815556858, 85.82486939312408, 85.91471075267808, 86.34482812493142, 86.34482812493142
95.43, 95.71521690823037, 94.10191732625238, 93.14237910551239, 93.47038307653544, 94.83704744475969, 95.18584261286138, 94.42177487644112, 93.37959195255931, 92.14663864865274, 89.30013767603087, 90.88500650777638, 92.23841343780148, 90.5693160437913, 92.1027431331932, 89.00696025149247, 86.35944850412261, 87.56974320148542, 88.69633129467712, 89.14021004692773, 87.39320103859336, 87.75013210908494, 85.82486939312408, 86.08336148512639, 86.35544657115413, 86.35544657115413
96.13, 96.9891846996417, 97.01369551387764, 94.67759234540164, 94.92578122011275, 94.73559059391866, 94.92563934215688, 93.49252047393368, 92.91514878121448, 93.70905369483181, 91.54097146920856, 92.07240513372044, 91.38276197356576, 90.2358193039212, 91.98954091810734, 93.60565495743057, 92.28080343363283, 92.35300419483416, 89.4850255777508, 88.83706937673784, 89.6872289634953, 89.73866586164793, 86.51019963163468, 85.95618493525912, 84.18839048711607, 84.18839048711607
96.66, 96.90770522547118, 98.68307034162729, 98.7953061676853, 100.0942576963817, 100.3591277699457, 100.78753047322165, 100.89222839497822, 100.22152774849218, 98.97846779163588, 94.06481235324908, 95.29383314226511, 95.30503731890657, 94.48045033859161, 93.8129897501583, 94.95438813576814, 88.08023885004745, 89.03641920523104, 85.5493447387959, 85.8926009680988, 87.29745157959908, 85.5536683393602, 85.82486939312408, 85.2080196334111, 86.20722573801883, 86.20722573801883
95.73, 93.61860516005162, 94.49951996375871, 89.34350214880965, 89.4103608123725, 84.10957757803895, 85.10570029212427, 85.4829156262004, 86.32497486792396, 86.38270635562247, 85.67588852209451, 87.22813274281616, 86.58774263154338, 85.05377831813425, 84.31369739456835, 84.75618479052292, 85.88922846168357, 84.50371598688248, 84.52382558249198, 85.8926009680988, 85.34987662353221, 86.42222050499001, 85.59471851179786, 85.68816244755838, 85.86538053002192, 85.86538053002192
96.05, 97.22013022401933, 96.70933314014115, 96.27301859376122, 96.54733090870417, 95.21616087173419, 93.00377465760161, 90.98839498072584, 91.21973670578204, 92.20710859481537, 90.10825055087406, 87.41741656785044, 87.76885448247204, 88.32820442767598, 86.83424529217383, 86.51194968560479, 85.20099495004423, 85.3783081705619, 84.52382558249198, 85.8926009680988, 84.73326827916155, 86.04238982290023, 85.82486939312408, 85.20859980351668, 85.22215691878412, 85.22215691878412
95.77, 95.16756804230737, 97.25863467262788, 93.57018578084049, 92.47573261456358, 89.973184922748, 89.82737500874569, 90.84572531481528, 87.84665626863331, 85.25911298499855, 85.67588852209451, 85.82373805769038, 85.35951434791026, 85.48010644849039, 84.31369739456835, 84.75618479052292, 85.88922846168357, 86.81268629454577, 88.84509269474168, 88.36707559101049, 90.10330421588249, 91.56157291074679, 92.18273564547991, 90.76561386464317, 86.97636584213097, 86.97636584213097
96.25, 97.11965261970941, 95.08671903757791, 94.47986394390199, 95.15613575348331, 96.24501433738699, 95.24214809843086, 93.99073694915717, 94.68216565101731, 95.54241975522567, 89.94309563897305, 91.54337556032544, 91.75376513001612, 92.00738500718155, 87.60916217396175, 86.85957338279123, 85.0163277047574, 84.50371598688248, 85.74169930260491, 85.07137897076399, 84.73326827916155, 85.92216395484493, 85.4380128966422, 84.98406826740512, 86.45578712699381, 86.45578712699381
96.72, 94.78414717048759, 96.23288024812148, 95.09361634614827, 92.3732616622412, 93.93449158069447, 94.08083798675737, 93.50536033263288, 95.40827979680712, 95.22837801431882, 95.56477003426528, 95.92918109439776, 94.91764906710215, 93.53999046828484, 88.69278585508593, 89.55907037989262, 88.6690475791549, 88.6121779760934, 87.54434040931724, 85.8926009680988, 86.03103445602709, 84.32939815556858, 85.82486939312408, 84.98406826740512, 87.02693792377711, 87.02693792377711
94.86, 93.97423411577572, 95.10538422551211, 93.43902370232975, 90.90054752839531, 91.42471965283264, 89.68569503551431, 86.61926300971368, 85.05402167110097, 85.25911298499855, 85.67588852209451, 84.17834927434514, 85.43393082482433, 85.81502052580596, 85.7705848571592, 87.31341513695106, 87.55318340283074, 86.93701038040098, 84.52382558249198, 85.8926009680988, 85.4730010623779, 85.88969884594802, 86.37640579099867, 86.12817878619136, 86.98386597503797, 86.98386597503797
96.11, 93.61915212400643, 93.98429028515544, 93.22344132530704, 92.07946928385337, 90.70383581633735, 85.23217236195342, 86.27929239110945, 85.24557547468926, 85.25911298499855, 85.44733663254277, 87.27532803924714, 88.67257277075525, 87.87434759973932, 87.56837785076506, 88.02865133394583, 85.25254932292468, 84.50371598688248, 84.52382558249198, 85.8926009680988, 85.08403121596749, 86.50011919645485, 86.62091376291113, 87.82436583673234, 87.90599989263903, 87.90599989263903
95.31, 93.87561885672751, 95.21794980243392, 93.22834721991359, 92.65642023826285, 91.22004350911257, 85.48961899980043, 85.4829156262004, 87.54972317825798, 85.25911298499855, 85.67588852209451, 86.93189536710345, 87.20087461473324, 85.81502052580596, 86.18208862748921, 84.75618479052292, 85.0154901897781, 85.37687367903548, 86.51507581271592, 85.58573976457782, 86.51213788397236, 87.6445343355516, 87.2571380389714, 87.92022455561164, 88.63481018685464, 88.63481018685464
96.04, 90.67104680179797, 88.9634037754805, 89.75253673488092, 88.12703020898236, 89.62816534340875, 85.48961899980043, 85.4829156262004, 84.10845337987462, 85.25911298499855, 85.67588852209451, 85.49457367617546, 85.64430549806966, 85.81502052580596, 87.68585093372059, 86.13674754529595, 86.52903567128321, 84.50371598688248, 84.52382558249198, 85.8926009680988, 84.73326827916155, 84.32939815556858, 85.82486939312408, 84.98406826740512, 86.70752323179273, 86.70752323179273
96.24, 96.54143098472359, 98.23445558561808, 98.63748722026298, 97.4669672723999, 99.74428366550492, 98.74241261542238, 98.20154469850563, 100.28482170185292, 99.37358312612545, 100.00689121312705, 101.52205149352407, 101.81589845110125, 102.53673744248086, 103.03996354806112, 103.24971223948451, 100.79704588140164, 102.55329075146297, 98.61504351859622, 94.06713827283325, 93.27690505841127, 91.26181818672946, 88.962838312841, 87.57959265875262, 87.34685321401273, 87.34685321401273
96.91, 97.37261160399903, 98.32435304332289, 95.54373304394669, 94.00762507329299, 94.83872010760436, 94.0456771582079, 89.93498107158098, 91.41711456015875, 91.11872518287798, 88.63120142272831, 89.40723980889602, 85.00796617836136, 85.81502052580596, 88.00601473617665, 89.38572238954619, 87.96760147767661, 89.89567974483799, 90.35829686645063, 87.82782193402215, 86.95808852047284, 88.52489376861384, 87.3636416259137, 87.91272415586178, 89.98569665960949, 89.98569665960949
96.56, 96.06821211989102, 96.75612120934478, 96.92945144543563, 94.46651820024805, 95.48490850030025, 95.27840664792735, 94.8248606526817, 95.90565755742946, 92.93363939744222, 93.74615414688668, 92.20162333932448, 92.58311930006764, 90.32831492287916, 84.31369739456835, 84.75618479052292, 85.88922846168357, 87.60090747382661, 89.4246684895239, 87.38291875446996, 87.02457590875542, 86.37117223117693, 86.45105932926006, 86.61461064874635, 87.71764815547982, 87.71764815547982
94.8, 94.76436016873465, 95.80433280173065, 94.76028762069393, 91.13899611237254, 93.17587800292496, 90.91865117759015, 86.20197460341198, 88.58790928774813, 88.12910070154051, 87.23311076721993, 86.43969101591833, 85.00796617836136, 85.81502052580596, 84.31369739456835, 84.75618479052292, 85.88922846168357, 86.78396145684749, 84.52382558249198, 85.8926009680988, 85.44868219650895, 84.32939815556858, 85.82486939312408, 84.98406826740512, 84.18839048711607, 84.18839048711607
94.55, 95.757043470805, 97.6846445082906, 97.85566520501919, 98.8477914143151, 99.5008592280299, 100.30167864269188, 95.50695743140261, 95.60338300397731, 94.89749211406789, 94.36156848932745, 93.58446366709903, 89.2536647056345, 85.81502052580596, 84.31369739456835, 84.75618479052292, 85.88922846168357, 86.58989651923405, 84.52382558249198, 85.8926009680988, 87.44288047867921, 89.61961821730411, 85.82486939312408, 87.1546553702972, 85.94157522610149, 85.94157522610149
97.19, 94.11879454642808, 92.26800721555011, 93.24177404869143, 93.38181731097518, 95.36140345297369, 95.69282441022038, 95.19312893330464, 94.09218335922047, 94.62394274351108, 94.04108627415644, 94.82401918018101, 95.42687517004234, 90.02425766762816, 91.12701869042434, 89.97705524051662, 85.88922846168357, 84.50371598688248, 84.52382558249198, 85.8926009680988, 85.48750172390008, 85.81925108981437, 85.82486939312408, 86.31878172630938, 88.09784617440354, 88.09784617440354
96.09, 92.043658576243, 94.41911725655211, 93.09787038249677, 92.35134881398548, 92.86217127104916, 91.96019874254483, 88.97651143197847, 90.23166028120859, 86.03830298167591, 85.67588852209451, 87.34527150596172, 88.25172102094845, 89.04803238475982, 87.60249395443174, 89.03523212245219, 88.97215356371021, 86.40244137284711, 88.48414280993502, 87.90463741402321, 87.36094662665599, 84.32939815556858, 85.82486939312408, 86.4041270709951, 84.18839048711607, 84.18839048711607
95.59, 94.8901344554483, 94.98368287341793, 93.35404912297396, 94.3290321213751, 94.54636914066847, 93.33839444707213, 88.50993283801056, 88.2686390299914, 88.93140605732837, 87.9153366104952, 84.17834927434514, 85.00796617836136, 85.81502052580596, 85.09781567392967, 84.75618479052292, 85.88922846168357, 87.76557704227226, 89.46866999162228, 90.11729336184698, 89.66662098859196, 91.77060728788484, 87.80473506550031, 88.14335004654993, 89.9300677071574, 89.9300677071574
96.32, 97.46556044280398, 98.81446521408596, 97.66433182488849, 97.23491980149416, 96.27490332797053, 97.26680026091609, 96.69291167987907, 98.98538327017864, 98.74141533204522, 98.72559904668404, 99.8344440518487, 96.23727653875225, 94.87637056533613, 94.91873189282141, 94.30476459314032, 92.9325845250953, 93.31409808714332, 93.7624766973008, 91.12374950592992, 91.87709772533127, 93.56047062261379, 93.96866938642297, 92.80124033051581, 93.69483777082165, 93.69483777082165
96.04, 92.48724381072208, 93.64094039164804, 94.57363957461652, 94.88832628826077, 91.32184761276152, 91.44151186581318, 90.22711552318464, 89.72798333035583, 90.96994226282501, 89.10460482474984, 90.69860444398995, 89.57428715644666, 88.96349495296181, 90.57523803653307, 88.59199300992226, 85.88922846168357, 87.27847425729988, 88.54541317141884, 85.8926009680988, 86.5814002422614, 87.581336022137, 88.49670339327643, 86.10043809333769, 85.97821875190841, 85.97821875190841
95.68, 90.76815188725959, 92.23689869245494, 92.14808998485353, 90.30753337170226, 91.22655029115575, 92.18913721241802, 92.06463042457875, 93.8688126489322, 94.21773145038311, 92.66821344979287, 93.85452735788579, 90.72523538330563, 88.98933798379488, 89.9451484637249, 91.41732349918028, 88.38931487829181, 89.43912857122186, 90.80750490837178, 89.63527566128657, 90.92790099550322, 88.24743534299569, 85.82486939312408, 84.98406826740512, 85.75486200178506, 85.75486200178506
97.2, 98.31385781591898, 89.35682072503646, 85.23131390134147, 85.2371500656723, 87.25687390594555, 85.48961899980043, 86.22562756309227, 86.08267736327458, 86.88253399397115, 87.44818166369387, 88.80570532621239, 87.50712005222334, 85.81502052580596, 85.87130128551858, 86.72152709976842, 85.1506870694867, 84.50371598688248, 84.52382558249198, 85.8926009680988, 85.24408518730067, 87.34393758886591, 87.23983129276881, 87.5508840519233, 89.57872526380415, 89.57872526380415
94.78, 94.2185208563896, 95.62826549639372, 93.42644413150542, 92.48459370863263, 93.06901858297255, 92.7960810908986, 93.32615319348137, 94.19681900253251, 89.1816680855632, 86.10824678763619, 88.29694850135512, 89.24807496397258, 88.88911680114983, 90.0519680009501, 89.1923235692332, 89.19126266216094, 90.14316353273784, 89.2750102172175, 88.67031656365863, 88.96001886041263, 91.13945216098652, 91.13150776167386, 92.27464475921306, 94.4309457591956, 94.4309457591956
96.25, 96.3984942251437, 97.77412113013331, 93.40607948032077, 94.76178120306106, 93.53137380136944, 86.69907073888582, 86.42262054723093, 84.10845337987462, 85.25911298499855, 85.96780009216296, 84.17834927434514, 85.00796617836136, 85.81502052580596, 85.96295481221162, 87.44583880682121, 85.88922846168357, 87.404682796465, 88.71274567725139, 88.7868195565831, 86.90582793233162, 86.20359377389384, 85.32704213920229, 85.94306313080742, 85.63854364350702, 85.63854364350702
96.32, 97.30255919167224, 98.89793718840392, 98.83345440526617, 98.18248058442755, 99.56051042823333, 98.87696756424178, 98.59649487292509, 99.13403423438997, 98.22677463616998, 99.04632986887071, 99.50030358562067, 98.12328316908129, 95.25600746956007, 96.05572876020256, 97.69878317849968, 97.79064587209736, 98.74726922414752, 99.93082477753003, 99.50652267943238, 99.98376088378288, 99.23316287430103, 95.21350649202223, 93.71383176837715, 92.3292329505372, 92.3292329505372
97.6, 96.83118852066839, 96.28323280069695, 95.42541529018004, 93.7290147381997, 90.87071336532225, 91.15247954828749, 90.55171285934682, 91.63930161758508, 91.2142668042131, 89.01105611921146, 88.80834427639316, 88.39920411786984, 88.16386485162789, 88.55598590963187, 89.43127241679134, 85.88922846168357, 84.50371598688248, 84.52382558249198, 85.13254618468609, 86.76384108113764, 86.88525615922616, 87.54069237578405, 86.58612400097934, 87.61891110670906, 87.61891110670906
95.83, 95.43880163871648, 94.89317126097079, 93.49344922669242, 92.89133677272893, 93.50529631456452, 89.93748279575652, 87.3222515718897, 89.74662551956341, 91.23712688272177, 91.0185101465714, 90.82089846294076, 89.96381603785632, 86.37273171924414, 88.48275617164816, 86.36411381025192, 86.04522687721986, 87.61551909759653, 87.24582703298813, 85.59392816733724, 84.73326827916155, 84.32939815556858, 85.82486939312408, 86.86896325044573, 84.18839048711607, 84.18839048711607
96.67, 96.30465986780733, 95.97477599558347, 89.92576223179454, 85.25147394837903, 86.94567952194753, 87.83865100912524, 85.4829156262004, 87.62376054182977, 85.25911298499855, 85.67588852209451, 87.7921265519685, 87.82108759835886, 85.81502052580596, 84.31369739456835, 86.06050394406094, 85.88922846168357, 87.34237517523168, 87.37145170116612, 86.72780683823844, 88.17846456380734, 88.33993029721914, 87.65066677058869, 89.16886496594971, 90.75752742918925, 90.75752742918925
96.54, 96.00058781597271, 96.35818903079058, 97.13108167876793, 96.37054259970058, 97.9519696013656, 96.45986815247525, 96.784498448237, 87.66492231747176, 85.25911298499855, 85.67588852209451, 88.11968282173264, 87.88731896336714, 86.11637622703759, 85.30232707138619, 86.38201956112624, 86.15452424743714, 87.89875158736851, 88.98858886523092, 87.22046180983992, 86.9719892951794, 87.22522882372698, 87.24653298946491, 87.30518926987995, 88.40515878842307, 88.40515878842307
96.05, 88.15353789044212, 89.58124041641662, 90.04678249327341, 88.63529504909769, 89.20145102830382, 89.63037939044065, 89.63209498018192, 88.93792675488463, 85.08130874379933, 85.67588852209451, 86.58699729914865, 86.31023649277904, 85.81502052580596, 86.95116712171226, 86.43278782624743, 85.88922846168357, 85.25867216507942, 86.7683524550733, 85.8926009680988, 86.64319260996169, 88.43021492782255, 87.0481106552873, 86.04449714930865, 87.67490149608136, 87.67490149608136
96.16, 97.08091328463249, 97.77589979422719, 90.18162361521968, 85.07161795663914, 85.60364463391724, 85.48961899980043, 85.4829156262004, 86.99948587184949, 88.0700895877826, 85.67588852209451, 85.41820754371983, 86.51205019725849, 86.3401211825769, 86.9941269025969, 84.75618479052292, 85.88922846168357, 86.55191397789217, 86.60674315681653, 85.82480475625839, 85.99543407362609, 87.47684105732421, 86.5130347149212, 84.98406826740512, 86.7620993819105, 86.7620993819105
95.79, 91.48464276818976, 90.60143595009293, 90.16544857398785, 90.8452735241236, 91.12068706332943, 89.5057134654485, 89.80734690916485, 89.05066623540299, 85.25911298499855, 85.50805321138034, 87.12584615632116, 87.46467929568087, 88.05444173772261, 85.03409142470004, 84.75618479052292, 85.88922846168357, 86.94458282317095, 85.13215647541975, 85.8926009680988, 84.73326827916155, 84.32939815556858, 85.82486939312408, 84.98406826740512, 85.18236968130786, 85.18236968130786
95.72, 95.07419383802137, 95.60688964488816, 95.42517339528455, 93.89998057091, 94.83921096792714, 91.72449211754461, 92.30436505538535, 94.30231648061485, 90.01707693266222, 88.77042467311452, 88.1128957681118, 87.15835847885037, 87.48970682780887, 86.20955727498192, 86.09976965979777, 85.88922846168357, 87.08198459049424, 88.67457234336612, 88.12056547538927, 84.73326827916155, 84.32939815556858, 85.82486939312408, 86.16469881955928, 87.87863605881509, 87.87863605881509
95.55, 91.70314877840937, 92.74151952703254, 92.85073666102076, 92.65862950031706, 93.713843220993, 91.26305032979496, 91.16917019532984, 90.60958607686365, 90.9529671307356, 91.40432970730507, 85.3257280370115, 86.02363215760033, 85.81502052580596, 84.31369739456835, 85.76131917679446, 85.88922846168357, 86.94842409377841, 88.23386539603636, 86.82366440747444, 88.49639194191268, 88.70236611275682, 85.82486939312408, 84.98406826740512, 86.85705980608397, 86.85705980608397
96.12, 97.21663408374847, 94.45447369522995, 94.85658078690538, 92.02833591757779, 87.30975115513326, 85.33805124219127, 85.51465157732603, 87.9478476122285, 85.25911298499855, 85.66162091385873, 85.06225501140315, 85.90710186121272, 85.81502052580596, 86.98759654092456, 87.63595658924908, 85.88922846168357, 85.1668687227548, 84.52382558249198, 85.8926009680988, 86.22828443460394, 87.24443246297346, 87.96077094626544, 84.98406826740512, 86.97561467819858, 86.97561467819858
96.76, 89.2296878064486, 88.35917549329328, 88.41663384195296, 87.35056307447007, 87.317422699835, 85.48898231985235, 85.4829156262004, 85.95851224469284, 85.25911298499855, 85.80996534843415, 84.17834927434514, 85.00796617836136, 85.81502052580596, 85.49833919353786, 84.75618479052292, 85.37255404299205, 84.50371598688248, 84.52382558249198, 85.8926009680988, 84.73326827916155, 86.52239695932552, 85.82486939312408, 84.98406826740512, 85.69405707388646, 85.69405707388646
96.84, 91.94628299762606, 93.797659948659, 90.20656031035304, 89.03709599615539, 86.02194869740914, 85.48961899980043, 86.28106795731794, 84.10845337987462, 85.25911298499855, 85.67588852209451, 87.832199488413, 87.06133183809617, 85.81502052580596, 86.31654960005969, 86.62917520856529, 85.88922846168357, 84.50371598688248, 85.92948379018615, 85.23652669298028, 86.46045498023024, 86.46641908424257, 86.97224149687345, 86.50298518385596, 86.07753200587779, 86.07753200587779
95.62, 94.5236124980306, 91.44678830862168, 91.41885640335586, 92.66548686892477, 91.27608271664471, 90.45367905883913, 91.18799952031151, 93.39693267952997, 92.65677680494382, 91.2361906855032, 90.28381183499395, 89.54480105308133, 88.22321138698035, 86.51766684407316, 87.9335917342638, 85.88922846168357, 85.73819860403577, 86.43180385606742, 85.8926009680988, 87.8406769170431, 87.49226956656365, 85.82486939312408, 85.70061345300176, 86.56684441667711, 86.56684441667711
97.16, 93.84747979922828, 95.70422960438206, 92.11543252761342, 92.2957689680753, 94.42789601130089, 93.1238915319908, 91.46118843721855, 93.00355331867584, 91.75120875749974, 89.97277813414105, 90.27827957226341, 85.66225539817721, 85.71654242144221, 84.31369739456835, 85.76174708203345, 85.86412858317405, 84.50371598688248, 85.00656976816052, 85.8926009680988, 85.5757872096302, 85.03579645324747, 85.82486939312408, 86.45696956413207, 88.55253042545556, 88.55253042545556
96.14, 94.71191957088055, 90.96729159745625, 90.56201006856803, 91.77969597309615, 90.53684698138811, 88.42110830627983, 88.96703766972945, 91.00031663980396, 92.05719489158643, 92.72758335675552, 91.35520536419702, 91.30848141949738, 91.05102977995105, 87.76312616730273, 87.17176037003101, 85.76088251572573, 87.6724650800885, 87.2707182468998, 85.0174508167847, 85.74462063644067, 86.34546169174342, 85.82486939312408, 84.98406826740512, 86.92015265634882, 86.92015265634882
96.53, 97.53212496156289, 98.46774028153825, 93.49264349186868, 91.57517699510733, 92.74168222967577, 92.31884681706148, 92.19736755171418, 92.27073319734981, 92.74029330123687, 88.02934903213173, 86.34835712749025, 85.00796617836136, 85.81502052580596, 86.46065988003575, 86.23220904669016, 85.53139162373306, 86.48823108997804, 87.24193059146634, 86.25229603424528, 87.46668959460806, 89.65728968129253, 88.74457513053072, 88.55805163615193, 87.64788460576922, 87.64788460576922
95.88, 91.65165328547259, 91.31874374453595, 90.71677028495544, 90.74907857566909, 91.1859781450882, 89.32952456276652, 89.10924282495805, 91.13661983013361, 89.5753703851394, 85.96074166742329, 88.28188623861448, 89.7207801310293, 87.23114411673839, 86.85735731160672, 87.9514607203901, 86.60399293507618, 84.50371598688248, 84.52382558249198, 85.8926009680988, 84.73326827916155, 84.32939815556858, 85.82486939312408, 85.2847360283472, 86.6427162480976, 86.6427162480976
95.82, 95.80063626442696, 94.08263815777275, 94.47303393082969, 94.66183857905445, 97.08966255557888, 96.05950603911279, 95.68328782186788, 96.55902047148952, 94.2856998049988, 94.487558160165, 96.21294813417573, 94.41404409961821, 93.84451766105393, 89.47982147427456, 90.54374296404772, 90.07630488464812, 89.66103317664424, 91.86327194203302, 89.12927501037615, 90.88920483870788, 92.41019820987297, 91.532732743697, 90.4084800383963, 90.05938879514115, 90.05938879514115
96.0, 95.29839793515518, 92.9040766440308, 91.7850321116333, 91.45366023596247, 93.68301182263447, 93.5995299866343, 91.77198794121414, 91.72033796973426, 88.24563309112942, 86.52408621094861, 87.85475990038796, 85.70254224997879, 85.81502052580596, 87.88511019560875, 89.33538255506139, 87.3084949204786, 89.2853116441818, 89.74229223438704, 90.02805336904042, 89.81467563023486, 88.05273795326403, 86.70471975429206, 86.81509491683317, 87.80956966530889, 87.80956966530889
96.12, 96.4773553141614, 98.78189847523201, 98.29071058730882, 96.34028871986501, 98.9297311990716, 96.51331199626065, 95.14335245561242, 93.99682779648215, 92.80885867327287, 89.74469016526994, 91.78632564893338, 91.97667746631136, 92.3163675262123, 93.36324773713193, 95.03431698175004, 93.73594588220654, 95.87308858377888, 96.80191243853052, 97.04480202028866, 94.88291851755517, 93.23524031435959, 92.52330975029084, 93.8204817910484, 92.76126182465795, 92.76126182465795
97.65, 99.08772967960712, 100.41760115138783, 101.287680305058, 97.21806122828286, 99.23463383425681, 99.0442329556168, 97.11012560871103, 95.92290489402866, 96.98764369650779, 97.84029177919787, 97.87657528466819, 98.71551496333082, 97.74094882598554, 87.65527843175094, 88.43158622259938, 87.62829980896655, 86.93922272283586, 88.79049036573035, 87.50192113498777, 86.40044168430515, 84.32939815556858, 85.82486939312408, 87.13464443502946, 87.5081393593483, 87.5081393593483
96.31, 95.88489532743692, 96.83690735920737, 95.74521401004573, 96.83321067566301, 99.07815670505538, 98.6144324107509, 98.25499628050896, 99.59153287741337, 97.9615264062105, 95.59717654588033, 95.39116010889475, 94.85268682013414, 94.73495051659029, 92.36414581418808, 93.09169383846758, 90.30995235678232, 89.07729835891008, 89.94584378285182, 90.00304332121122, 91.72690120548165, 89.01081349829592, 85.82486939312408, 84.98406826740512, 84.18839048711607, 84.18839048711607
95.21, 93.19348180408645, 95.46156233039679, 96.36926729342176, 97.2212093569143, 95.21494861549918, 92.9116737162266, 92.481544048984, 92.48049529289423, 91.88848274301098, 89.44081237052798, 89.33360209637586, 88.18280016760008, 85.55103092919911, 85.51398729052855, 85.93861195533864, 85.88922846168357, 86.67573422446607, 84.52382558249198, 85.8926009680988, 84.73326827916155, 84.32939815556858, 85.82486939312408, 86.7994826492942, 89.04698225749445, 89.04698225749445
95.79, 96.68764338775007, 97.74446717465983, 97.44765003238616, 97.94912837138368, 96.4446259795672, 96.6709854471945, 96.91810913223023, 96.10355711455925, 94.95547624637187, 92.52865309729296, 92.93533978146235, 94.41606484498055, 88.25711530821852, 89.67528360518472, 90.233938450566, 88.9327504038046, 88.72251087602321, 87.60662132839434, 85.8926009680988, 85.93753031927591, 86.05886512430344, 85.28143510516534, 84.98406826740512, 85.48956655465975, 85.48956655465975
95.74, 91.89656875102813, 90.69785368492262, 91.11736897658935, 91.98709406979988, 91.12912443595425, 89.07815696516121, 89.76321246765957, 91.89857684314835, 90.9357170453428, 91.59184191645349, 93.12356879978586, 93.47307025771197, 93.76781768059347, 91.25001485364783, 89.8161627669891, 87.29141758659108, 84.50371598688248, 84.52382558249198, 85.8926009680988, 85.74119802889469, 87.13821981126219, 85.82486939312408, 86.19229393238463, 87.46532668415315, 87.46532668415315
96.65, 96.91609415304023, 97.60562372969801, 94.9250314614346, 94.95783465931669, 94.96396725293381, 95.46355254815418, 95.72765837161957, 98.12440890349642, 95.5691175700215, 94.24073194913801, 94.41543425724437, 92.54094445909719, 89.54082635558426, 86.87635450128958, 87.05158954360947, 85.54693742628753, 84.50371598688248, 84.52382558249198, 85.8926009680988, 85.84893576679994, 84.32939815556858, 85.82486939312408, 84.98406826740512, 84.18839048711607, 84.18839048711607
95.71, 95.52267014827261, 98.05368500095278, 98.1250278964011, 99.01628940164755, 98.88436695370478, 98.24911141399734, 90.13474040003594, 92.64531554953763, 92.14055981069373, 91.93972879400951, 93.25259657221669, 94.37391370170121, 94.26780423171056, 96.06475954322966, 96.39854828940592, 94.96501779431982, 96.0835346883722, 92.47014416730677, 91.04595898531629, 91.82674119145462, 92.65562030941342, 93.25678291642902, 90.75098730239166, 90.79748507582805, 90.79748507582805
97.22, 98.11670639830905, 97.82347500566912, 97.67160443324492, 97.15961265456507, 99.17231173270949, 94.62854007004479, 94.66752397241304, 88.77650449548842, 87.4507738489139, 85.27288328557043, 86.34232474780258, 87.26868201582394, 87.69886573379867, 89.17088653447315, 88.83519637858207, 89.60115006508823, 90.39368151997596, 87.21526991430825, 87.87871511436246, 89.48610991997356, 91.44193702837691, 88.25915849730478, 88.55694515677288, 88.59539345648302, 88.59539345648302
95.59, 94.75388978606163, 93.0910472592789, 93.69210499729837, 89.45057653544065, 89.63332405202858, 85.6058029428759, 85.4829156262004, 87.00016755564208, 85.25911298499855, 85.67588852209451, 86.2293058135949, 85.00796617836136, 85.81502052580596, 84.31369739456835, 84.75618479052292, 85.88922846168357, 86.96309477186333, 88.70074735172112, 85.91381119324937, 84.73326827916155, 85.62015693289653, 85.82486939312408, 84.98406826740512, 84.18839048711607, 84.18839048711607
95.64, 94.73880889098686, 96.83276505104512, 97.47627954469758, 94.55355125821785, 93.55279237711157, 91.46527079976951, 87.76003576359093, 86.34926002633316, 86.0582180334357, 85.78704318585042, 84.17834927434514, 85.75234156711564, 86.19805796552994, 84.31369739456835, 84.75618479052292, 85.88922846168357, 86.32125598533787, 85.57276407080234, 85.8926009680988, 86.1944781121305, 85.68082052710363, 85.82486939312408, 86.69945431800718, 85.95433948163853, 85.95433948163853
96.95, 97.85460003988898, 99.17857547411823, 98.46619225814992, 97.9309444897881, 98.77910053184924, 97.91298607746536, 95.32117129124552, 95.19127594402131, 95.85845336846329, 93.84476565646582, 95.48998876222072, 96.2602953177371, 94.43654606430732, 93.62263145643178, 91.33195341839127, 86.60955897265963, 88.44021596670184, 90.19236394220559, 89.70027067742365, 88.23800731713594, 86.21946711086666, 85.82486939312408, 85.84967283823273, 84.18839048711607, 84.18839048711607
97.22, 98.58844779582306, 97.38612711933801, 96.45109756914275, 97.45812005139041, 96.3868734582418, 95.00477952415665, 92.96657998926618, 94.06053420484582, 95.09216326719773, 89.7806909113867, 85.35846063722472, 86.29884390217055, 85.81502052580596, 86.96548855025894, 84.75618479052292, 85.88922846168357, 85.80982168023253, 84.52382558249198, 85.8926009680988, 84.73326827916155, 85.220373708452, 85.9548842025991, 85.47294592547864, 84.18839048711607, 84.18839048711607
95.97, 90.84576758155578, 91.09312093546973, 91.05675570853502, 89.13855725974207, 91.48137324809535, 88.42873814159863, 86.25614477221868, 87.81922561484298, 86.90652391347416, 85.5158778429064, 87.70846470989166, 88.97239365180386, 85.96031413950698, 87.41921683805697, 87.17801010328336, 85.88922846168357, 84.50371598688248, 84.52382558249198, 85.8926009680988, 86.2567143755881, 86.61022042708838, 86.444730467953, 84.98406826740512, 86.78714453916865, 86.78714453916865
95.4, 91.4921887239125, 93.21962824232736, 93.3161085332745, 89.78103460257343, 88.64214874686115, 89.80013403736847, 89.54363275720893, 89.5782069178589, 88.7534353572765, 89.4944429715252, 91.10027882736524, 91.93165434649953, 85.92927141060743, 87.81361649276776, 84.75618479052292, 85.88922846168357, 87.53250508938861, 87.32487254086041, 87.41615929982697, 84.73326827916155, 84.32939815556858, 85.82486939312408, 84.98406826740512, 84.18839048711607, 84.18839048711607
96.89, 98.17329615353982, 96.00275779984604, 95.14174495489212, 85.73935697638272, 84.10957757803895, 85.48961899980043, 86.26165953709229, 87.4624445148353, 87.06382235159825, 87.93137974133431, 84.17834927434514, 85.00796617836136, 85.54099514732937, 85.40885601347127, 84.75618479052292, 85.88922846168357, 84.50371598688248, 84.52382558249198, 85.8926009680988, 87.56800497437047, 85.13152947758604, 85.82486939312408, 86.22137131713431, 86.8344202966621, 86.8344202966621
95.93, 97.59969171770125, 98.82695592876865, 91.67700823555914, 89.48249163871712, 88.24145555685429, 86.84674716488293, 85.40934799745953, 84.10845337987462, 85.25911298499855, 85.67588852209451, 86.78833421501467, 85.66365611982454, 85.81502052580596, 87.90678691282497, 89.24234058129517, 86.21350494074639, 86.43817024377131, 87.90074706219141, 86.88792837736446, 84.73326827916155, 86.41758900431904, 86.460215288099, 86.78801099998023, 87.43549022167623, 87.43549022167623
97.01, 96.54784698499014, 97.28874409610711, 92.77710368165518, 91.41636790737375, 93.38195358620192, 92.70127019479195, 88.69781545705791, 90.42467368265906, 91.5660660184664, 90.34540094866817, 86.5516181635347, 85.55448734819052, 85.81502052580596, 85.49311665761542, 86.32895091269025, 85.15895699790714, 84.50371598688248, 84.52382558249198, 85.8926009680988, 84.73326827916155, 84.32939815556858, 85.82486939312408, 84.98406826740512, 84.18839048711607, 84.18839048711607
97.25, 98.50540416058166, 97.67875218404015, 97.04233524262851, 97.8433736351287, 96.85249473082972, 98.11528091638579, 98.23797265150849, 97.44321766438244, 98.16101252060125, 96.59688160962507, 95.50566954451774, 91.8628773243688, 90.88761860851982, 91.56965589673275, 90.64345691296319, 86.30240050378221, 88.16342418304603, 86.44051453403729, 85.8926009680988, 87.71214890916615, 88.14531082326035, 88.04252360710403, 84.98406826740512, 84.18839048711607, 84.18839048711607
95.22, 96.73104742777582, 97.5966896348318, 98.51850806638657, 97.14642925318095, 94.30606032961983, 89.73031304196778, 87.62720471190102, 88.69839689668028, 88.84737928034971, 85.80790276927299, 84.17834927434514, 85.00796617836136, 85.62660454950903, 85.08375777948258, 84.75618479052292, 85.88922846168357, 87.7611622311989, 88.76816409971559, 88.09315515112053, 87.58637527860382, 89.49471984860006, 85.82486939312408, 84.98406826740512, 84.18839048711607, 84.18839048711607
95.02, 96.37084677685733, 97.93815152625653, 98.08264169193409, 97.53268067834705, 96.21431881393161, 95.03177342604337, 92.83357509864962, 94.10492883521604, 93.96974677651608, 92.8648815382606, 92.28528218754724, 91.01467029303012, 91.01940725269026, 89.140404067412, 84.75618479052292, 85.24322990602083, 85.88489314435832, 87.8149864107465, 85.2123081447386, 84.73326827916155, 87.05506464743054, 86.34691419914981, 84.98406826740512, 84.18839048711607, 84.18839048711607
95.8, 94.22020624519692, 93.65983260835242, 94.25463114771809, 94.99073805096509, 96.13699814230088, 96.90997339034215, 97.94132884473505, 98.9571131739965, 96.6376010232412, 97.3609704456041, 97.68590975173234, 87.36595220759885, 85.48587042058585, 87.6569884001846, 87.18175066722388, 85.88922846168357, 85.93602154107826, 85.37484627517154, 85.8926009680988, 86.89160262638846, 87.99952801647117, 85.05860544923895, 84.98406826740512, 84.18839048711607, 84.18839048711607
95.42, 93.90650670522031, 95.48227529036663, 93.06565898602634, 86.0999219946081, 85.27587379262036, 86.22393398934955, 86.2983891503973, 88.54509458228581, 88.3997734206517, 87.44417559151736, 88.50598570271106, 85.00796617836136, 85.81502052580596, 84.31369739456835, 84.75618479052292, 85.88922846168357, 87.28021442809288, 85.88075084819772, 85.8926009680988, 86.06945130825251, 84.32939815556858, 85.82486939312408, 85.96851848231009, 84.18839048711607, 84.18839048711607
96.17, 94.56877444206954, 94.7551643338025, 93.48796524143309, 91.49454545224974, 92.35028260163779, 92.73077848895156, 92.55848743917669, 92.26019375846194, 93.13698855477347, 90.58104404444082, 89.53384209118998, 90.92810666591309, 89.47529966200787, 88.78302401494099, 88.74032212084654, 87.99502102289372, 87.40302126767924, 89.21651838179142, 88.52026204116703, 85.71395778235143, 86.19075327088864, 85.82486939312408, 84.98406826740512, 86.44429890039991, 86.44429890039991
95.92, 94.70604492186389, 92.51433487610207, 91.46800912608747, 91.52202829070514, 90.6943413303827, 89.07358272822495, 87.97859817842772, 88.62571555583385, 88.89917355384208, 88.13687378749286, 85.05508898644486, 85.00796617836136, 85.81502052580596, 84.31369739456835, 84.75618479052292, 85.88922846168357, 84.50371598688248, 84.52382558249198, 85.8926009680988, 85.06458980161189, 86.38377524719427, 85.20444235821083, 84.98406826740512, 84.18839048711607, 84.18839048711607
96.44, 95.88607865949743, 97.66471883390906, 98.11615851569036, 96.89722256836019, 98.50100694684363, 97.5529662947303, 97.87411100701569, 99.12041425103969, 98.0736855628764, 95.3682926213914, 96.2993410074312, 95.1180305516623, 93.62507941034049, 92.8313607188934, 92.78206461258613, 92.08060512049337, 89.69708115356775, 88.14989419897199, 85.84527051344878, 86.89970349547278, 86.19284420291063, 86.01282968705289, 84.98406826740512, 84.18839048711607, 84.18839048711607
96.67, 96.71238000077987, 94.86996484335616, 90.13979072189636, 90.76765541135207, 89.2166815720471, 89.505674865412, 85.21858040369489, 85.8841506436533, 85.53856672420854, 86.07102145617986, 86.46408586022145, 85.68030902823439, 85.81502052580596, 85.76072182458152, 84.75618479052292, 85.06653192322791, 84.50371598688248, 85.25691402206999, 85.8926009680988, 86.51780129310447, 87.52679689684439, 87.04866835306558, 84.98406826740512, 85.67130045729023, 85.67130045729023
95.48, 94.07222842509813, 93.85572586450442, 94.58193136049636, 93.39981716249858, 93.42353210171942, 92.88467613960349, 92.1646738660432, 94.11484911977976, 92.11698936346377, 91.99977484018979, 93.06343534882515, 92.41422445201145, 91.88441273157268, 91.57357423296979, 89.19135666175048, 88.59432202258913, 89.3929658256192, 86.84343419699071, 85.8926009680988, 85.41559698310537, 85.7952048038231, 85.82486939312408, 86.2440100145311, 86.05570480511764, 86.05570480511764
94.98, 95.32912259186553, 94.96354027286657, 91.24045748219153, 91.34566508303189, 91.98229379013381, 91.54796817367524, 92.28969210327077, 94.66201309494545, 94.70213127207992, 90.579303267662, 91.45468025225367, 90.98267254267549, 89.51484737915212, 91.01558066418625, 89.73277177042397, 90.06535907177653, 89.06786716760988, 89.31206171583604, 85.71053928450321, 86.37483044728351, 84.32939815556858, 85.82486939312408, 85.4428832192048, 85.225776077683, 85.225776077683
96.75, 98.02595204047904, 95.81233656006283, 95.01708534042099, 95.71492026445597, 92.75033492992284, 90.2412194909018, 91.42949668108442, 91.38727631328256, 90.82125457806643, 88.83078597990222, 88.5572259578649, 87.56745973488911, 87.00822994765424, 84.31369739456835, 84.75618479052292, 85.28354060753793, 84.50371598688248, 86.6419554154352, 86.37930877304257, 84.73326827916155, 84.32939815556858, 85.82486939312408, 84.98406826740512, 85.9336988697441, 85.9336988697441
95.67, 97.20460605307763, 94.54972094214949, 92.97244693908017, 91.72254409963963, 91.77928077075507, 90.42932057989417, 87.34004025670387, 84.10845337987462, 85.29821865960605, 85.67588852209451, 84.17834927434514, 85.37276278254777, 85.45023027880619, 85.69389768108478, 84.75618479052292, 85.88922846168357, 84.50371598688248, 86.03727252392991, 85.75574357908597, 84.73326827916155, 85.69469665841414, 85.82486939312408, 86.22596108977686, 86.2138693319274, 86.2138693319274
96.41, 96.98861807295667, 99.11528079455367, 96.48135640252258, 94.53709946086056, 94.82142057617244, 92.29997282108977, 92.37598155989917, 92.92134218286746, 92.76557078650548, 85.83400509675013, 84.17834927434514, 85.00796617836136, 85.81502052580596, 84.31369739456835, 84.75618479052292, 85.88922846168357, 87.05139443955582, 87.99416237278973, 85.71188679471466, 87.34896168006634, 88.60867760090814, 88.07070994296035, 87.90261726161869, 87.71923598665559, 87.71923598665559
95.54, 93.73590170462772, 94.53187804493561, 90.18623692972926, 85.9379195620632, 87.23784680268557, 86.37279679561738, 85.45822808114264, 87.59219673963463, 85.25911298499855, 85.67588852209451, 86.05885630698837, 86.58168384730898, 85.81502052580596, 85.41637291884382, 84.75618479052292, 85.88922846168357, 86.44352267932433, 88.28081786413543, 85.8926009680988, 84.73326827916155, 85.63539716730041, 85.82486939312408, 84.98406826740512, 86.50315817472888, 86.50315817472888
95.98, 94.5104506891457, 94.47469884341734, 89.13436700219104, 88.42597508068906, 88.1555329578008, 85.61460829259448, 85.4829156262004, 88.10808395002152, 87.99289711350202, 85.65791537965987, 86.82407131156342, 86.29683274699934, 86.63718544780664, 86.88030847919481, 88.1512359634668, 87.25829431091758, 87.29177446483251, 86.07470919868166, 85.8926009680988, 86.88422771889742, 87.56134793783005, 85.28907184713708, 84.98406826740512, 84.18839048711607, 84.18839048711607
96.94, 93.94195376186038, 92.42071889710718, 91.69112207819465, 92.64709287540565, 85.9698711614573, 85.48961899980043, 85.58030008541951, 87.31799929528958, 85.25911298499855, 85.67588852209451, 87.25910533027749, 88.05878057922497, 88.58106610291615, 88.90846196790109, 84.75618479052292, 85.88922846168357, 87.30413120934465, 88.90942933393835, 85.8926009680988, 84.73326827916155, 85.63754762106923, 85.82486939312408, 84.98406826740512, 86.21227671292299, 86.21227671292299
96.03, 94.7428902674217, 95.24804206220041, 95.21932448816239, 91.42715415195846, 93.16578592017551, 91.66840283914749, 91.8367810756866, 91.95881039617704, 92.4538758850912, 89.05269016731445, 89.74226235677422, 88.61589305946852, 88.4404172677987, 89.7101876508689, 90.02041701417961, 89.31566321902189, 89.81780259103947, 90.75130545866455, 90.12159974471818, 87.71911990786617, 89.05531489228238, 87.38768256807339, 86.46365383780724, 84.18839048711607, 84.18839048711607
97.32, 95.42901682198527, 96.32897975657157, 94.5501908091399, 90.98060700299986, 91.71496285802795, 89.04896866154704, 85.27759589564266, 84.10845337987462, 85.25911298499855, 85.67588852209451, 87.78017937177003, 85.97771009654855, 85.81502052580596, 85.47152689462203, 84.75618479052292, 85.88922846168357, 86.53957360090195, 85.03674934822203, 85.26534062723086, 85.775171464163, 87.40418436947068, 85.3403098043482, 84.98406826740512, 85.78307850417693, 85.78307850417693
96.14, 95.30265083670497, 95.9479088805926, 95.65008235729975, 95.78205232868468, 96.75848477699783, 95.80733089269737, 96.72381031594739, 99.3634305818781, 96.42057610590327, 94.41412044732678, 96.29278661105481, 94.46558855196298, 89.34616773153427, 91.75986147122924, 90.52705338651764, 87.99554595582455, 89.86332862425517, 88.52517369199018, 87.42997032114813, 87.00942892327711, 88.63819991111643, 87.71921557548275, 88.54241285346107, 88.67782947729435, 88.67782947729435
95.21, 91.15498847367196, 91.61836557780094, 92.18884667187302, 90.23099037989823, 89.54602692233387, 89.51701753862625, 90.12212261871038, 91.53449603161035, 86.93691707689567, 85.69268344271708, 84.17834927434514, 85.2888382919376, 85.81502052580596, 86.39543425827156, 84.75618479052292, 85.12867119633626, 86.37325341354556, 85.32859484820295, 85.8926009680988, 87.9394841147592, 90.33943514673715, 89.43667769269233, 88.56393095828014, 87.90628395792918, 87.90628395792918
95.46, 95.30890979237081, 96.6560029000576, 95.2710188730502, 96.21930752634802, 97.20461605551617, 97.01029444251941, 95.33056984702645, 97.21497986038604, 98.0775332040578, 95.83687597032456, 97.90957442812312, 99.58414155515993, 93.4798356628697, 92.67425048069803, 92.24666447808089, 90.72456377511753, 90.61416095571434, 91.69433830080763, 91.35516045303673, 84.73326827916155, 84.32939815556858, 85.82486939312408, 84.98406826740512, 84.18839048711607, 84.18839048711607
96.66, 97.07876652781026, 92.68499598558, 91.1184940125572, 91.04725131352662, 93.10672499884937, 89.90419910359695, 89.19626537590895, 85.17871475671481, 85.25911298499855, 85.67588852209451, 84.17834927434514, 85.00796617836136, 85.81502052580596, 87.27028512337957, 87.23101809406155, 87.2043390979279, 88.9516750239094, 90.53018850321564, 90.75418477875776, 90.60793487389772, 91.61243868416771, 89.36089707634983, 90.78203378014892, 88.78250947038953, 88.78250947038953
97.21, 98.29430052374136, 100.64757093333193, 93.86168308297037, 93.32070368826801, 95.68745929547619, 95.34624109197912, 91.90710591783869, 89.10395935310092, 87.77447834296068, 85.40182496254054, 87.55651910557278, 89.06605071615323, 88.58650464130154, 88.44285123246175, 89.86035509293552, 87.46023022326418, 87.67419356652864, 87.81109359798691, 88.50145918318607, 90.11475895594977, 91.81457280598336, 90.04893993642283, 89.2762506299778, 89.56345055627379, 89.56345055627379
96.11, 96.06675731894367, 97.46929382059722, 90.55602174304506, 89.05227618553161, 91.45804265234601, 85.48961899980043, 85.4829156262004, 86.0190193162339, 85.25911298499855, 85.67588852209451, 84.17834927434514, 85.00796617836136, 85.81502052580596, 86.9194787533043, 88.46734480178363, 88.63234258061598, 87.80195397750633, 89.03533063846753, 89.3056734356477, 90.50046912956097, 91.44176221782233, 88.54796592505618, 85.64113985430362, 88.15402804487874, 88.15402804487874
95.95, 96.89383285435255, 98.7708579389842, 98.40263667327677, 99.5371589304653, 98.20185654727396, 98.04565305803668, 97.59991774696492, 96.90946720825661, 95.14589490623104, 95.89708412084809, 96.17755174024283, 96.33751944379654, 95.3048692281631, 94.73168620653377, 95.35817220440158, 90.78787096131417, 91.74166737678601, 93.80015155572897, 92.93616027232068, 91.39209548122403, 91.76303731321251, 91.37923655305231, 87.67965572879258, 87.45681464412058, 87.45681464412058
96.14, 96.19115630386999, 97.4971388629787, 96.13497974699938, 97.41172158059315, 94.98798803018853, 93.91061139914605, 89.30382880518573, 88.76849690617519, 89.59468219374666, 86.88808033988323, 87.67422504039992, 85.00796617836136, 85.81502052580596, 85.57067516535734, 86.36308110341135, 86.21751730394415, 87.06550735962234, 88.24267488312621, 85.8926009680988, 85.39296244413023, 85.15319165791823, 85.82486939312408, 87.03496761132153, 88.55435718880932, 88.55435718880932
95.54, 91.7890774768224, 93.62504267632822, 93.2885990174072, 90.7616273561414, 88.5460153944642, 87.7853199558978, 87.9153467462662, 88.76963268899163, 85.25911298499855, 85.67588852209451, 85.53094463825069, 85.13688784088872, 85.05256818937207, 84.31369739456835, 84.75618479052292, 85.38542587871248, 84.50371598688248, 86.04825074747164, 86.34348269132423, 84.73326827916155, 84.32939815556858, 85.82486939312408, 86.84668688376297, 87.47269447010588, 87.47269447010588
96.1, 95.77822713358005, 95.1125527777868, 91.99626629459443, 93.24810686188583, 94.81499768142245, 92.8323126724727, 93.4583317494608, 94.0169902383801, 92.55718146476732, 92.4648459539401, 94.62905865766118, 92.81357070416114, 93.4290820673176, 93.3593205332302, 91.58197111376418, 90.91611869889003, 91.7430612057714, 89.82244034344394, 90.33675237243067, 90.4803170098006, 91.93435191948048, 91.00731923354904, 90.55856945646921, 92.58154071576918, 92.58154071576918
96.61, 91.54229654975826, 91.11309848103842, 91.39235664237404, 89.57766672648421, 91.06245225243715, 87.82884122092561, 88.70152401697771, 90.16444052484601, 88.6991173384609, 88.6378777510517, 89.25489343667746, 88.14515285562653, 86.94474189468988, 87.57436728975928, 85.57571684716594, 85.88922846168357, 86.98907080489168, 88.23061313852196, 85.49652700787462, 85.53332378626259, 87.74757579240018, 87.0244898542169, 84.98406826740512, 84.18839048711607, 84.18839048711607
96.43, 96.62697568713116, 97.29358621227094, 95.23632295039754, 94.80757153842214, 94.98744865663976, 87.79647001918484, 88.46688261488549, 88.85692721229928, 87.42367522192411, 86.61151340968043, 86.05492643981054, 85.4333625404277, 85.81502052580596, 85.61369123072498, 84.75618479052292, 85.88922846168357, 87.43676163860249, 88.36858301293194, 86.45048246429292, 88.33993896318341, 87.15201490876642, 85.9286801908236, 86.37090591257349, 86.20582116390456, 86.20582116390456
96.88, 94.42113096305295, 91.39738116299458, 91.86935842746828, 87.40742599837711, 86.93942044376892, 87.15428290598643, 87.30941478766186, 86.49691517081133, 86.74165940286241, 85.67588852209451, 86.93595634092158, 87.14800743572333, 87.9872693535639, 89.67639155277021, 89.48502899560938, 87.52530632663928, 89.08065867257912, 89.76729794636364, 88.89558504561094, 90.32616291775301, 92.45406093169424, 88.31602299365245, 86.03775657924925, 85.42631405018184, 85.42631405018184
97.28, 95.47328891154262, 97.23973710200343, 93.97703875903494, 90.17392012115668, 89.35812641524487, 88.0402855586086, 88.68441920505752, 88.35503066431906, 88.37122529408443, 85.67588852209451, 86.12266637814518, 86.31051610944216, 85.17713557471305, 86.57482068175679, 85.06495002899543, 85.88922846168357, 84.50371598688248, 84.52382558249198, 85.8926009680988, 87.00277557307301, 87.61810378501849, 85.89403996081376, 86.89999786760505, 86.77194169893741, 86.77194169893741
95.31, 96.26630338342352, 96.44133021505164, 95.67256904935186, 91.383041158967, 91.89652256436884, 89.69431411139665, 90.45535073784374, 89.87583471183183, 90.06550809729042, 89.13370571851438, 88.84003399486078, 88.8185207097031, 85.81502052580596, 84.31369739456835, 84.75618479052292, 85.88922846168357, 87.75645020074066, 87.83013868055711, 88.43237774486022, 89.48480713526428, 87.44321283067397, 87.58601046913955, 87.2050231492234, 86.75495963557863, 86.75495963557863
96.27, 93.60180010969218, 94.83587175628723, 91.99664596204825, 89.9227053956153, 89.71660085239424, 86.9647657524809, 85.26238872680813, 84.10845337987462, 85.25911298499855, 85.67588852209451, 84.17834927434514, 85.00796617836136, 85.81502052580596, 87.35328182679066, 87.13888497140313, 87.33426831292093, 85.49632222590398, 86.37649513172498, 86.36648223060877, 84.73326827916155, 86.63488142410378, 85.050336276852, 85.54104079097316, 86.19741526987791, 86.19741526987791
96.28, 95.70822364226011, 93.33680303933647, 91.13601047334421, 91.0907087739772, 85.69806054890323, 86.84307400821572, 85.4829156262004, 86.29558544794456, 86.89727469988753, 85.73743664686745, 84.17834927434514, 85.00796617836136, 85.81502052580596, 85.32777692224353, 84.75618479052292, 85.88922846168357, 86.97754883985797, 86.53645757756124, 85.8926009680988, 84.73326827916155, 85.85766138503544, 85.82486939312408, 84.98406826740512, 85.9370304290722, 85.9370304290722
98.16, 93.60862484467359, 94.62836287830638, 91.19708823289712, 89.4726214849982, 92.02787574518983, 90.40093501024633, 86.12197059349937, 84.10845337987462, 85.11817879326584, 85.85044463893769, 86.37400673032535, 87.77557902175258, 85.76676050194807, 87.34034120804685, 85.35663917216509, 85.88922846168357, 86.57102592187594, 87.46946271046669, 87.25767463517882, 88.57799500270718, 90.8430680807755, 85.82486939312408, 85.77219352545426, 84.18839048711607, 84.18839048711607
95.94, 88.18246099439637, 86.45205879045147, 85.68112224577713, 85.25147394837903, 86.38053670337722, 86.40841058173065, 85.4829156262004, 87.30030627466405, 85.25911298499855, 85.67588852209451, 85.79485628058923, 86.82424747653957, 86.1678895917919, 87.4046716557643, 87.9369192249818, 86.06725646049188, 86.14975324628303, 85.41617686843509, 85.8926009680988, 86.90797572396117, 88.63544501733877, 88.36856019166102, 87.89244677208013, 87.17812565760462, 87.17812565760462
96.65, 97.47069863111666, 95.31556121355274, 95.79315851592308, 95.38536533830475, 94.23233663962952, 93.88901137927637, 93.605214271909, 91.950947689954, 93.38738151709371, 88.40019546199542, 89.63958865394991, 86.65857838429372, 85.81502052580596, 84.31369739456835, 86.25410460344702, 85.88922846168357, 86.31395374732716, 84.52382558249198, 85.24079534524327, 84.73326827916155, 85.24354035927216, 85.06234569135958, 84.98406826740512, 84.18839048711607, 84.18839048711607
95.88, 95.59409407793352, 97.13135199157149, 96.97007568245782, 93.45664789456366, 90.21790569957284, 89.77713185291732, 89.64738977421189, 91.79532071089972, 88.87813971104443, 87.62275272070409, 86.3976509530617, 85.57440760221148, 85.67215340218155, 85.86253987506477, 86.93227088461421, 85.88922846168357, 84.50371598688248, 86.41639562439481, 85.8926009680988, 86.51454937058081, 84.32939815556858, 85.82486939312408, 86.9468469308859, 87.65809794271321, 87.65809794271321
96.85, 95.49260911184943, 95.73971859276728, 95.78159685133147, 94.96840102099492, 95.04646990348353, 93.22594356315847, 87.13433550112136, 88.82319209744166, 89.00233557079979, 88.4812833705207, 90.49122508093589, 91.83011640371969, 90.06156054062399, 90.58752400672395, 90.35832493291073, 90.38498726415065, 89.53386044015521, 88.99707679472107, 85.8926009680988, 87.31614266454959, 84.32939815556858, 85.82486939312408, 86.72144595004231, 86.85305726218245, 86.85305726218245
95.7, 96.8682061922429, 99.20853650949239, 98.24701330216878, 96.83898102928603, 96.84059334956447, 96.81501245657938, 94.38840814817081, 90.54280323716377, 90.73804598171061, 91.10489278368365, 92.684922729682, 93.2029526571764, 93.10519167357036, 94.22584918216029, 95.26143704326556, 91.88387517446078, 92.32818889963383, 88.75574484016606, 87.1143657071747, 87.27489201830943, 86.75199521206173, 86.43091723660372, 84.98406826740512, 86.70871649763288, 86.70871649763288
95.74, 95.72147802435313, 92.97617587483246, 88.52420372295724, 87.13270715285896, 88.58793435479815, 85.48961899980043, 85.0136439625169, 87.18010918917656, 85.6491427671416, 85.80302590808263, 84.17834927434514, 85.00796617836136, 85.81502052580596, 86.79457763505313, 86.562329409881, 85.88922846168357, 84.50371598688248, 85.94912944425518, 85.8926009680988, 84.73326827916155, 84.32939815556858, 85.82486939312408, 87.3892690654063, 89.6328540659562, 89.6328540659562
97.09, 97.65221205637368, 99.17835530795988, 96.8189246220534, 96.59412493009653, 97.1515519249366, 96.40019696683203, 93.53501750974837, 95.68250484167226, 94.0134177554864, 94.25314833444976, 95.69184907723532, 97.08424164591241, 96.46542160408929, 98.7360365050215, 96.34462655034775, 95.66108898507063, 97.15808793697825, 93.71091139535997, 92.66622572876076, 94.53391818366767, 93.87185007222745, 93.87463812045658, 93.07163809999713, 93.90255733525497, 93.90255733525497
95.84, 92.89157300815603, 94.8031629207466, 93.307878262996, 93.75188749271143, 94.56570616947225, 91.33950170124784, 91.51836410900262, 92.93005424580889, 92.17528899530909, 90.16261593906268, 91.60225914017492, 93.30559020196749, 87.48117467937112, 84.31369739456835, 86.30844226730207, 85.88922846168357, 86.60368062312465, 85.64571609092096, 85.8926009680988, 87.61196320113609, 87.89563232606571, 87.16083537455546, 88.4526383959909, 89.98742003511961, 89.98742003511961
95.74, 95.30589212313318, 96.34393009461792, 96.80064348338814, 97.08542487660246, 97.18679131850199, 97.84595701694812, 94.41680186285, 92.95538685633936, 94.40685298776575, 92.66375065169485, 94.23422762297275, 95.97725058240911, 95.89822123972571, 96.61022221577733, 96.88290279100107, 94.65821458210604, 96.33565355053011, 97.03405098707216, 94.68298299158819, 93.25990014930566, 94.49693741774252, 92.90444074961513, 92.0626756243204, 93.6966343398425, 93.6966343398425
96.29, 91.28436453159843, 93.73940220372512, 93.91737469994725, 94.86694423416242, 97.48914040547804, 93.64103173923671, 92.29264486725914, 93.53709169093634, 93.66281710294429, 90.24046066205408, 88.21556491358152, 89.21404854430615, 86.76880687794636, 85.8901253307354, 85.28681725169531, 85.88922846168357, 86.31602127397343, 87.51523601575445, 85.8926009680988, 84.73326827916155, 84.32939815556858, 85.82486939312408, 85.04042202451613, 84.18839048711607, 84.18839048711607
96.46, 97.70514093771025, 97.10954759698885, 95.39026332920449, 95.04765694537126, 96.50459446183734, 95.14337385646957, 93.5198933407276, 93.9057862096742, 92.36827519704845, 91.48250576243717, 90.56798454531064, 89.04878668475841, 87.1486396579248, 88.58499608762428, 88.49843184580581, 85.88922846168357, 86.28719290501505, 87.94934746606295, 88.4136120570111, 86.04484643887692, 84.32939815556858, 85.82486939312408, 87.5349356649387, 89.90892238212165, 89.90892238212165
96.09, 94.81629628457347, 93.41663936935615, 91.96501742436364, 86.62665708255157, 85.84292260977259, 85.48961899980043, 85.4829156262004, 87.35282761931711, 87.12679564450727, 85.67588852209451, 84.17834927434514, 85.00796617836136, 85.81502052580596, 86.41080292885462, 84.75618479052292, 85.88922846168357, 84.50371598688248, 84.52382558249198, 85.8926009680988, 84.73326827916155, 86.40761732869814, 86.54125645168712, 85.64343316850815, 86.78222273426847, 86.78222273426847
95.81, 96.56774026715225, 95.2898354805011, 94.31207351156404, 94.22029676343193, 93.82231047626166, 89.91705211994814, 88.8235242137532, 89.53265977272741, 89.3333328029798, 88.81206742350147, 89.13437083970246, 89.68349692337131, 85.6969730816782, 84.31369739456835, 84.75618479052292, 85.88922846168357, 84.50371598688248, 84.52382558249198, 85.8926009680988, 85.38167704495822, 87.47629040353391, 86.11894752930242, 87.14353947292048, 85.29144854077998, 85.29144854077998
96.26, 95.70092536752698, 94.51223031786307, 89.01632243245905, 86.75659322519653, 88.4360102118505, 86.31560895285114, 85.27028484459832, 85.53291635196051, 85.25911298499855, 85.67588852209451, 84.17834927434514, 85.00796617836136, 85.81502052580596, 87.14437950015746, 87.51526307091459, 85.88922846168357, 87.29556380013865, 87.57812625515137, 88.30673671637638, 88.56049362831554, 88.36185557990338, 88.8054571392917, 88.65900659268625, 88.19510941482106, 88.19510941482106
96.26, 96.65164694609042, 98.67881231182221, 99.25050068003931, 100.15862291427983, 101.619898427471, 101.36537249482407, 102.29222927820305, 104.43241032448493, 104.91081440699062, 101.8668793016042, 101.86053479216355, 97.48738375161639, 97.79577672109141, 97.11162524350202, 98.1171998496271, 97.82901407994753, 94.225811956852, 93.93855507420047, 92.916515069791, 92.64162108497015, 90.6182193364576, 85.7027631337574, 87.24694609670932, 88.2506973662366, 88.2506973662366
97.07, 98.53409056134491, 100.60865580099004, 101.18645207856183, 101.47006338063505, 99.98346131965022, 97.10734537953071, 94.62428331789525, 93.4583619478272, 86.42239641520686, 86.80117014658379, 87.19971888012856, 87.34258425433607, 87.38554540204673, 89.09773035706141, 87.96436464698395, 85.88922846168357, 85.28084937317952, 85.60056366924643, 85.8926009680988, 86.82242792209, 89.05596047751897, 87.52840555932957, 87.55737287189285, 84.18839048711607, 84.18839048711607
95.57, 96.2504751741382, 97.2272484211675, 96.45958762629154, 95.63491477872232, 96.80931250248109, 95.91167879928463, 95.90419829934626, 98.17817832468248, 94.7225311817739, 91.08554699830947, 89.63352476229014, 88.8470295893227, 88.69015068115847, 85.61833814114343, 87.51062947285502, 85.71229948924537, 85.39063174368906, 86.370458022855, 85.8926009680988, 87.00066835914413, 87.94914637279808, 88.14757705003043, 88.91479226013037, 89.44431253460574, 89.44431253460574
96.58, 96.47829213205394, 98.39536856786451, 98.24222250666782, 94.2699250988732, 96.24894956183962, 95.78198892510996, 94.22954033034344, 96.39792531254265, 92.78805788525031, 92.7374508334991, 94.98088292402691, 92.43639457720857, 92.59461157820785, 94.48099476946679, 95.27737093172401, 93.26390629919412, 94.18104668663868, 92.77091840514193, 92.76552186627865, 88.08182089689257, 88.05789397142553, 86.67758052683863, 86.36612853720416, 88.28374607039085, 88.28374607039085
96.83, 93.73000169558162, 93.73629709729295, 94.12951422794087, 90.36383933109451, 89.32676050201367, 87.08398858496464, 85.4829156262004, 86.68528524910262, 85.25911298499855, 85.67588852209451, 84.17834927434514, 85.10184951354461, 85.86214893061448, 86.21087809871595, 84.75618479052292, 85.49924899303365, 85.98292611805236, 84.52382558249198, 85.8926009680988, 84.73326827916155, 84.32939815556858, 85.82486939312408, 85.34505613805818, 84.18839048711607, 84.18839048711607
95.58, 96.66498690626673, 96.09561062550542, 91.98937250167423, 92.4615304050284, 94.10402080877398, 94.4185298657203, 94.0781719618712, 93.23485448080055, 92.11692829076814, 90.86561330563973, 91.74127739168573, 89.20105417443287, 86.1707877077882, 87.45255311903367, 86.42890186875155, 85.88922846168357, 84.50371598688248, 85.70063068117202, 85.30835347699097, 85.38484769397398, 84.32939815556858, 85.82486939312408, 87.17151732834735, 89.57612599773665, 89.57612599773665
95.2, 95.07974706243556, 96.01668892631697, 95.67981490297149, 95.935279890153, 90.02887249920235, 89.10077177088695, 85.4829156262004, 87.42607066185066, 87.86624553457172, 85.29292770248476, 85.15850245904022, 86.03502212939904, 85.81502052580596, 88.07678523102227, 88.00464618153046, 87.54617572866972, 86.22747960903114, 88.06433463534863, 88.53000910284624, 84.73326827916155, 86.06506973953253, 85.82486939312408, 84.98406826740512, 84.18839048711607, 84.18839048711607
96.84, 97.64675242746071, 99.51717892454887, 95.26813468379042, 91.85669975952541, 92.38699056505028, 90.9577054255827, 89.77296575254678, 88.95833863068863, 86.41596408041521, 85.67588852209451, 86.88386249259652, 87.44899813358896, 85.30464206741874, 84.31369739456835, 84.75618479052292, 85.88922846168357, 86.05490557142329, 86.33474617265146, 86.20943186157419, 86.21306656881228, 85.82878198209333, 85.82486939312408, 86.25133861874977, 86.64744232707262, 86.64744232707262
96.03, 95.15149064638749, 97.53149817420058, 94.12560573554619, 95.1766156613167, 93.32065297644154, 91.23875805079437, 90.12393170120346, 85.36406611625677, 85.25911298499855, 85.09587457743757, 84.17834927434514, 85.00796617836136, 85.81502052580596, 86.44654512352288, 85.54402580089702, 85.88922846168357, 87.29609833430082, 84.52382558249198, 85.8926009680988, 84.73326827916155, 84.32939815556858, 85.82486939312408, 86.72563622500772, 86.19846011549544, 86.19846011549544
94.95, 96.14648956580805, 95.60542024792755, 94.42386777872598, 94.9501351069071, 96.04488954416681, 96.19771675390919, 92.4599214626139, 91.5677235420524, 89.96536653434367, 85.67588852209451, 84.17834927434514, 85.00796617836136, 85.22387586127816, 84.31369739456835, 84.75618479052292, 85.88922846168357, 85.7039387260895, 84.52382558249198, 85.8926009680988, 85.72627997342393, 84.32939815556858, 85.82486939312408, 85.72581741412371, 87.21652843433817, 87.21652843433817
96.4, 95.50549512882857, 97.54876495442664, 98.53903776854837, 96.12521034535989, 98.31742737171082, 96.72808267227842, 96.98406843817727, 98.37518560116949, 97.90732547582971, 98.92690264919791, 98.96216523914882, 99.4020594606576, 97.26287713644625, 93.84138523026257, 93.56085201869692, 88.59870721891316, 88.62055367963931, 88.52979140608748, 87.87213013310452, 87.59131466651513, 88.48559025063346, 88.11326881468153, 84.98406826740512, 85.29458184889303, 85.29458184889303
96.05, 95.45625251742554, 92.65528280955043, 88.40829452384543, 85.37706485953038, 87.4404425304122, 87.64053913726225, 85.37067747356072, 87.1359166519071, 85.25911298499855, 85.67588852209451, 86.40383591706528, 86.50817642326591, 85.81502052580596, 84.31369739456835, 84.75618479052292, 85.88922846168357, 84.50371598688248, 84.52382558249198, 85.8926009680988, 85.48255380678964, 84.32939815556858, 85.82486939312408, 84.98406826740512, 87.23823155498698, 87.23823155498698
95.77, 92.98248779889403, 93.73284932944615, 92.81336360628755, 92.37247323122557, 94.27228098581637, 93.2740924237852, 89.41734266534658, 91.018449394757, 92.43976157421575, 87.61575841688156, 87.59260562969477, 87.3957238410032, 85.82112220151556, 84.31369739456835, 85.16981259190713, 85.44381338188329, 84.50371598688248, 84.52382558249198, 85.8926009680988, 84.73326827916155, 84.32939815556858, 85.82486939312408, 86.32512955353972, 87.53505032023205, 87.53505032023205
95.7, 96.24301090910942, 96.35076327610895, 94.67196164955689, 94.88323055569488, 94.46619948035703, 92.93794905426853, 91.41132880487166, 92.1380864799754, 92.46580372914623, 93.42229482736568, 95.80283472199088, 96.97880952985021, 96.06066488592029, 97.79983432471863, 94.5797397206845, 91.59023517645517, 93.3172788918557, 93.65079783266387, 91.5419221873648, 91.71489785142198, 93.82591513590867, 94.45339260534189, 95.73414526957905, 93.58745701305577, 93.58745701305577
95.34, 94.54481352453467, 96.4137291613966, 95.20820055544787, 96.40477756885994, 97.78500640300288, 98.14796016387824, 98.63755748997065, 98.35757613602189, 98.06879559195514, 98.41091594533988, 98.58121864015219, 99.86864946794843, 99.52152760807353, 100.77478783631817, 100.46487944119833, 88.49294418153052, 87.24262349219991, 85.41127088979825, 85.8926009680988, 85.17643697987114, 86.73755373060122, 86.48170121880983, 84.98406826740512, 84.18839048711607, 84.18839048711607
96.42, 94.61138026798497, 97.15042823517483, 95.63834021440483, 93.31093805754062, 89.0073258857817, 89.91168979389127, 89.61844810102407, 85.99477413544425, 85.62071970441265, 85.67588852209451, 86.5057780757928, 85.00796617836136, 85.10826182537102, 86.59425851360106, 86.28458907553029, 86.33038500355342, 87.31718660537628, 88.42399601617583, 87.22120937128287, 87.12900474966365, 85.31872888767856, 85.82486939312408, 84.98406826740512, 86.6295324718999, 86.6295324718999
96.49, 93.23627180247502, 89.269498328754, 88.5062971280513, 87.36647118987511, 89.07090515775604, 88.01047683175138, 86.92683877489858, 88.72154811176127, 88.25250071429255, 88.2893876672675, 87.78870926025483, 85.00796617836136, 85.53846168508828, 84.31369739456835, 85.81489455215369, 85.88922846168357, 85.27809253997472, 85.08698251257444, 85.8926009680988, 86.47791391375732, 87.59123927879754, 86.90943311376347, 84.98406826740512, 84.18839048711607, 84.18839048711607
95.78, 95.95434749193336, 95.43073080692707, 96.3568452308479, 96.44235004486576, 97.61636335782575, 98.8607181503803, 97.82892271054263, 99.3108381409194, 100.54854242377367, 100.55299876662806, 100.45918706630788, 101.55903695489538, 102.02286515322352, 102.65939820484779, 101.5107900399887, 101.60677225840203, 101.04725694002177, 98.85189210241063, 97.10495075600168, 97.10571467318827, 98.5449830309512, 98.07275320018711, 99.13511596180093, 99.8500889718985, 99.8500889718985
96.69, 85.56908230956974, 87.79087673480932, 88.18839687748337, 86.6251460923822, 87.76367984806217, 86.90427566475648, 86.455977113386, 85.80154222295344, 85.0402518103765, 85.67588852209451, 86.28496693434127, 85.2080697148632, 85.81502052580596, 87.5352558654346, 86.63306076433766, 86.42080043723794, 85.49835617365841, 84.52382558249198, 85.8926009680988, 85.90547279340102, 86.7976722040197, 85.43603977804158, 84.98406826740512, 87.13227611408702, 87.13227611408702
96.13, 97.17082468051399, 97.89118332722207, 93.71954213692057, 95.07308364613532, 95.07589676327459, 94.37839838743743, 91.99552873177669, 88.67115700645576, 87.10692852746618, 85.67588852209451, 85.78017319764503, 85.88451544343981, 86.77572084771828, 85.69825590450537, 84.75618479052292, 85.34341530591284, 86.64870655187522, 88.67529743815639, 85.64458783631252, 84.73326827916155, 85.3248016394781, 85.7869769372336, 84.98406826740512, 84.18839048711607, 84.18839048711607
96.46, 96.2043902146174, 97.73362659272037, 91.9368726656949, 92.94611460605476, 95.17965857895157, 95.02017032266193, 95.70952391166279, 95.19599183076791, 93.82584294885916, 94.70309389762426, 89.36005941049146, 86.22012530493733, 85.81502052580596, 86.06243377186031, 86.31374542808574, 85.88922846168357, 85.9434678846761, 87.99299408718835, 85.8926009680988, 84.73326827916155, 86.27101871856006, 86.65583943942679, 86.73876705413896, 88.52637383390132, 88.52637383390132
97.07, 95.98204852599876, 97.93033865772621, 96.45710820814142, 93.57056602913183, 89.21520381642259, 89.67571562004235, 86.46093079238636, 88.78908075065102, 88.20913197061203, 88.79664402356649, 89.3746000676054, 88.56800837370668, 85.81715671478406, 84.31369739456835, 84.75618479052292, 85.88922846168357, 84.50371598688248, 84.52382558249198, 85.8926009680988, 84.73326827916155, 84.32939815556858, 85.82486939312408, 87.40338617192124, 86.86808300957387, 86.86808300957387
96.94, 95.05602869675567, 94.46786317934958, 93.17243008723393, 93.78762638542653, 95.14301715121607, 95.28013791371066, 95.88567367795332, 97.67246886860777, 98.98974581927448, 96.62637203684947, 96.60854871779073, 98.05479680444053, 95.60463022837868, 94.52023524051069, 94.71711489916967, 94.49550977173757, 91.66140307310377, 93.54647336191954, 85.8926009680988, 84.73326827916155, 85.56939437369019, 85.19668020173626, 85.58785677989626, 84.18839048711607, 84.18839048711607
94.97, 95.80315197856532, 97.3257994144351, 97.35187878885345, 98.67877389651866, 100.79800289025924, 101.63152293555237, 100.47407716303606, 101.80686073999198, 102.22296612495464, 102.50226566893797, 100.04644468426824, 99.86637991198619, 97.51645251932268, 98.83785944130537, 100.52377265981627, 100.77091708533987, 100.81582117384016, 102.48534108428711, 102.45635744981116, 103.42954932005384, 104.6846762123275, 99.87852834786074, 100.86815715816843, 101.73209751407101, 101.73209751407101
96.12, 90.69677113603147, 91.62293034321057, 90.98922191745935, 89.60244372099264, 88.43452009963023, 87.74195143328184, 87.81570866681307, 89.44401656413186, 87.2363892651512, 86.33834869008392, 84.17834927434514, 85.68803684066285, 85.81502052580596, 86.21380642578613, 88.07919193732252, 85.88922846168357, 85.28204440756335, 86.06489199402036, 85.8926009680988, 85.62140474336307, 88.07198936017645, 87.98738505749334, 85.80502038391855, 87.35904327397772, 87.35904327397772
96.42, 95.44283419967887, 96.6332209566156, 93.57175532289813, 92.40805452860432, 93.13690818927302, 91.60894732163895, 92.83636156418764, 94.92551577471818, 93.5046732952163, 93.26581995340368, 85.12728689403552, 85.14319183860466, 85.81502052580596, 84.31369739456835, 85.88969336487698, 85.88922846168357, 87.59062852051507, 86.28523795204647, 85.8926009680988, 84.73326827916155, 86.10578782598567, 85.82486939312408, 87.24603703067838, 85.38101574741877, 85.38101574741877
97.04, 97.17394863024866, 96.06013532001936, 96.64827442417247, 97.47589203882409, 98.3547200110682, 89.96335046603194, 88.83435426277013, 87.67303609490678, 85.02967912143323, 85.03884600104352, 84.17834927434514, 85.00796617836136, 85.81502052580596, 86.37554356478608, 87.15212378062425, 85.59232571605666, 84.50371598688248, 85.43822534648092, 85.78700539211437, 87.37562611952644, 84.32939815556858, 85.82486939312408, 85.303229794979, 85.53195229819747, 85.53195229819747
95.66, 94.9771204961311, 93.25886732969356, 91.08988324837414, 90.23399665457045, 90.99006251979452, 88.303605930177, 87.87102222432196, 87.32056143265339, 86.92915658474632, 87.3375670580249, 88.86104875859121, 88.58643610230123, 87.083216749463, 86.83793829090868, 84.75618479052292, 85.88922846168357, 84.50371598688248, 84.52382558249198, 85.8926009680988, 86.16363711015798, 85.62367969727391, 85.12296820679215, 84.98406826740512, 86.05643153367038, 86.05643153367038
96.05, 93.6064882591271, 93.6575937994812, 87.45356339390345, 86.78246006190079, 87.57313399145123, 87.08016482768416, 85.84443542538956, 87.9997919780562, 86.63952868536671, 85.6859843800023, 86.86715631387511, 87.3483141902362, 86.27906477027696, 88.20213376579034, 89.79843004370187, 88.66920418880125, 87.50020879535833, 88.76896928990418, 89.01339570579317, 86.82617829657504, 87.72187345926592, 88.68039358918872, 84.98406826740512, 85.61749886691555, 85.61749886691555
95.96, 93.52914436377121, 94.08869917553623, 92.02282570539458, 91.59792777159538, 92.19988146143426, 91.86026715989748, 89.16004530199524, 86.24879522093421, 85.25911298499855, 85.67588852209451, 84.17834927434514, 85.00796617836136, 85.81502052580596, 86.10401192687381, 84.75618479052292, 85.88922846168357, 85.71226231892501, 86.13926537689652, 85.8926009680988, 86.60589790950714, 84.32939815556858, 85.82486939312408, 84.98406826740512, 84.18839048711607, 84.18839048711607
95.19, 91.95139398083683, 93.81286928761506, 94.49823520828545, 95.29994085344346, 94.14009973901274, 89.71412357630739, 88.8358238279553, 89.2632569695889, 85.39966028915545, 85.67588852209451, 84.17834927434514, 85.42351873904879, 85.81502052580596, 86.5958910741842, 86.51976966613968, 85.88922846168357, 84.50371598688248, 84.52382558249198, 85.8926009680988, 84.73326827916155, 84.32939815556858, 85.82486939312408, 85.15294284950419, 87.2524861849932, 87.2524861849932
95.87, 95.62152514730963, 96.95341438206277, 92.90765966564757, 91.30943300849529, 92.05171135069033, 92.37331858235923, 89.47996832328181, 91.63488798445866, 91.41102055765457, 92.21034241715051, 92.26793269184745, 92.4717135047024, 88.44683540558678, 86.01343552261129, 84.75618479052292, 85.88922846168357, 85.30017716480366, 86.86122009409804, 86.2793305886459, 86.00658751666315, 84.32939815556858, 85.82486939312408, 87.2508714819833, 87.39751472633375, 87.39751472633375
96.22, 96.98984098272567, 96.14984142350995, 96.50326551293846, 91.14207793635114, 92.38288685699305, 90.39048199850794, 88.4536898591172, 89.77301839701646, 88.25263520930696, 87.71859388841604, 89.55358553926249, 88.12696645809946, 85.23246520854731, 85.6259189017821, 84.75618479052292, 85.88922846168357, 87.93724934656115, 89.22374289833883, 89.54558732606802, 91.051588557135, 92.27463968452807, 92.16011874939336, 91.93703090111852, 92.71362057549148, 92.71362057549148
94.89, 90.2659255120021, 89.4726363868798, 86.16062762664423, 85.25147394837903, 84.10957757803895, 85.48961899980043, 85.28065818927736, 84.10845337987462, 85.25911298499855, 85.67588852209451, 85.29886515574347, 86.75974704172245, 85.81502052580596, 85.35833839966175, 84.75618479052292, 85.88922846168357, 87.21888174582158, 88.4838039702417, 86.10306129124398, 84.73326827916155, 84.32939815556858, 85.82486939312408, 87.36149396355924, 85.66350004044027, 85.66350004044027
96.09, 96.61263027113212, 94.31652114617293, 93.66899002683657, 93.06449760500536, 94.16392449980262, 93.08305276832112, 93.1566079899935, 92.5993121596415, 92.31824934912116, 91.36034624517877, 93.20075310413222, 93.58323141881452, 91.14589248211144, 92.9164528578318, 93.26325966744093, 93.16138153291921, 93.03067362413385, 87.81535836003275, 85.32469422325225, 87.00074821847247, 86.82219970173998, 87.3523696016764, 87.72715527565676, 89.4503922986378, 89.4503922986378
95.5, 94.59481086718554, 94.55981762845745, 94.20046869174223, 92.11431015266429, 93.20895868392898, 93.1977592548505, 92.49760381715608, 93.74030624540612, 87.32098530750375, 87.73692794067844, 88.51062865630352, 89.36106451573201, 86.31157588510014, 84.31369739456835, 84.75618479052292, 85.88922846168357, 84.50371598688248, 85.69347635071826, 85.8926009680988, 86.6978803853193, 85.27205477929249, 85.82486939312408, 86.01203126901704, 84.18839048711607, 84.18839048711607
96.41, 95.70698858967835, 97.28177346965816, 97.39728211165001, 97.84854350632436, 97.2798558123366, 94.20246054046451, 94.78548526370514, 93.54635026150233, 93.85262442173597, 91.99124866954583, 91.39024460525253, 92.53193132829867, 92.99989653168352, 91.48122771609997, 90.75748481603047, 89.16996388889623, 89.72774963680739, 86.32941505213121, 85.9487082631494, 86.94666380989399, 88.68883295001388, 87.11330859215205, 86.92336177928013, 84.18839048711607, 84.18839048711607
96.37, 94.45266403006327, 94.30880092367177, 91.00985562296817, 91.73524509886904, 91.90126534171507, 92.92852206747058, 91.32291264910299, 92.49785621674948, 93.65753025237406, 94.42311939323827, 95.13793385209667, 94.82945275283936, 95.39896862468035, 97.10111054850799, 99.09573332023812, 99.12006799791949, 92.89571978719968, 92.99218985921834, 92.61963199568902, 92.8826167795757, 91.37290248569235, 90.76261364366053, 87.41323192616589, 84.18839048711607, 84.18839048711607
96.73, 98.07680554994874, 98.40208191786066, 97.96992465354816, 96.81413490637146, 97.2318444448076, 96.15433592774673, 95.23969806768403, 95.65877746423676, 92.2127255162273, 92.8055749497063, 94.73331009846112, 95.33993515368392, 92.17898424169732, 92.50121322010344, 93.39060793477466, 92.77336314901264, 94.43464049495213, 87.4327363259701, 85.8926009680988, 86.687105156639, 87.28282713392484, 85.82486939312408, 87.08502965986068, 86.69558628688641, 86.69558628688641
95.85, 97.24375717979703, 98.4637249167747, 97.32453665045087, 95.58321612103533, 97.62809368070248, 96.91669891107938, 94.0248047686555, 95.37225392053583, 93.95160140076248, 93.17588565589885, 93.8514753245196, 86.49922602197879, 85.81502052580596, 84.31369739456835, 84.75618479052292, 85.88922846168357, 87.05812285862562, 86.73441252593747, 85.8926009680988, 87.81932837713795, 86.71490229897684, 85.82486939312408, 85.5512707458343, 86.7096137613771, 86.7096137613771
96.92, 90.8404057213906, 91.25756789068018, 87.43735901498879, 88.9168045433587, 89.13503668050957, 89.79109520719342, 88.55456383384785, 90.4910500799075, 90.96754906898562, 89.50041482943213, 87.8089812901064, 85.33803064239743, 85.81502052580596, 87.95927691340424, 84.75618479052292, 85.88922846168357, 84.50371598688248, 86.29975033577055, 85.8926009680988, 85.3994807376668, 86.97047294858106, 85.82486939312408, 86.37597154784457, 87.31562532392702, 87.31562532392702
96.56, 97.65653729567258, 95.99206821977764, 93.45365272181222, 93.85722021739603, 92.56968778582778, 87.26399374382981, 88.37612462558702, 90.71115355590292, 86.35332891028197, 85.67588852209451, 84.17834927434514, 85.00796617836136, 85.51092686098698, 85.89796259181549, 85.54991554314273, 85.88922846168357, 86.79497071027511, 84.52382558249198, 85.8926009680988, 86.11443350297708, 84.32939815556858, 85.82486939312408, 84.98406826740512, 84.18839048711607, 84.18839048711607
96.5, 97.09194526064266, 98.69297670823612, 95.64331918868405, 96.39697440893974, 97.21196943025404, 95.55796470004216, 94.68375293632562, 96.13992472135305, 94.86839691820735, 95.17411415871999, 97.71978064504707, 98.91984925925237, 98.08440390586368, 97.46925907717083, 96.71608573322047, 97.13906025003821, 96.18202372996508, 95.73837892620135, 95.0509977623974, 94.26813022035613, 95.6314333273319, 91.98166026623937, 91.21622634159304, 93.35412139140742, 93.35412139140742
96.17, 97.01217821336125, 97.79256728123286, 97.56060076818271, 96.39776581305571, 93.50882545951582, 92.51035456034953, 89.96809148764515, 92.09422892391197, 91.49009884010974, 85.67588852209451, 84.17834927434514, 85.00796617836136, 85.81502052580596, 87.36591543646726, 88.26775377740685, 87.38508903601054, 87.66211111554908, 84.52382558249198, 85.8926009680988, 84.73326827916155, 87.0461209343334, 87.51244915296785, 88.42147039776059, 89.43877805240759, 89.43877805240759
96.5, 97.49875002575178, 96.9506357305399, 94.89966744164511, 94.91392075937439, 93.93898778103316, 93.96594844092868, 94.52541798197741, 95.0286605763788, 95.45593578153012, 94.17172836301951, 96.04652755356581, 96.20592469365567, 95.18801779805321, 95.28318814552107, 92.08087203521669, 89.2161036108599, 91.35609942215743, 93.03764139267939, 92.30412693933727, 93.2632074852371, 94.14220601574789, 94.09374887993228, 94.71924940682696, 89.75258548375179, 89.75258548375179
95.2, 94.84483802824133, 90.93519290575131, 91.62646875959479, 86.9336354743026, 86.34343665869703, 85.48961899980043, 85.4829156262004, 86.21286158793235, 87.0834862390729, 85.67588852209451, 85.63629607103113, 85.00796617836136, 85.81502052580596, 86.68898388205236, 87.70183991714644, 85.90571175755092, 86.04744331089377, 86.65626627796824, 86.15232446909707, 87.08390077821004, 88.12147873836781, 85.82486939312408, 85.26512001313539, 86.95889043922759, 86.95889043922759
95.47, 96.06370862786761, 96.90976590705905, 90.67625031115686, 89.51724165217584, 90.23988848370571, 89.91110209003273, 90.04956305815558, 91.47197603093872, 90.11894910062482, 89.88195903276255, 90.85985925819098, 87.99522770436037, 85.15469869781138, 86.78652413426403, 87.76951681101936, 86.13555974916684, 85.12869240771862, 84.52382558249198, 85.8926009680988, 86.37322731733327, 86.59270755836214, 85.82486939312408, 84.98406826740512, 84.18839048711607, 84.18839048711607
96.99, 89.28840442298036, 86.02146067784825, 85.68112224577713, 85.85046185971312, 86.39877313168513, 87.16844227216419, 85.4829156262004, 84.10845337987462, 85.25911298499855, 85.3543613190173, 84.17834927434514, 85.68650955134315, 85.81502052580596, 87.42536420684891, 84.75618479052292, 85.88922846168357, 86.04977469252385, 86.06868725530454, 85.8926009680988, 84.73326827916155, 84.32939815556858, 85.82486939312408, 84.98406826740512, 86.32411250769, 86.32411250769
96.04, 96.88739237416361, 97.49129379805392, 96.56090559780793, 96.91993323796648, 96.76893302664193, 95.2784428279337, 94.75714891382242, 93.92278720342956, 94.10320748544557, 92.22170155093407, 93.72290185963607, 95.21475702178444, 93.4961024761205, 93.47708801547255, 86.94691454803527, 87.15108378031456, 88.90023569111132, 86.57783528177279, 85.82696924035038, 84.73326827916155, 84.32939815556858, 85.82486939312408, 85.15619900398933, 87.250936201819, 87.250936201819
95.77, 92.26377313785888, 92.37064953357789, 93.23683145663631, 92.14555737068744, 92.18689133800287, 89.32983990609519, 90.0872431744915, 86.21966808245386, 85.25911298499855, 85.67588852209451, 87.17530215465175, 85.00796617836136, 85.81502052580596, 86.73009638572168, 85.95564542406605, 85.88922846168357, 85.66529137718317, 87.33384311408865, 85.1821534175878, 84.73326827916155, 86.35057005419402, 86.16428444264642, 84.98406826740512, 84.18839048711607, 84.18839048711607
94.98, 95.00191264582975, 96.19745214145672, 94.23363232267637, 93.72367256141015, 94.56749196068077, 91.70916877865703, 90.6351487600733, 88.07398115866306, 87.53172951111137, 85.67588852209451, 84.17834927434514, 85.00796617836136, 85.81502052580596, 86.86240626068982, 87.32904229954829, 86.07279412692297, 87.13048762416082, 87.83420378843047, 87.04542905634227, 85.29911998719405, 85.40664826657131, 85.82486939312408, 85.32691613395212, 85.57576615681332, 85.57576615681332
97.37, 97.43537636549132, 92.99551898572882, 92.38798926327671, 92.39470350963155, 91.09446461013258, 89.66380986348494, 90.91639661491654, 92.5539229546799, 92.99840434619931, 93.3806531270731, 94.6251499046469, 93.38653261957022, 90.1486744171213, 91.45341341934872, 85.44620580644566, 85.88922846168357, 86.12366936163433, 87.8942087533143, 86.6749099363092, 85.44883064031453, 84.32939815556858, 85.82486939312408, 84.98406826740512, 84.18839048711607, 84.18839048711607
95.74, 95.19772695406323, 92.51366463761332, 93.30990019920584, 93.93315274434714, 93.70045808986562, 93.78742728734133, 91.71921448775691, 92.4217600491235, 90.13835497491543, 89.0650150648716, 88.5445331080081, 89.24280161252247, 89.39481435137625, 88.53339466969128, 88.48331982240434, 86.95325898514938, 88.68098281278158, 90.47906353557825, 90.95144438870358, 92.22101244701834, 93.46422331690083, 90.20840010642576, 88.04544802496362, 88.98050010471047, 88.98050010471047
96.63, 94.76500227155454, 94.26880965752801, 93.46150663071488, 91.29037869878327, 91.8986632903533, 93.03560486844884, 92.54736336260456, 90.56656508699973, 91.69939537152192, 91.02190804957011, 91.99648093866311, 90.68394675415203, 90.64782064652506, 86.90203703169362, 86.03206266091641, 85.88922846168357, 84.50371598688248, 84.52382558249198, 85.8926009680988, 87.21969755785298, 85.13407879977889, 85.40252534862316, 84.98406826740512, 85.97315015165874, 85.97315015165874
96.42, 97.64948984815928, 95.63911553985548, 95.67884367930547, 96.08106156756483, 97.92570977127443, 93.26093816488482, 91.72105198998555, 91.79597118002515, 90.67460370136249, 91.11348063352321, 93.66246462738906, 93.48477228604018, 93.35876024015668, 87.97465756839503, 87.91333670710081, 87.71330167794251, 87.73424098495508, 87.37960661286928, 86.11365049431889, 87.66726816382447, 87.93141557841851, 85.82486939312408, 85.63045277849234, 84.18839048711607, 84.18839048711607
97.06, 97.83282936566032, 98.78487795683188, 99.35397407632472, 100.58134363800968, 102.56674629976627, 99.5025644558939, 98.52939912952566, 100.33789035897667, 98.09287637481245, 94.61968998945335, 95.81717315136913, 96.40726489463148, 94.42685011695718, 95.08317580828843, 96.28991961370346, 94.97692756835653, 90.44356345067715, 91.58584701384014, 88.39960310225638, 89.19521842469122, 88.39207506177378, 88.20126401451188, 88.91178911633503, 89.05694032653288, 89.05694032653288
95.34, 93.68487720575037, 93.25539060214703, 92.03742752332762, 92.67397282092136, 94.71548898690438, 94.27142649734513, 92.42589831186014, 92.81394799524485, 91.58161130660774, 92.22126126379939, 92.86765686056097, 90.86026771358962, 90.20415916677248, 91.68575899336504, 92.30953515471785, 88.03422067704376, 87.55525212995622, 87.84056891233686, 88.09018832753974, 84.73326827916155, 84.32939815556858, 85.82486939312408, 84.98406826740512, 84.18839048711607, 84.18839048711607
95.87, 91.45488273333102, 90.44086668307648, 89.11598152849282, 88.71661460252393, 89.57667835045774, 88.39679285634902, 85.4829156262004, 87.28748774367585, 87.10533426634443, 86.50475682231392, 84.17834927434514, 85.00796617836136, 85.81502052580596, 84.31369739456835, 84.75618479052292, 85.88922846168357, 86.49840648713118, 88.62193969369889, 86.53415499816502, 84.73326827916155, 84.32939815556858, 85.82486939312408, 87.12818398577944, 89.61429994143411, 89.61429994143411
95.34, 96.26485255280224, 95.89026025547999, 95.14410226834545, 92.99762380437889, 94.22508042136091, 93.2485970675588, 91.84369583025487, 92.67411556285711, 93.17285925373521, 93.51820864376383, 95.14409414047492, 94.1655287154745, 93.3607214407116, 93.55327439827879, 93.54240953642119, 92.0567191072744, 92.53659444450231, 88.91167087400899, 86.49267498470996, 84.73326827916155, 85.4056591300328, 85.86631768252441, 84.98406826740512, 84.18839048711607, 84.18839048711607
96.27, 96.98310617987757, 97.4274325162665, 96.3962010999821, 96.11071091970322, 97.94945208147352, 96.36576046011008, 95.07840276666677, 91.61352503113555, 91.76117099018997, 92.23860485486327, 94.14945852191654, 94.03811860509255, 93.81831835350044, 94.01487925771666, 93.14869093667343, 89.70903370886982, 84.50371598688248, 85.91183783316978, 85.09030341381975, 84.73326827916155, 86.90184393592416, 85.82486939312408, 86.26029830354298, 84.18839048711607, 84.18839048711607
95.85, 91.67055422442702, 92.6536797696891, 90.19161783263347, 87.15550813820707, 87.3660207338696, 88.0398098739483, 87.95923035726071, 89.50470584844417, 88.24829424578296, 87.74993281188188, 88.17499066235563, 87.94591710503417, 87.58450842142115, 89.229452522625, 90.30000461037005, 89.93065788082156, 89.15550368151644, 90.74490023021983, 88.2848307407252, 88.02082566692553, 89.00400478832142, 88.20838550353108, 88.19941356922625, 88.85833198309055, 88.85833198309055
96.15, 97.77637647837003, 99.91175462266995, 98.47710268704716, 97.4366175300164, 99.3524224658011, 99.0840394500854, 99.05706603494538, 101.55232531029488, 99.9766008401201, 98.65610411999329, 99.44368190585136, 100.50516015123374, 94.75958245307007, 93.35036724376238, 89.53120104850338, 88.64773914387096, 87.22310606657679, 85.905052619888, 85.8926009680988, 86.16599180596677, 84.32939815556858, 85.82486939312408, 85.36067844205668, 86.38657752528023, 86.38657752528023
95.92, 91.91050472449399, 89.02869497401115, 87.47376238197513, 88.50117838329032, 87.93519473439206, 85.48961899980043, 86.23523991156073, 84.10845337987462, 85.25911298499855, 85.67588852209451, 84.17834927434514, 85.00796617836136, 85.81502052580596, 84.31369739456835, 85.64646014983515, 85.88922846168357, 85.38119176322273, 84.52382558249198, 85.8926009680988, 84.73326827916155, 84.32939815556858, 85.82486939312408, 85.45948987608111, 86.97173446400753, 86.97173446400753
96.88, 94.87571696717623, 97.37314083977503, 95.26899361866253, 95.05975734486518, 97.04585278318338, 95.37742365281326, 94.97913217825455, 91.02696525355968, 89.48235844172018, 90.34661865086494, 91.65137548521624, 93.22042436365777, 91.51506653470531, 93.2615643423878, 90.20493047399324, 89.04256019933557, 90.43925351637779, 87.83802023839087, 85.8926009680988, 86.58623944785822, 86.74115842013786, 86.18771261827875, 86.87066426100121, 87.3429794842777, 87.3429794842777
97.32, 93.7605762043107, 94.62082671227382, 90.87680401692748, 91.14227597288998, 88.76220793233087, 89.71844523034824, 90.71006022830804, 92.02191595488077, 92.75119270071352, 88.74001270375543, 90.58143579612282, 88.32583241620283, 85.48243036257331, 87.18796735188977, 85.45485929927801, 85.95154437789914, 84.50371598688248, 86.34358589008446, 85.8926009680988, 87.39215307608568, 85.40636909771852, 85.34451054772256, 84.98406826740512, 84.18839048711607, 84.18839048711607
97.43, 98.51336808986277, 99.69012732293712, 96.50195721789049, 97.19924366150329, 93.07187818103083, 91.66182741644752, 92.05080901964845, 91.82529588570954, 91.4198372189253, 89.65072443010637, 90.03634427186574, 85.00796617836136, 85.81502052580596, 87.06323032293803, 86.80323029416819, 87.15403548865335, 88.74323630637838, 88.53952479276849, 88.26915777054793, 89.46252467820818, 86.2255533641416, 85.82486939312408, 85.20285877069834, 84.18839048711607, 84.18839048711607
96.7, 97.10818324078555, 98.59231271654943, 96.85553319697891, 95.57557166338046, 96.78501359016377, 95.45455861737676, 91.42778567072902, 90.30591587744854, 89.73113090482916, 86.87350517222932, 87.88059325519434, 86.3351405736279, 87.26154774997583, 89.41783812061752, 87.3477663545826, 85.92433845993182, 88.02025667868783, 89.97504976461809, 86.1797268025159, 84.73326827916155, 85.51773615457932, 85.20935053215882, 84.98406826740512, 86.68375297689309, 86.68375297689309
97.15, 98.40255720967741, 97.00842394320206, 96.76011546550713, 95.06294350506074, 93.18099618977193, 91.99892240301526, 90.88434410454934, 92.38446899577586, 91.85729483800588, 91.20301603107733, 88.18189488024201, 88.92399744009043, 88.10311118387663, 88.80930826579444, 89.90197847845756, 89.50118432670796, 91.68363822612628, 91.12311581795865, 90.07651220061909, 88.1556692391328, 88.51670291486985, 88.63729166590878, 89.37120344815347, 88.00443990655765, 88.00443990655765
95.77, 94.82780853054275, 95.75736107277015, 95.27171463619896, 94.04158952183262, 92.54821976570989, 91.80742063532475, 85.4829156262004, 84.10845337987462, 85.25911298499855, 85.67588852209451, 86.78902526043451, 85.00796617836136, 85.81502052580596, 84.31369739456835, 85.40359969525386, 85.88922846168357, 84.50371598688248, 84.52382558249198, 85.8926009680988, 84.73326827916155, 86.14506409696482, 86.88525916913947, 86.08079845684139, 86.74939959601319, 86.74939959601319
96.28, 96.96802328309764, 98.42370160228059, 97.49529999139655, 98.5700565444438, 97.18364462374107, 95.22613626371255, 90.11173744843532, 92.37189386384146, 93.63791692917133, 93.25905163499476, 95.08389124093182, 93.52785735938414, 92.5345500438993, 93.95682514486816, 93.67777803511999, 87.99669150572514, 89.52019085839221, 90.7372824415515, 85.8926009680988, 84.73326827916155, 86.09884206099574, 85.82486939312408, 86.32208872867048, 86.09181650256552, 86.09181650256552
95.21, 91.61643322895362, 92.83300358082099, 89.81916958235632, 87.22246730545959, 85.17734889281454, 85.48961899980043, 85.4829156262004, 87.25956914027897, 87.83136927355885, 85.95167938271119, 86.61291944869261, 87.78792828293602, 87.5215774380377, 84.31369739456835, 85.12649225502082, 85.88922846168357, 85.88920366153496, 84.52382558249198, 85.8926009680988, 86.58921128496047, 85.37633731386124, 85.82486939312408, 85.32486647879155, 84.18839048711607, 84.18839048711607
96.74, 97.25211310588467, 99.58280674349119, 97.92499073101168, 96.69238064663683, 93.3797124594669, 86.76645780240742, 85.47174621552122, 86.96062219136758, 86.06416167626988, 85.70064429756884, 88.01649265387206, 87.57031234176686, 85.81502052580596, 87.05113372730118, 88.58536575432996, 85.88922846168357, 85.35052952361865, 84.52382558249198, 85.8926009680988, 86.69302795821707, 87.08528410767978, 86.03505152760772, 86.53533215424045, 88.41826836975687, 88.41826836975687
95.51, 95.11520982026843, 93.57277891499179, 94.10265592094375, 88.86140758454482, 86.50129740078795, 85.4515714242534, 85.4829156262004, 84.10845337987462, 85.25911298499855, 85.67588852209451, 88.04144487839531, 89.11582903348409, 86.16532781587539, 86.80974571422382, 87.55606092332869, 86.17737419769406, 85.6918142740473, 84.52382558249198, 85.24750498553455, 86.80964488321521, 86.86079396807979, 86.88231421516186, 87.79513799626905, 89.6466887400011, 89.6466887400011
95.5, 90.39604592917865, 91.38924224874121, 90.80675529622096, 91.33632894990885, 91.52000547107275, 91.80856835850234, 90.83532449395882, 91.78357203346646, 90.87156315019335, 90.5387586324718, 85.81787170810732, 85.00796617836136, 85.95253058267339, 84.31369739456835, 85.94139412682189, 85.75341216748994, 87.21309984026406, 88.98994312234437, 89.00371785316108, 90.40791770441732, 91.93353577556529, 92.3897532310604, 93.01749963574488, 91.61804476677574, 91.61804476677574
96.5, 97.20811411950484, 99.47651745097424, 97.10026178734583, 94.55108873484787, 95.93313242951584, 94.3949375271473, 91.18337521842288, 91.47033864294028, 91.93004108402145, 85.67588852209451, 87.85594280496707, 89.50440202089118, 87.70471207400246, 86.40570055862372, 87.17208887289495, 85.88922846168357, 84.50371598688248, 85.30395227743084, 85.8926009680988, 84.73326827916155, 86.48945630053078, 85.82486939312408, 86.04145819165768, 87.88663026168797, 87.88663026168797
94.66, 95.54397536870776, 93.36807271531053, 92.68723593288519, 93.89070130278824, 95.09584327198124, 95.86699650402346, 95.22456599906731, 92.44070042115116, 93.4819899483538, 93.73190005916355, 95.17546659713061, 94.93568813388156, 94.4244605632227, 94.79035657634418, 94.06515460976331, 93.78075533420012, 94.34713693189043, 94.368593459712, 93.26603669093998, 92.64167312563029, 89.99430154753402, 89.70395083764572, 88.04240961486016, 87.39156435547406, 87.39156435547406
95.15, 95.70202336612488, 96.70186293007497, 92.57982028759803, 91.21919828171025, 92.2460658321828, 93.04942098909207, 91.7468180232355, 91.23142804462401, 91.75773021156886, 91.01551979305745, 92.21577705766603, 93.30063662541617, 90.52219902230098, 91.84957192043133, 93.53714207885146, 89.35451112463424, 86.69630722579657, 84.52382558249198, 85.8926009680988, 84.73326827916155, 86.2515948188797, 85.3008314965467, 85.36287702630129, 87.50998209466385, 87.50998209466385
96.11, 94.70551318956869, 91.59342018641637, 87.58013524164184, 86.41419908642996, 89.02530570853766, 89.00563119120451, 88.3321051729592, 90.80139624436153, 91.48680291757826, 85.67588852209451, 84.17834927434514, 85.00796617836136, 85.81502052580596, 85.44065399120518, 87.10108638070788, 85.88922846168357, 84.50371598688248, 84.52382558249198, 85.8926009680988, 86.75434003882484, 88.10529849457252, 88.10614914990109, 86.52605310584086, 87.87458918043386, 87.87458918043386
97.5, 95.1376296818326, 94.64319864889063, 93.35018747146069, 88.3098776269464, 89.11763017189716, 87.46681182454101, 86.19218748534128, 85.09907810344994, 85.25911298499855, 85.67588852209451, 84.17834927434514, 85.00796617836136, 85.81502052580596, 87.59199174575579, 86.37097591551364, 85.88922846168357, 85.42289633015122, 84.52382558249198, 85.8926009680988, 84.73326827916155, 84.32939815556858, 85.82486939312408, 87.49364862985468, 90.02033479231093, 90.02033479231093
95.63, 92.91709854682904, 93.70241766831305, 92.51012480955748, 92.6963063931663, 94.54968004491379, 94.63942372748966, 92.5582154641155, 94.89640949742548, 91.62067767609359, 91.2195983696687, 92.73209547069699, 93.47992948198333, 94.19685918624754, 96.13680039117517, 95.06858437625931, 94.2468435738089, 96.13817679209909, 97.10396496350985, 92.59313249150519, 89.0913176507519, 89.10339751815714, 86.15750343848828, 87.45307536238602, 86.74082749308481, 86.74082749308481
94.63, 94.10500561200288, 90.15470987583613, 89.31251661772659, 89.0836123175893, 89.92527950718386, 89.32225361274342, 89.53320612724053, 89.01847891472885, 85.25911298499855, 85.83198198280697, 84.17834927434514, 85.1972197792242, 85.81502052580596, 87.9700389876218, 85.22117039915321, 85.88922846168357, 87.02855645308888, 87.98641613857765, 87.17019043200042, 88.94102375907072, 91.27941162073387, 86.13882316671548, 86.94176827179957, 88.02637373518044, 88.02637373518044
96.22, 96.82645142359252, 99.20066231398505, 98.69575774257491, 99.50053779512511, 99.44011889423824, 96.29724797398856, 96.13925090959064, 97.70069817007595, 96.8986408270005, 96.30609039947332, 96.8662271687034, 96.4668486877854, 96.33738444721071, 97.78223471282445, 95.82110710797244, 93.3120871448531, 93.78667611532471, 92.22200161329413, 90.23242462591124, 90.25597846115211, 90.93994763744828, 90.16693774086423, 89.5535312678089, 91.25550962936101, 91.25550962936101
95.24, 91.72418359578937, 87.4699891491401, 85.12066855123543, 85.25147394837903, 84.10957757803895, 85.48961899980043, 85.4829156262004, 87.44231506197487, 85.26140285426915, 85.67588852209451, 86.59645753255319, 85.73013759851459, 85.81502052580596, 87.86256933349533, 85.92858886393192, 85.86190109664379, 85.99171585542416, 86.30467347793586, 85.8926009680988, 86.47626578205326, 84.32939815556858, 85.82486939312408, 87.04946828309717, 87.81690893211957, 87.81690893211957
95.62, 95.51038824321175, 95.71676141541197, 92.09443213696066, 90.65970166628598, 91.36670844375112, 92.20310652098496, 91.49889845079659, 93.09557989875178, 92.94429528169773, 93.17846651077926, 95.43340567556915, 96.83836386559133, 95.96403317690303, 97.46459491161137, 97.23052285285024, 94.46552921455162, 93.90938307985968, 94.25050269824696, 93.63232916410512, 90.29360827943937, 85.41952006123273, 85.05335514682362, 86.57291922551613, 85.44125773088044, 85.44125773088044
96.29, 97.30969236807475, 96.80015004524101, 95.94659631453409, 93.97329423811901, 94.07334086690746, 92.88273849296851, 91.93306484972446, 94.16197998699201, 92.56279574651283, 92.8008448233137, 91.525021464048, 92.34147101766135, 90.94897063360125, 92.55653905732316, 93.0947229314209, 93.08114488787278, 92.76548270203939, 93.52206437076693, 94.2092230209625, 90.5102359632653, 88.16952092644979, 86.6135366488128, 86.4101425876532, 88.8634315348056, 88.8634315348056
96.8, 97.71712138255234, 98.4161012164157, 99.35423294011116, 96.932339181121, 97.83773143369737, 98.48807489644754, 95.6723172667788, 95.61109047008874, 86.13480542917546, 87.0811301165636, 87.45085612946134, 85.00796617836136, 85.81502052580596, 84.31369739456835, 84.75618479052292, 85.88922846168357, 87.88570770495335, 88.37529512659594, 88.6175835636996, 84.73326827916155, 86.15551128866362, 85.82486939312408, 86.83233874936815, 87.18800702194964, 87.18800702194964
96.74, 95.65041526794441, 94.94609687206163, 94.91753714646428, 96.26711340602976, 94.37064641044348, 94.80896289500694, 93.30888862900707, 94.99801897404475, 94.69472947893308, 92.88709588378909, 93.18847752075425, 89.08970303454026, 88.59380409258287, 89.95183354980065, 89.87698704394984, 87.14181436326454, 86.85005125689698, 87.38562968294515, 86.78786474919264, 88.49670238487575, 89.50152538574591, 88.4360705826316, 87.1260126645217, 87.67288146631293, 87.67288146631293
96.25, 94.86120392747164, 96.58597888120171, 91.93800373718807, 89.63660334765777, 90.92103803848636, 90.99744818698882, 91.07460115889972, 93.35500871812509, 93.98014229961917, 91.27976401731391, 92.55829761035992, 90.89152039340314, 90.13667089485449, 90.13139515255988, 86.30398229506322, 85.88922846168357, 86.56480096746974, 85.24952907114091, 85.8926009680988, 84.73326827916155, 86.96030645708873, 87.09027860191735, 88.20425633323167, 90.20557007983479, 90.20557007983479
95.0, 96.66981833936238, 97.61239509211003, 93.81904065303283, 93.14183091724212, 93.0832673777237, 90.00711383279351, 87.01071014928615, 85.09290847818531, 85.25911298499855, 85.67588852209451, 87.52529245424822, 87.44834840302921, 85.20507470217107, 85.88880078380718, 86.996321569765, 85.88922846168357, 84.50371598688248, 85.8755320779613, 85.8926009680988, 87.80271957735452, 87.73644361434285, 86.50369301266132, 87.14229781724438, 88.95520387563727, 88.95520387563727
96.06, 97.21416592907347, 94.09500340924005, 94.58997309859984, 93.42000713882297, 92.433338838367, 90.42264735407021, 87.73194817742335, 87.92640415015322, 87.09010995662845, 85.67588852209451, 86.47951329540038, 85.07683234785408, 85.81502052580596, 84.31369739456835, 84.75618479052292, 85.88922846168357, 84.50371598688248, 84.52382558249198, 85.8926009680988, 86.33296122201592, 84.32939815556858, 85.82486939312408, 84.98406826740512, 86.75920566556402, 86.75920566556402
97.78, 94.60622039482213, 93.9324036669438, 94.67263743972163, 95.64748100260775, 95.47919181346548, 94.66222326109137, 94.8198707058806, 95.36364185082267, 91.83939880537237, 92.53910329629954, 94.87845082785903, 95.71773543071762, 92.41332599458804, 92.08072381614818, 92.83569115413908, 86.50690643070949, 87.8006187722754, 84.52382558249198, 85.8926009680988, 87.19474577536087, 85.91257171294107, 85.45118298755774, 84.98406826740512, 86.43525788849698, 86.43525788849698
96.43, 96.95765626432176, 94.4535508291472, 93.91605570849023, 92.46949477858179, 94.10301374002816, 92.93957595120725, 85.4829156262004, 84.10845337987462, 85.25911298499855, 85.67588852209451, 84.17834927434514, 85.00796617836136, 85.81502052580596, 87.0661977121997, 87.60680474871681, 85.88922846168357, 86.30567749090604, 84.52382558249198, 85.8926009680988, 85.71460170837452, 87.66931309286953, 86.70193453633193, 88.4494109432947, 86.38702987985607, 86.38702987985607
95.72, 96.12462028266629, 96.14000671974213, 95.71954991382817, 96.03333194529371, 97.8566396448996, 97.08825261443532, 97.50371207989969, 98.31105248150907, 98.35064848948011, 95.60769467766062, 94.85420573012759, 95.99039542581866, 95.06374497756306, 94.72080831302556, 94.11222704377656, 91.5265385564213, 90.20814372568857, 91.34830433515819, 90.15911533933402, 91.67907086156642, 90.32198509220696, 87.35976124523775, 88.92455930887839, 85.72128006851145, 85.72128006851145
96.32, 95.22863159595308, 97.28236725677665, 95.74749066694623, 95.99330392944258, 96.33673764883349, 96.70388789411986, 95.94744794202677, 95.84629601271394, 96.43512378177783, 95.70865183913926, 97.63321944415794, 96.38954607115126, 96.37518523453781, 98.66438475612323, 97.10037249534075, 97.26704308033598, 98.73765008699249, 94.62747298466043, 92.0870251055709, 92.19579809959214, 93.0596989124781, 89.99247072280865, 91.31176593853542, 89.92304929487841, 89.92304929487841
95.62, 93.85131028370427, 92.89132458004148, 93.72595172345551, 92.90575308554894, 94.12629466034964, 92.4187162252628, 93.04219528895489, 93.53888717832479, 93.82743415156921, 89.74682913607245, 89.56681185576528, 89.02871172097474, 88.54887670060164, 89.84993055629508, 90.92106849139394, 91.21603846076222, 91.64942622267174, 93.09785490819638, 85.8926009680988, 86.85084448567548, 87.69445049662399, 86.77505015757325, 88.31693059830586, 88.79538743992491, 88.79538743992491
95.94, 96.11727945284336, 98.36053927691752, 98.1426968593007, 97.64111101008871, 89.97579738069413, 85.91794658094618, 85.4829156262004, 87.12774675005859, 85.25911298499855, 85.67588852209451, 86.65053061529807, 86.11565159002924, 85.81502052580596, 88.24987443477667, 86.54124725792636, 86.9020231026758, 87.32685322947916, 89.31266811827211, 88.5409060676413, 90.26921390722069, 90.40980465612243, 87.01802774763124, 85.29397022085789, 86.5277039492284, 86.5277039492284
96.47, 95.54252436217418, 95.17889675481479, 89.00799022761295, 85.25147394837903, 86.32362655407398, 85.48961899980043, 86.18985457065168, 84.10845337987462, 85.25911298499855, 85.67588852209451, 84.17834927434514, 85.00796617836136, 85.81502052580596, 87.5532916363575, 88.82942077216263, 87.47066298552586, 88.63393107030944, 85.74701515261673, 85.38702686221254, 87.21995179025082, 86.57997981745409, 85.82486939312408, 86.11344898680002, 85.52150727896615, 85.52150727896615
97.19, 95.30977448928586, 94.26915205649038, 94.44520899671689, 93.7115640137004, 94.55301663322476, 92.14870915901895, 90.70849783003531, 91.94892275050495, 91.36135899614554, 90.80471725483429, 88.63808489358928, 89.52290547553706, 86.7592264828202, 87.79030746606125, 89.28296204536059, 86.64288882368243, 85.51502002707382, 86.67477028105927, 85.43778546547973, 84.73326827916155, 84.32939815556858, 85.82486939312408, 86.18148835600329, 85.53965466135158, 85.53965466135158
95.35, 92.95928762364953, 94.61038365970659, 94.16342316819787, 95.4690433064695, 97.10156645330576, 97.88575498978071, 99.09090004437842, 96.75977628407026, 96.14760894317364, 91.58382146401352, 92.89712451089753, 92.19805035616454, 92.80786034034927, 93.15492792970328, 91.04579471592928, 86.84349564375036, 86.14345963687894, 87.80587804769752, 87.52977592226735, 86.21942907123389, 85.72070834759386, 85.82486939312408, 85.54167640639967, 84.18839048711607, 84.18839048711607
95.5, 92.94086646710524, 94.692414375442, 91.75537739298485, 91.29612531972317, 91.8186372537334, 89.89953111760906, 90.81078296164225, 85.9533763854158, 86.72158711684364, 85.67588852209451, 87.56078063432284, 86.84747071355686, 85.81502052580596, 85.84484794564898, 87.20335158826943, 86.06857794381169, 86.44412790810966, 84.52382558249198, 85.8926009680988, 86.33197604860452, 88.55789512722251, 86.82649978254763, 84.98406826740512, 84.18839048711607, 84.18839048711607
95.33, 94.96908454918034, 90.69737569824659, 90.36674745681813, 90.48466006222986, 88.58078468488428, 87.31311767040384, 87.58130326458414, 87.5130910407388, 85.54643729424548, 85.67588852209451, 87.05585896124302, 85.00796617836136, 85.81502052580596, 86.78068332585418, 84.75618479052292, 85.88922846168357, 84.50371598688248, 84.52382558249198, 85.8926009680988, 86.23353288732524, 86.62144186832279, 85.82486939312408, 84.98406826740512, 85.37920594492903, 85.37920594492903
97.36, 97.9672798389002, 98.86519022636512, 94.5014261065787, 92.41212383922579, 91.95395707730565, 90.78051231886326, 91.4058537818607, 92.76449319683225, 91.59302077664765, 91.59568999222171, 89.79499638412086, 88.4305796155743, 85.81502052580596, 87.83104163746928, 84.75618479052292, 85.88922846168357, 84.50371598688248, 84.52382558249198, 85.8926009680988, 85.92907272895872, 84.32939815556858, 85.82486939312408, 84.98406826740512, 87.30235580102169, 87.30235580102169
95.82, 92.34857507243606, 93.34067746058268, 93.23320799860494, 90.46227417211716, 90.03466823995973, 89.44986221539094, 85.4829156262004, 84.10845337987462, 85.25911298499855, 85.49206323167583, 84.17834927434514, 85.00796617836136, 85.81502052580596, 87.09843582169958, 84.75618479052292, 85.88922846168357, 85.56546970321666, 84.52382558249198, 85.8926009680988, 85.11447697120893, 85.58899236358698, 85.30445133122055, 84.98406826740512, 84.18839048711607, 84.18839048711607
96.52, 97.59590333859728, 99.66389673239622, 97.65719532342709, 98.59549404454012, 95.07825874150737, 94.1094910503783, 95.08664195157507, 95.31946872521813, 94.52229306929974, 91.75921704094229, 92.48479633933884, 91.33812941977713, 90.05633124119866, 89.32699339715474, 91.03245647187155, 91.36200429012867, 89.22108280652338, 86.89016979230823, 87.42792777621635, 88.84755445240609, 88.72411744168534, 86.48762765734975, 86.85632118352335, 87.78647982109375, 87.78647982109375
96.67, 93.93272234807456, 94.45129663541269, 91.87161234154426, 91.53539268377644, 91.14507358510126, 91.67595581122933, 89.11397652982178, 90.40185346550007, 87.98996154014331, 85.67588852209451, 88.0959914454699, 87.87578355436452, 87.48830769449229, 89.60409177387726, 88.63627936310819, 86.9420109595458, 86.99363128401986, 86.59623701697369, 85.8926009680988, 86.71899457090736, 87.8175596640159, 85.82486939312408, 86.58565281453977, 88.65843055899383, 88.65843055899383
95.67, 95.84313517989806, 97.72200510151289, 96.92728363938998, 95.4703155341461, 92.33382490245336, 93.08336722384989, 93.0149755966362, 92.41850525000132, 91.94700884300093, 92.22294195917517, 94.33494435535125, 95.23855598250853, 93.87259754230159, 94.45237731956549, 94.12355564227101, 92.47743347824769, 91.8823030206595, 88.89050233024017, 87.91377731664518, 87.0328322405247, 88.51624034699329, 87.89560108358815, 84.98406826740512, 84.18839048711607, 84.18839048711607
96.64, 96.08820798785436, 96.480792033339, 93.1182099717333, 94.08835755995246, 96.2446690908866, 95.80865413624993, 93.86519674613716, 92.96395743935877, 89.16037467717129, 89.80698611210393, 90.5261149673413, 91.59727333310154, 91.19393472274847, 93.33768134772633, 94.33052066335716, 94.66039954274666, 96.41055107537792, 98.47796366735251, 98.4043839969796, 96.36660714519591, 88.37977617521454, 88.63241126779742, 88.45195793567062, 89.94270827834686, 89.94270827834686
96.78, 95.83135690988385, 90.44372418152076, 87.58719142628478, 86.90387191485516, 84.10957757803895, 85.48961899980043, 85.91928241589649, 86.4511949763285, 86.61357792203975, 85.67588852209451, 84.17834927434514, 85.00796617836136, 85.81502052580596, 86.7539761367883, 86.09651347039387, 85.88922846168357, 86.7936892388994, 84.52382558249198, 85.8926009680988, 87.3381849167474, 88.82711591221343, 86.29979493451692, 87.12803839357257, 85.47834068369919, 85.47834068369919
95.75, 95.92615640686982, 96.18844511865133, 96.00576168827266, 94.8516766590261, 94.40546243595988, 94.43912979175327, 94.46319421155977, 94.61420853591082, 95.58705593030376, 95.60113461029611, 96.55804311440389, 94.37097533404331, 93.88994455308628, 94.04698660599138, 94.54803100184043, 94.71920839175417, 92.65036847250369, 93.40226918319244, 92.81335422733824, 88.08304923072177, 90.3114800124287, 88.32460047450452, 86.82814227034872, 86.69817845972896, 86.69817845972896
96.5, 89.66583774696666, 91.45517481386653, 90.3561352967466, 91.56193915659864, 93.05881369958306, 89.20632074628804, 87.97953821990447, 84.10845337987462, 85.25911298499855, 85.29662665516553, 86.29206643273798, 86.31123093681921, 86.36461930829705, 87.97399717394602, 85.6882418581838, 86.37711607665771, 88.55259220592892, 88.89628186944465, 88.82457061052392, 90.00855862757663, 89.53128838715683, 89.31460316294584, 87.45599812970718, 88.92147489813986, 88.92147489813986
95.82, 88.19897602897824, 89.54518974891957, 88.48940720770504, 88.19043371771255, 90.18206262435366, 87.23616529916086, 86.01422769152445, 88.08885400983833, 89.54626729737272, 89.4160628904142, 91.43871322357582, 93.01487680538722, 90.30347129255279, 91.08334904229476, 91.90054139197969, 85.88922846168357, 84.50371598688248, 86.57460558280206, 85.8926009680988, 86.79732899342994, 85.717302534785, 85.82486939312408, 86.87882012518051, 87.51598952692773, 87.51598952692773
96.87, 97.63398112980936, 99.3950967236974, 99.12005769447006, 99.19553072748201, 101.41154749532873, 99.65438350206772, 100.37331805125275, 97.28334723772736, 97.468675456437, 93.75487171169058, 94.77118406439034, 95.27010228552923, 94.96635654722478, 95.67836865575147, 97.47978190078427, 90.05028108266606, 90.36840435319003, 91.87189968699681, 91.36097353682445, 88.04877274595677, 85.40288446928743, 86.00256583819386, 85.30030203161483, 84.18839048711607, 84.18839048711607
95.0, 93.1472822137698, 90.91174812372363, 89.203985482422, 85.25147394837903, 84.10957757803895, 85.48961899980043, 85.4829156262004, 87.77921018330103, 86.54295073764393, 85.03924161208906, 85.99625480385075, 85.78803962647932, 85.81502052580596, 86.25715702357881, 84.75618479052292, 85.09831595185067, 84.50371598688248, 84.52382558249198, 85.8926009680988, 86.04876976365242, 88.31493845850858, 87.6018334369886, 86.41699869599631, 87.7055992158149, 87.7055992158149
96.22, 97.23626789268424, 97.52587358672974, 94.88433649239406, 95.2950309183533, 96.3440209286735, 95.26226938448633, 93.39391206905115, 93.06141413173646, 92.61460955632538, 89.20841538875413, 88.93018634421988, 90.34143503740128, 89.79263866083609, 91.6096669363343, 90.60162785213211, 88.1057190028437, 87.19762903136568, 84.52382558249198, 85.26173534432229, 84.73326827916155, 85.60682852604478, 85.30934002373256, 86.9816315493574, 84.18839048711607, 84.18839048711607
95.99, 96.1325583266332, 97.44020141485522, 97.61177237127508, 96.36445986576481, 97.77309774856607, 96.80958961925577, 90.53001291556997, 88.06954130672307, 87.95919443803811, 85.67588852209451, 85.38376910010768, 85.00796617836136, 85.43109939038132, 87.25519288535938, 88.30333654206112, 85.88922846168357, 86.1344831567995, 86.57601068682118, 85.84966972743638, 84.73326827916155, 84.32939815556858, 85.82486939312408, 86.23090469172315, 86.21881212733248, 86.21881212733248
95.25, 93.87425495442538, 96.25375722273488, 91.19171816123735, 87.68448595080991, 89.36337169895036, 85.48961899980043, 85.52766736511336, 86.61011161099563, 85.46352421018548, 85.67588852209451, 87.73192614407623, 85.00796617836136, 85.81502052580596, 87.46010615407225, 87.54324301852073, 87.13483606590165, 85.67488686744674, 84.52382558249198, 85.8926009680988, 85.86640776158598, 86.83785774360295, 85.82486939312408, 86.85595502964311, 86.7065176543967, 86.7065176543967
96.56, 96.9787603534802, 96.93720593426224, 94.02934586829727, 93.25730924158421, 93.78989763153592, 93.35610133640343, 93.20731418263883, 89.43999453587368, 89.57027821828322, 90.17327675221507, 88.45055086443746, 87.12043367138114, 87.6879853692428, 89.1964336670036, 89.53521626654775, 86.78606030107876, 86.63144531102797, 87.94684301579088, 87.13696656296113, 85.80645128327112, 86.63112943275087, 85.82486939312408, 84.98406826740512, 84.18839048711607, 84.18839048711607
95.43, 94.14457759638934, 95.31173372921847, 92.87544886872938, 92.08262581420928, 93.31492284476494, 93.59723249263858, 93.77493501608575, 95.2886909545886, 94.94119804853123, 94.71389325630949, 95.3402055879305, 96.11847933036697, 88.22352807085004, 84.31369739456835, 85.29657103277228, 85.88922846168357, 86.8486056895236, 87.5795017060088, 87.85580320597543, 84.73326827916155, 84.32939815556858, 85.82486939312408, 84.98406826740512, 84.18839048711607, 84.18839048711607
95.85, 95.83561833742206, 94.23382021643032, 94.48179544982305, 95.64673602915744, 96.08816842950341, 93.1554183116771, 88.1790538416436, 88.65990866955612, 85.37238808950522, 85.67588852209451, 84.17834927434514, 85.67221421126139, 85.42367278318163, 86.0056661116464, 86.12492234406292, 85.44092587182436, 86.56871315946594, 86.60725150953232, 85.76015250620928, 87.09185052212395, 87.34128013949395, 85.82486939312408, 87.42275930198015, 86.18508163871519, 86.18508163871519
97.19, 96.47980007858578, 96.60586200675807, 94.1728044926467, 90.50413108454045, 91.7059906090683, 88.51875327709642, 85.4829156262004, 84.10845337987462, 85.25911298499855, 85.67588852209451, 84.17834927434514, 85.00796617836136, 85.81502052580596, 86.34802952096472, 88.0091748835059, 85.88922846168357, 84.50371598688248, 85.19883965274093, 85.8926009680988, 84.73326827916155, 86.81933847764519, 86.1961361815849, 86.0212210990051, 84.18839048711607, 84.18839048711607
95.87, 95.09352839818578, 94.69358740275378, 88.44327046160464, 89.58520756588125, 87.86163470342298, 88.52698316923298, 87.9346312606451, 89.5159398082965, 88.00712994575726, 86.97594035700713, 87.07366798245124, 85.00796617836136, 85.81502052580596, 85.37113909415223, 86.4577616628385, 85.88922846168357, 84.50371598688248, 84.52382558249198, 85.8926009680988, 85.47878350064198, 85.30094634395664, 85.87170643482891, 84.98406826740512, 84.18839048711607, 84.18839048711607
96.43, 96.98119107386414, 98.77647445758306, 95.27877772807526, 93.5400064226779, 91.05682544811133, 90.42825309788398, 90.62470819937201, 92.89967120683757, 90.16698802212463, 89.24714954036986, 88.05838671019012, 88.90324978281326, 88.58088608410226, 90.16911827015743, 90.15369152624717, 86.17209878480976, 84.50371598688248, 84.52382558249198, 85.8926009680988, 85.47089369110525, 87.31494227340744, 86.5529783306107, 86.6390541814876, 88.50064419397184, 88.50064419397184
95.76, 94.1096047232298, 95.67343266700274, 96.51591139783007, 93.63927883170467, 95.2604620847739, 87.11187677330078, 86.89837377671718, 88.78553620428065, 88.14220902805076, 85.67588852209451, 86.32104988271539, 85.00796617836136, 85.81502052580596, 87.52739157727207, 89.14958512824036, 87.75325891368254, 88.84015429660394, 88.33318140325466, 88.28486991825199, 86.95003857633358, 84.32939815556858, 85.82486939312408, 85.92429376271495, 84.18839048711607, 84.18839048711607
96.8, 95.3518703007075, 97.56759534849735, 95.40778839663722, 96.33182886984284, 96.75942012968513, 96.29501341647979, 96.26862080568738, 96.4614314496001, 96.71203754732015, 95.60982724886564, 95.92965034688714, 97.16032883508018, 91.93256622683656, 93.3293934325753, 92.51610562111497, 92.1078445623608, 91.85125382744617, 89.40765367160624, 86.09835779829433, 86.07588356585983, 87.57664969212043, 85.73027495693144, 85.43568074329346, 86.57267711044831, 86.57267711044831
95.61, 95.11516788475107, 95.09220327696481, 94.03254938762436, 93.80148188839831, 92.89246195733958, 92.40497053478657, 90.92314964423693, 92.22940637084797, 91.05930728461738, 87.67135252592323, 89.09103967979927, 87.92971707867505, 85.81502052580596, 87.99775907094532, 86.56360082857101, 85.88922846168357, 87.14906164648926, 85.29356469496177, 85.8926009680988, 84.73326827916155, 84.32939815556858, 85.82486939312408, 84.98406826740512, 84.18839048711607, 84.18839048711607
96.61, 95.8305502379737, 94.7463324393614, 94.94762899745632, 96.21207669078126, 97.33618156111667, 97.73914845969985, 96.74653043875709, 97.15406407386138, 96.15731226408742, 94.86388916984853, 92.63655241453071, 92.00263109169462, 92.16883253180404, 93.97606136681839, 93.88531244971247, 94.6664905623034, 96.18102734754308, 97.90079722702399, 96.57270166736156, 97.35510857373453, 93.95660677310516, 92.08883922312734, 87.47764010405868, 87.19053138572444, 87.19053138572444
95.52, 96.35523135941952, 97.58846470951987, 95.42599416984581, 94.41458534102746, 91.88884241592153, 91.60208714295173, 91.11066068649674, 93.52565564959328, 94.45558488495828, 91.93343202285543, 93.94019650393128, 94.2463664716334, 92.98752345990209, 93.4461856154175, 92.97313581216306, 89.75631752355284, 86.05008136681538, 85.41882974794703, 85.07546397148487, 86.12968980368139, 87.93620952123453, 86.44861220738392, 84.98406826740512, 84.18839048711607, 84.18839048711607
95.77, 95.4681430403169, 94.83946730564304, 90.42957897173524, 87.55072368744896, 86.07396528430341, 85.48961899980043, 85.84610800174116, 84.10845337987462, 85.25911298499855, 85.67588852209451, 84.17834927434514, 85.00796617836136, 85.81502052580596, 84.31369739456835, 84.75618479052292, 85.88922846168357, 84.50371598688248, 84.52382558249198, 85.30583226272074, 84.73326827916155, 86.22837424381423, 85.76219843625196, 84.98406826740512, 84.18839048711607, 84.18839048711607
95.61, 90.40511516939226, 86.78143243396404, 85.41783207245433, 85.0365678837641, 84.10957757803895, 85.48961899980043, 85.4829156262004, 86.55106017124542, 87.05526174118194, 87.379098038214, 85.31644471992978, 86.99952024337456, 87.2569350664343, 87.26891537893287, 86.0143225054676, 85.71930631979848, 84.50371598688248, 84.52382558249198, 85.8926009680988, 84.73326827916155, 86.65647837346559, 86.20397051940171, 87.98002016032441, 89.02975168344929, 89.02975168344929
95.89, 90.71456840411122, 90.94803691660867, 90.77690582172953, 87.81256563488812, 89.48229968147177, 89.3201352892911, 87.03059334820406, 87.99087930973496, 85.25911298499855, 85.67588852209451, 86.95677102406756, 88.66037543543885, 88.61622514617379, 89.75719403387191, 91.52798270301298, 91.76719466207282, 87.98837054454137, 87.24605967920978, 85.61383352669102, 87.16461345247835, 86.37901787683097, 86.62303208870344, 84.98406826740512, 84.18839048711607, 84.18839048711607
96.12, 94.34450886249064, 95.56551731152562, 92.87643020726942, 90.37310133149266, 91.87725509335506, 89.77766802725316, 90.54446494485312, 90.86089262586354, 91.11829996305097, 90.65819818265473, 91.96361920972419, 91.35392411403731, 89.45057377360361, 89.4952299896021, 88.43313865519472, 86.9850669251822, 86.56082741471069, 87.52368309907294, 86.6152966384878, 85.27934733129942, 87.24607158780164, 88.05775432279077, 88.64972307557662, 87.0870654477409, 87.0870654477409
97.06, 97.05851549830223, 98.08297938477558, 96.81114555575344, 96.23276644287081, 98.13056429153802, 98.99813688850668, 97.9644644576716, 97.84188797806459, 95.68207731160561, 96.66711805563668, 98.2166384675069, 99.27154017163204, 93.65038740340094, 88.69404807397645, 90.26543567365661, 89.88897789458623, 91.27943262030229, 91.10245122804197, 89.32153174590337, 86.38808322609091, 88.24822651730781, 86.96707188874609, 88.24723719747645, 89.8101075125782, 89.8101075125782
97.07, 98.61931362639218, 98.88082094488614, 98.99504587783495, 99.13008331414393, 99.76260446397112, 95.19283319141691, 95.73329820164369, 94.01660410257334, 92.72396780374467, 93.00818633459153, 94.6723124266951, 95.75404146335411, 95.27940637105313, 97.12092774203508, 96.34165861410605, 91.85595972883051, 91.1333006700163, 92.6186438652431, 91.84047858935, 91.53716888680988, 93.4286773186006, 92.50335263271296, 93.73413241514709, 92.60116333476182, 92.60116333476182
96.6, 95.36636484178037, 97.55848337723904, 96.26232145837501, 97.51075338538081, 98.81215432158275, 98.97302186794091, 97.2500012859159, 98.00382643149435, 97.71527667314814, 93.71035004709259, 92.59341097921711, 87.48709337735514, 85.45918096339827, 85.24876840720498, 86.24308185853707, 85.88922846168357, 86.83341892454217, 88.47252492128321, 85.8926009680988, 86.42487863651375, 87.76985433928532, 85.82486939312408, 86.24069207238641, 88.55407235185709, 88.55407235185709
95.06, 93.77125977108358, 94.59662192197601, 89.40127656469848, 85.25147394837903, 87.14021272277758, 87.30569151363633, 85.96770711839295, 85.71434985077043, 85.25911298499855, 85.96668954578621, 87.47497600787057, 88.51601980257077, 88.30889304338984, 86.43002316041618, 84.75618479052292, 85.88922846168357, 87.92077853264924, 88.01274612846747, 88.4591162647288, 88.81001777895865, 90.9134694119043, 89.62567955621762, 89.65875300645713, 91.37447333086426, 91.37447333086426
95.75, 92.16015147125783, 89.8872150311717, 90.37195448816517, 86.39441002093768, 87.49814982136441, 85.9289121832283, 85.4829156262004, 86.3756544932682, 85.25911298499855, 85.67588852209451, 87.53526483412506, 87.35079279281973, 85.99968287566142, 86.46362330275198, 84.75618479052292, 85.88922846168357, 85.15212578431722, 85.89999071838065, 86.15583222661273, 86.49236315846147, 86.35045384215371, 85.82486939312408, 86.58282669594834, 86.0012208975179, 86.0012208975179
95.9, 93.63620410040474, 94.97819182761917, 93.1936364685004, 93.68686949708845, 95.61560593641478, 94.88162773392666, 95.05766161522772, 96.24324015223233, 97.61627190498639, 97.36871856622874, 97.60118751279124, 94.52861549804135, 88.89814299980974, 86.1299967739223, 87.0613638516491, 85.39218143490841, 86.80813690562324, 87.62016824316446, 85.8926009680988, 85.08256051230948, 86.21190518830879, 85.82486939312408, 86.015123669988, 84.18839048711607, 84.18839048711607
97.21, 96.84289335989654, 99.17684972142456, 99.83870808310236, 98.31035978576116, 100.07525490453529, 98.86298092183759, 98.61299295134798, 100.832883571171, 100.05357046234916, 98.70784352433833, 98.76058800509378, 99.10392421772936, 99.76018844679524, 99.06005861203977, 99.67394836464157, 98.81292371406592, 99.74809033862344, 96.79864122615001, 95.76297579073837, 94.93476436131012, 95.67683858286851, 94.12077496945038, 88.76255631142264, 90.28978508965783, 90.28978508965783
95.67, 96.67945355295531, 96.18926158358393, 92.14190307047174, 85.25147394837903, 86.62509549022238, 87.70909868963668, 86.35490439262185, 85.50940060404336, 85.25911298499855, 86.21422906245722, 84.17834927434514, 85.72028676702425, 85.90214819684643, 85.81248933561992, 86.47557303001125, 85.98249311943329, 85.58081361265833, 84.52382558249198, 85.8926009680988, 85.76430706274178, 87.80765155354882, 88.0524560916777, 89.09571063481384, 87.20391717216373, 87.20391717216373
95.71, 94.51078082291257, 94.21019060938491, 93.88690133493671, 89.065330941067, 88.43233587688799, 86.95942385839234, 85.4829156262004, 84.10845337987462, 85.2167935026742, 85.67588852209451, 85.01317948443885, 85.48791045649062, 85.81502052580596, 85.00386237453952, 84.75618479052292, 85.88922846168357, 86.23932217577054, 87.91282408823203, 85.4789097450648, 84.73326827916155, 84.32939815556858, 85.82486939312408, 85.92362473825237, 85.89992877012948, 85.89992877012948
95.64, 94.596815115117, 93.09704939988808, 89.65900750059907, 86.34572914588941, 87.60760369317231, 85.48961899980043, 85.8686053530426, 87.32313464858558, 85.25911298499855, 85.67588852209451, 86.75298808715948, 87.73789491721418, 88.00795316027167, 84.31369739456835, 84.75618479052292, 85.22923511301005, 85.37657199295641, 86.3194465635303, 85.8926009680988, 85.86424974047186, 88.2425903721317, 86.27488339739057, 86.6964621650141, 85.01763082153981, 85.01763082153981
95.82, 92.59596415842083, 93.27235714798728, 91.58127972863106, 91.39515770099759, 92.31086893665595, 92.28224154026766, 92.42872141425569, 93.85365779346152, 93.16762303951205, 93.89198175371521, 94.88665555150669, 96.06471143883797, 94.9210198853598, 92.0173449889767, 91.23666222814502, 89.13729600261635, 85.77896161321483, 85.35434802097072, 85.8926009680988, 87.67306206972633, 89.79502755896637, 88.91678785609105, 89.96733309967922, 91.51534542892074, 91.51534542892074
96.31, 94.5238309277187, 94.89705902917045, 94.32385901560113, 94.95445404072677, 93.8789318993569, 94.31950197445315, 91.61074929030039, 93.95840616327826, 93.16991175661948, 93.65038519481023, 95.7182888723995, 95.94940204162556, 94.48181919716174, 95.12318019486075, 96.96252454948065, 96.33992163473202, 98.41085324109099, 98.29554024959913, 96.68117687327825, 92.50366045012812, 94.16817085311081, 92.88009293641741, 87.68707224942536, 85.59878937398562, 85.59878937398562
96.09, 96.00581951227254, 85.65282232893422, 85.34396535164689, 85.79700972122937, 86.00823966632817, 85.48961899980043, 86.34695902917493, 86.14331923532167, 85.25911298499855, 86.2240709943366, 88.08250813850412, 85.82877097763163, 85.32113091862541, 86.99266996996435, 86.02813403762289, 85.88922846168357, 84.50371598688248, 84.52382558249198, 85.8926009680988, 84.73326827916155, 86.51419957413177, 85.97624684107797, 85.7985204679213, 87.45127047342078, 87.45127047342078
94.95, 95.81113943156522, 94.37544387589429, 92.1767921830235, 92.9722835824656, 92.76940799205383, 93.68834003735952, 92.08627583071599, 90.24411832484176, 89.93010896282817, 85.56578676700167, 84.17834927434514, 85.00796617836136, 85.81502052580596, 84.31369739456835, 84.75618479052292, 85.88922846168357, 86.97862382698774, 86.62039274733752, 87.05427061262998, 86.18103756827875, 88.1825460231977, 85.82486939312408, 86.53271288376436, 88.50668392809776, 88.50668392809776
96.67, 96.37542079065945, 98.1842219843177, 96.67971093249282, 96.60911249460723, 95.9909658730334, 96.02168265749614, 93.78987453210155, 94.80466372128667, 94.7241072962244, 95.16741103252396, 92.71025725429327, 92.90873432603803, 88.30822860842208, 89.33574596579682, 91.11116048598599, 88.07226928299467, 84.50371598688248, 84.52382558249198, 85.8926009680988, 86.70007702889265, 85.28336719572823, 85.82486939312408, 87.46521292292962, 87.14897606923797, 87.14897606923797
95.97, 95.35719454680482, 94.96579952003036, 95.79507715681814, 95.03323488594263, 95.40923141674233, 93.19084326884699, 93.60002932089193, 89.22558996220317, 88.49420952157189, 88.17547060389903, 89.36114831519946, 89.43267721612031, 90.07021440846043, 90.85970790303669, 88.22763415582952, 87.62160799606512, 85.38214867180436, 85.5341718521911, 85.8926009680988, 85.96827791515733, 87.28707366427979, 87.27470620359031, 87.49113529858656, 86.20189716569, 86.20189716569
96.2, 93.92171279051031, 94.91530967233983, 94.78310624260023, 94.55552768306049, 93.45071893239775, 94.56419650196358, 94.7299377141282, 94.72850846975898, 94.00663695160264, 93.07032381583348, 94.3075626944962, 93.58343925660574, 92.22290640460584, 93.00303700089336, 91.65259230450471, 91.97666614809776, 90.53710459903786, 91.21431437180189, 88.45259177792033, 87.6548986995032, 89.22314849008939, 88.55122239048929, 88.57558457889267, 90.39716841209024, 90.39716841209024
94.8, 94.89683130792858, 94.71989977711817, 92.82316596898755, 92.88925719063374, 94.40401958331972, 93.0767861834645, 85.41543338463201, 84.10845337987462, 85.25911298499855, 85.67588852209451, 85.13086426591269, 85.71582293521041, 85.81502052580596, 84.31369739456835, 84.75618479052292, 85.88922846168357, 86.67702858562274, 86.1455658463193, 85.8926009680988, 84.73326827916155, 85.92099272381581, 85.92265124455001, 86.83514177395762, 84.18839048711607, 84.18839048711607
95.81, 93.77837874626054, 91.96425762542084, 90.04387711467658, 87.61233856325765, 86.45153685627358, 87.01981629932655, 86.84802757188972, 84.10845337987462, 85.25911298499855, 85.67588852209451, 85.37196199896664, 87.1179420729223, 85.81502052580596, 85.99371022194144, 88.02043784011575, 85.88922846168357, 86.29696517383817, 87.82294645844762, 86.21429189874056, 84.73326827916155, 84.32939815556858, 85.82486939312408, 84.98406826740512, 85.19976598744945, 85.19976598744945
96.93, 97.83466390357074, 99.60156084331787, 98.4413441804313, 96.83585945235366, 97.23553127029116, 96.25964086921793, 94.83602596278233, 95.72121277443053, 93.71164869967586, 91.2261486759547, 84.17834927434514, 85.00796617836136, 85.81502052580596, 85.20585358159644, 84.75618479052292, 85.88922846168357, 86.74910154904508, 84.52382558249198, 85.8926009680988, 84.73326827916155, 86.2833516875022, 85.21097579127849, 84.98406826740512, 84.18839048711607, 84.18839048711607
95.1, 96.098323995921, 89.39683327781852, 89.12432227849814, 86.20264191835837, 84.10957757803895, 85.48961899980043, 85.4829156262004, 88.066771625702, 87.57853411281877, 85.67588852209451, 87.76382273455336, 87.08101494287389, 85.49659021997213, 85.98812514673602, 85.44966673082656, 85.88922846168357, 87.46787587639632, 88.39161288713423, 88.83688956430147, 90.48586425994255, 91.8937617764204, 88.91463934266767, 89.59832625904504, 88.23116663710825, 88.23116663710825
97.07, 97.10538613251131, 97.94924358019904, 97.04359152361431, 94.79130165336448, 95.69795633822882, 94.35912655812855, 93.3599131494484, 95.40692995765417, 89.86247034548732, 88.54688985750846, 89.59830589417842, 89.06770897528538, 85.81502052580596, 87.75941785993487, 87.17842983032325, 85.09089813477483, 86.00543095783681, 87.46725048573354, 86.99704535422178, 84.73326827916155, 85.90250659519818, 85.82486939312408, 84.98406826740512, 86.61052380154325, 86.61052380154325
97.0, 97.93702172842089, 99.00905895617397, 98.96982352569927, 96.94682380078733, 95.83436349629476, 93.47044546486585, 90.52797154922013, 89.581075506852, 90.31792084158778, 85.67588852209451, 87.693261400581, 89.15775435973828, 89.7776419149749, 87.18849997835794, 84.75618479052292, 85.21026404409233, 85.31190010137969, 86.66302904950722, 86.02146421314417, 87.2147974247747, 84.32939815556858, 85.82486939312408, 84.98406826740512, 84.18839048711607, 84.18839048711607
95.79, 92.48813362503184, 94.26518927882327, 93.05931758975345, 92.81892858593248, 92.1289463972826, 91.8635836401457, 91.54578730049545, 92.17494383714403, 91.41249240109833, 89.28369807906121, 90.83821806529329, 85.42713830144565, 85.81502052580596, 85.14679196812504, 84.75618479052292, 85.88922846168357, 84.50371598688248, 86.6072967380157, 87.28062893911162, 86.90625075325887, 88.54308650602923, 89.23509556268614, 87.420483577434, 86.41264428057015, 86.41264428057015
96.38, 97.76394105844149, 99.0869656548723, 99.08545679102347, 95.24473170357791, 94.27242720103904, 95.02356968523044, 95.26421465974487, 97.0844480712149, 94.02721262469771, 87.00869800018239, 85.55783379905257, 86.71271856307072, 87.0040887944514, 87.90698398105441, 88.62137482596573, 87.05196517306453, 88.2925206114452, 86.75022018156488, 85.8926009680988, 84.73326827916155, 86.58857284111377, 85.10109411881382, 84.98406826740512, 84.18839048711607, 84.18839048711607
96.3, 97.7007457410545, 95.25645701934889, 92.15116341983342, 93.4045930507116, 92.78771765235342, 93.08744367482231, 90.89200335646954, 92.51614337047236, 90.02342831231105, 87.85887064617516, 84.17834927434514, 85.00796617836136, 85.84221573654159, 85.46303055169231, 84.75618479052292, 85.88922846168357, 84.50371598688248, 84.52382558249198, 85.8926009680988, 84.73326827916155, 84.32939815556858, 85.82486939312408, 85.69243412414903, 87.88786875246697, 87.88786875246697
96.91, 97.94332907139555, 93.50117602346128, 93.02826720021179, 92.79277612938377, 93.49946740743881, 92.57658176756719, 88.71990414158441, 87.03807339331439, 87.1645495645617, 86.02997458356842, 84.17834927434514, 85.00796617836136, 85.81502052580596, 86.72663831417242, 87.37032528146526, 85.3438851254865, 86.61337052238503, 86.5122953088942, 86.71254903729411, 84.73326827916155, 84.32939815556858, 85.82486939312408, 84.98406826740512, 87.2355566902363, 87.2355566902363
96.64, 95.53319449024787, 95.62839896379326, 93.83553348037856, 92.54816463203814, 89.90972252027153, 88.82177946629108, 89.43357144379375, 90.11926675237167, 90.36652079017992, 89.21551264973918, 89.49826653214156, 90.21876151153252, 89.28326766165361, 89.4085791414303, 90.06867305328696, 88.96056353623351, 88.87058165641528, 84.52382558249198, 85.8926009680988, 85.7759250736041, 86.76442744345077, 86.0997160287394, 84.98406826740512, 84.18839048711607, 84.18839048711607
95.54, 94.97791640693339, 96.23804814588637, 96.69516735987109, 96.36881976989335, 95.93033015193059, 96.57126318900087, 95.68082206450543, 97.1312846844524, 95.05038017952963, 89.21077129807432, 87.19593533733922, 86.47541745882647, 85.81502052580596, 84.31369739456835, 85.93009688025151, 85.88922846168357, 84.50371598688248, 86.26407395409456, 85.72773230812082, 86.61667589517421, 86.37258955707526, 85.82486939312408, 84.98406826740512, 84.18839048711607, 84.18839048711607
95.82, 96.24317192120562, 96.02972755515424, 95.93110781350723, 89.90925811898076, 90.10216541053059, 90.69526159779446, 86.37971071490949, 84.10845337987462, 85.25911298499855, 85.32781282483442, 87.10670233596677, 85.81088199810979, 85.64751419140046, 84.31369739456835, 84.75618479052292, 85.88922846168357, 87.17483387908538, 84.52382558249198, 85.8926009680988, 86.95900051672562, 86.1855079540038, 85.78691968749857, 87.35097832250038, 84.18839048711607, 84.18839048711607
95.08, 95.09680298100835, 93.65056822688956, 90.86621258722846, 86.01565230086545, 85.45251363485974, 85.48961899980043, 85.4829156262004, 85.10950522218643, 85.76005725549544, 85.67588852209451, 88.11788711377002, 88.14125272707358, 86.37333860085793, 87.09536971486772, 87.37800698586766, 87.38040386081146, 84.50371598688248, 85.95912798943705, 85.55766714635152, 86.83308058090188, 85.37056139435758, 85.82486939312408, 85.37538472320698, 86.66692845217187, 86.66692845217187
94.91, 92.17687715109102, 93.26691323919117, 91.30323810425318, 91.08820547727524, 93.37748956462073, 91.7800069111951, 92.09120396789562, 89.63073142871299, 90.54428624079014, 89.64409636472664, 84.17834927434514, 85.53279019897825, 85.81502052580596, 86.3510227353672, 84.75618479052292, 85.88922846168357, 84.50371598688248, 85.91480188383603, 85.8926009680988, 86.78501390479931, 85.9450665322852, 86.58931424613858, 85.44441459713481, 85.4676832458425, 85.4676832458425
95.8, 95.86138923809422, 95.52801400166588, 95.04371052192222, 94.48228887503724, 93.96689479484618, 94.85750756190667, 94.05278267467288, 95.80365130671697, 92.59606206174045, 92.47430189750165, 93.17102214475557, 89.95966939116688, 89.42545382106942, 88.8241454533264, 88.69658737261592, 87.04916786243648, 86.78957860225607, 87.1702103906823, 85.8926009680988, 86.82957195320165, 84.32939815556858, 85.82486939312408, 85.15198427839402, 85.99360177593299, 85.99360177593299
96.09, 97.67876709673307, 94.56923716316757, 94.80538807098972, 94.4604895431614, 96.09410644810991, 90.93424972836024, 91.40675653018953, 89.43595802673298, 88.92153876789077, 88.12289452890968, 88.42054657391002, 89.68314478962213, 90.10736544157871, 91.7220637507043, 92.39082522219532, 91.85132786397803, 93.32430156377967, 94.39847229019277, 93.3762346383531, 95.3387580997666, 96.61695152394108, 97.54699401279791, 95.43123441686787, 96.64132870549868, 96.64132870549868
97.04, 93.84367575140521, 91.35664803782792, 91.71260337821732, 92.16685109633322, 93.10952661262749, 91.29677307248373, 88.29797843327447, 88.83839053765242, 89.89434079351601, 89.89052020043398, 90.15252141742359, 90.62389449603506, 88.99371956680885, 90.05500118993734, 91.72332302640795, 89.04268897735412, 91.13044833542367, 91.28243647517291, 90.78175706046484, 84.73326827916155, 84.32939815556858, 85.82486939312408, 84.98406826740512, 87.28027836633862, 87.28027836633862
95.93, 96.63935687304489, 98.78554172236916, 98.31758902805387, 99.57539517933252, 93.74984771238536, 93.18671087803156, 92.71775022354188, 94.28501920476309, 92.9949317239445, 93.16620900714088, 94.01564848856073, 93.33244097809997, 92.75926401939232, 92.77376583520939, 94.27865166155766, 89.24207840591626, 91.47183386742448, 91.02896824007286, 87.78942352768078, 84.73326827916155, 84.32939815556858, 85.82486939312408, 86.08557576188527, 85.95633456944955, 85.95633456944955
97.13, 95.20193679777381, 97.06773306025732, 93.73055507531285, 94.46683303968128, 95.67475160406764, 96.22198508321613, 95.20262075463143, 97.1808354307209, 97.33726837174031, 94.05237183099666, 95.81253626468495, 96.55991680149336, 94.88949778161529, 96.94127569009396, 97.89402027357744, 97.03789944769913, 98.80912261159526, 98.50243866948183, 97.27515088503979, 95.37623034753271, 92.45995074808052, 90.79773290124523, 91.46156134161052, 89.89263588715745, 89.89263588715745
94.98, 94.11625337744225, 88.54080304330924, 85.68112224577713, 85.25147394837903, 84.10957757803895, 85.48961899980043, 85.4829156262004, 84.10845337987462, 85.25911298499855, 85.67588852209451, 84.17834927434514, 85.00796617836136, 85.38951289295926, 85.09088966547205, 84.75618479052292, 85.88922846168357, 87.32174500112289, 87.35895261465807, 85.67253584258351, 86.2089712134623, 88.19632691130599, 85.62252620699805, 85.22038742746074, 86.62098037976227, 86.62098037976227
96.2, 96.3742224021278, 98.74413929963283, 97.90661694388008, 99.02560396569179, 100.9074954115001, 98.84433398036563, 98.32670735392097, 98.98190028854872, 93.32746583866411, 92.65254691291481, 94.23756215512661, 94.48684859578051, 89.51699122587787, 90.04393728319202, 87.91919023784236, 87.04372625580613, 84.50371598688248, 85.41498202150788, 85.8926009680988, 86.77836337323036, 88.07846065547447, 87.78318690360811, 88.53319217509873, 89.99314775958126, 89.99314775958126
95.89, 89.2835357652578, 84.18163231585689, 85.68112224577713, 87.02297184611119, 89.19236919603802, 90.18270825818436, 88.39540896701097, 89.99301271875039, 85.25911298499855, 85.39325016445295, 86.71619169541981, 85.00796617836136, 85.81502052580596, 87.38017675895627, 84.75618479052292, 85.50969439102685, 84.50371598688248, 84.52382558249198, 85.8926009680988, 84.73326827916155, 86.73263488106176, 87.3770717133187, 89.0027786171738, 86.35859650829151, 86.35859650829151
95.16, 95.47591195313974, 97.56551061840608, 96.54503702608561, 95.4466339232459, 97.32782903013798, 97.83504596532437, 98.58383534544728, 100.5123377602166, 99.73202271621612, 93.76511886871847, 95.29893020442373, 92.6383875963552, 91.78719296021063, 94.1254263570022, 90.46732512529762, 88.44183559493051, 88.60298762852494, 89.91035057942678, 89.42340243079106, 90.06603202350819, 92.1357294900854, 90.66523152586053, 91.1505717586472, 89.07301179896682, 89.07301179896682
95.89, 96.41103104369525, 97.5071500540989, 93.39080582012082, 92.07965718260488, 87.76933807596394, 85.66149147792328, 85.4934224009872, 86.7659760937731, 86.35030442923653, 85.67588852209451, 86.19440643394533, 85.07264466359504, 85.81502052580596, 84.31369739456835, 84.75618479052292, 85.88922846168357, 85.9625643848415, 87.44218053308568, 85.15279914500857, 86.06803327449708, 88.38049746136566, 88.23256594216379, 88.5112959536175, 89.42027677067342, 89.42027677067342
95.48, 95.83494646446175, 96.57415716874071, 97.0864050175971, 96.798530472418, 96.33216829861314, 94.345137008315, 93.0421286737232, 87.48285601348466, 88.33972571677174, 86.87742181326765, 89.15278232429864, 88.66190111755702, 88.00949743294419, 86.62280947620259, 86.33134860089083, 85.88922846168357, 84.50371598688248, 84.52382558249198, 85.1791296749372, 85.7635187888996, 86.60823748988004, 85.82486939312408, 86.72388926487392, 88.2232322750903, 88.2232322750903
95.44, 94.13953739032974, 96.09093310795062, 97.00690952270898, 94.87833410608813, 97.27291457912722, 96.8183799680323, 94.4411561577077, 95.84710052532493, 95.64858442964467, 93.39338488921821, 95.30112392142449, 92.46115018756134, 90.14639342357341, 89.88508586899498, 89.1590166329721, 89.65979137866262, 90.79353617303948, 91.26891361683272, 90.70155096302595, 88.23210644448193, 87.21905592176715, 88.16182209602385, 87.79490228781994, 89.82107786164542, 89.82107786164542
95.39, 96.9426580874886, 95.57181237890254, 93.22813540200747, 93.04883539232848, 93.73482381857302, 94.0973140316899, 92.18629148803947, 93.32238050206718, 92.5407297125906, 93.5868037932996, 95.52723609180157, 88.09241429884939, 86.03667283985054, 87.47436067521325, 86.30786125336593, 85.88922846168357, 87.20927763152584, 87.59215644554416, 88.0022326827986, 88.76508648502143, 90.31351474633594, 89.37498704336845, 90.31948113830352, 89.2556536012057, 89.2556536012057
95.85, 95.90925823685649, 93.52697559750924, 91.71693659113937, 90.27817593517173, 90.46979481843583, 87.76790340522483, 85.71975293060248, 85.75153724752764, 86.80883212208812, 85.36427829109724, 87.17408551626626, 86.2792803417157, 85.47595800136875, 84.31369739456835, 85.0755337569972, 85.88922846168357, 87.55174237242167, 88.68869952898476, 87.98848795234109, 87.15180384952197, 88.7241046975242, 86.48027576725127, 84.98406826740512, 86.68562858712568, 86.68562858712568
95.02, 92.75494841978448, 90.08622320188326, 87.59954017328792, 87.37332800289848, 85.47375065620099, 85.48961899980043, 85.31598922723123, 86.41934405464362, 86.52254722589241, 85.67588852209451, 86.04415578201943, 85.00796617836136, 85.8842808869416, 84.31369739456835, 84.75618479052292, 85.88922846168357, 87.70799339912581, 89.43848164717427, 88.42872885011116, 88.63671968058026, 86.463221113479, 85.26849410030172, 84.98406826740512, 85.05566829151883, 85.05566829151883
95.0, 93.35640197527522, 90.84031827526822, 90.78492426052316, 91.30381407332185, 92.43273380261148, 93.39881236688665, 93.12642287280643, 94.87642691179988, 93.41885620486607, 92.14688818700603, 92.04106697927969, 92.23801796740587, 92.4579591765147, 92.7065848208592, 93.23729195739456, 91.8269077958565, 93.78696367561206, 95.43783382080788, 92.47889812610987, 91.58371613058523, 93.24534627045168, 90.3105146738315, 90.25526194378426, 87.90728836943313, 87.90728836943313
95.95, 95.09556960894116, 94.39476612924878, 94.15493665037273, 90.32405283661033, 89.76710629597387, 89.52315562610589, 86.33137137800999, 87.29067339709962, 86.96956896709865, 85.67588852209451, 87.41826417597696, 87.65270785298053, 85.81502052580596, 85.76460029912737, 84.75618479052292, 85.88922846168357, 87.39438185328437, 89.37312928570368, 85.9957433784342, 84.73326827916155, 84.32939815556858, 85.82486939312408, 85.83392807557534, 84.18839048711607, 84.18839048711607
95.68, 96.42165069906024, 95.96161069871508, 94.59146108084505, 93.7883702367237, 95.94934477243622, 94.38472687193486, 95.23393797523963, 95.61202409403876, 92.47215896677103, 90.62513174466895, 90.93760104699375, 91.41094810545492, 90.78966602963538, 88.75122779253712, 89.64426661510377, 87.3507519899555, 84.50371598688248, 86.58812783801166, 85.8926009680988, 85.54762601776504, 86.3242443858597, 86.45715557755543, 85.11613963769821, 86.17660558065485, 86.17660558065485
96.19, 96.37020440809519, 91.67474988824469, 91.81151508073779, 88.69476766273218, 87.92278666257442, 88.1115546823921, 86.00157084146602, 85.69911871693002, 85.25911298499855, 85.80200238092709, 84.17834927434514, 85.00796617836136, 85.81502052580596, 84.31369739456835, 85.74151589533747, 85.88922846168357, 84.50371598688248, 84.52382558249198, 85.8926009680988, 84.73326827916155, 84.32939815556858, 85.82486939312408, 84.98406826740512, 84.18839048711607, 84.18839048711607
96.64, 94.19429079699452, 94.61019304891218, 88.11960930571595, 85.67577493672697, 86.36272743813701, 86.52918075303934, 86.09759721144763, 86.65322101325548, 85.25911298499855, 85.67588852209451, 85.97999209711273, 85.00796617836136, 85.81502052580596, 84.31369739456835, 84.75618479052292, 85.88922846168357, 87.29357154015803, 89.24148224769334, 88.85455003571948, 89.06502319378826, 90.34157788058013, 85.31221387735704, 86.8401423585805, 89.24629560015646, 89.24629560015646
95.13, 93.53142142789788, 92.7903176546873, 88.37221699441008, 85.25147394837903, 84.10957757803895, 85.48961899980043, 85.21772323994284, 84.10845337987462, 85.25911298499855, 85.67588852209451, 85.88448736657317, 85.00796617836136, 85.81502052580596, 84.31369739456835, 84.75618479052292, 85.88922846168357, 84.50371598688248, 84.52382558249198, 85.8926009680988, 85.2721086420663, 85.3698519356291, 85.86733532593856, 84.98406826740512, 85.69691100836147, 85.69691100836147
96.6, 97.08827722971257, 96.78927561800249, 92.60495011721571, 92.84807407204597, 93.83076645161805, 93.53461026180915, 93.21475477683681, 94.91868644571349, 95.80306904454832, 96.33174683345416, 95.40960252885928, 92.75668696560149, 92.30799350543383, 92.98390945202954, 91.07832608054224, 90.19356448206499, 91.72302974383159, 89.98248238173106, 89.35278206075812, 85.72285957696181, 84.32939815556858, 85.82486939312408, 85.65281483071016, 84.18839048711607, 84.18839048711607
95.97, 89.51130158086795, 91.74633439188315, 91.78643516830539, 89.75987456574181, 89.22398462831887, 87.72254644633206, 86.21340810998203, 85.88533902160353, 85.25911298499855, 85.67588852209451, 87.62090597066356, 85.00796617836136, 85.81502052580596, 85.70628908036203, 84.75618479052292, 85.88922846168357, 86.94721697407806, 85.77918974902398, 85.8926009680988, 87.55703033566286, 85.91576479860855, 85.82486939312408, 85.91056230107193, 86.81880596297648, 86.81880596297648
95.87, 97.02632247908599, 96.9961130375648, 93.52864628232825, 90.18030601730256, 91.88224153273987, 92.74651135157973, 93.46362628559707, 91.55117038021375, 91.03950605058394, 90.55554280143758, 85.72815671384102, 85.00796617836136, 85.81502052580596, 84.31369739456835, 84.75618479052292, 85.88922846168357, 86.95371694702797, 86.73056971678123, 85.8926009680988, 85.43352487997457, 84.32939815556858, 85.82486939312408, 84.98406826740512, 84.18839048711607, 84.18839048711607
96.84, 96.73434980015642, 98.68828239696086, 96.91945998516381, 94.64839949508573, 90.95194651349016, 91.48087461948715, 92.27002979180885, 93.02841098705636, 93.27076510353172, 93.89973534503858, 90.59813849576459, 87.88788528430649, 86.58474312323918, 88.49988092896254, 88.87753648170818, 87.66398456824217, 88.94649253143294, 89.09407696983774, 89.10394008286386, 90.96741148336291, 93.06453358084211, 93.20518057757683, 93.92382778395043, 95.26820793049129, 95.26820793049129
95.88, 90.43048234702495, 89.34750503390423, 88.41561382079544, 89.55276062485287, 90.66785305987771, 91.71180546549469, 92.07353714568168, 93.52690320467683, 94.34166150816573, 91.87991585079595, 94.14262945630493, 95.50427950834722, 91.15541219751161, 90.8521140081268, 92.00922281733466, 90.0550689094044, 84.50371598688248, 86.25749081387802, 86.78647074008738, 84.73326827916155, 85.1458535132931, 85.82486939312408, 84.98406826740512, 84.18839048711607, 84.18839048711607
96.48, 97.19971609128307, 99.01897673815796, 99.2170214576399, 99.18939265370315, 100.82369291213963, 100.19272360742505, 100.50086762117729, 102.88667541857905, 101.76511092439524, 95.81647949562858, 97.2945561561416, 97.50615290929694, 97.48948544123894, 93.79263804240777, 94.53593058670668, 94.52075211780576, 96.68056787206109, 95.48186552704625, 92.27714142151135, 90.02036401380191, 92.22691632375204, 90.01501197457861, 90.43819914156649, 91.72729288213722, 91.72729288213722
95.41, 94.07210802090891, 93.96423728197125, 92.23933293029069, 91.43769667936168, 90.66860885012639, 85.48961899980043, 85.0969539607575, 85.14977039732341, 85.25911298499855, 85.67588852209451, 86.6795903015634, 87.15737549488087, 86.47017801745034, 85.55229889920128, 84.75618479052292, 85.88922846168357, 87.80617671407374, 88.69555380767393, 87.97350823871994, 89.87809316711223, 91.64680191062912, 90.56183513082415, 87.8263556827679, 88.71772370361246, 88.71772370361246
96.78, 97.79724939109362, 97.54443814333675, 92.87259331249754, 92.13613594552486, 92.02611174847145, 88.18148325788351, 86.84398769656524, 87.66496220347511, 85.25911298499855, 85.67588852209451, 87.18863180920742, 86.95588449841962, 86.55116219340992, 84.31369739456835, 84.75618479052292, 85.41000171339151, 84.50371598688248, 84.52382558249198, 85.8926009680988, 84.73326827916155, 87.04123073084749, 87.09171107005727, 88.67184680389568, 90.5158698332613, 90.5158698332613
95.36, 91.17994719026542, 90.59668772567399, 87.40011243256626, 86.4339425180747, 88.86814203791216, 87.80664030416351, 88.34595717959256, 87.01899749977873, 86.98031090968469, 86.05010703921319, 88.27384593520647, 88.41494833365688, 86.83243262146581, 89.24279527432695, 87.96869277015101, 87.65439151294875, 87.87237378768899, 89.39527965836072, 86.62446963552665, 87.78794400770269, 86.92430686159032, 85.82486939312408, 86.67989628785193, 87.02833349798479, 87.02833349798479
95.59, 93.59485329070954, 95.46659927840932, 96.00319355872585, 97.28252041465906, 95.92062779824366, 95.50108108744341, 93.73629199906543, 95.22997772669477, 93.30082434690037, 91.4994681353149, 90.72887664917334, 90.98398809224058, 91.06688268851212, 92.18517313256001, 94.02381726461884, 90.48067237477271, 90.1572847800204, 88.63357746921434, 87.22228807324356, 88.57658320136564, 90.33376812980455, 90.36011697465591, 87.8349174500346, 89.6143983347795, 89.6143983347795
95.83, 96.64412369477229, 95.65696613234202, 93.8116132719909, 94.80930617210338, 94.10846290912161, 93.56360547660455, 90.5439566446554, 90.18128083149624, 88.92872410058608, 85.49126731659146, 84.17834927434514, 85.00796617836136, 85.81502052580596, 84.31369739456835, 84.75618479052292, 85.88922846168357, 86.58752545886759, 87.37416388393636, 85.25400890019239, 85.48253954744413, 86.58040581632036, 86.88995209081399, 84.98406826740512, 86.16507271758462, 86.16507271758462
95.97, 96.73317290245882, 96.94325409516944, 96.53550098218327, 95.43684062455183, 95.87181898374658, 96.17641243364343, 91.53773568342264, 90.74305562682811, 91.25237243249164, 88.27265924228757, 84.17834927434514, 85.00796617836136, 85.81502052580596, 87.15282506577175, 88.1977449254116, 88.10610957930776, 87.12871187850125, 84.52382558249198, 85.8926009680988, 87.4038418605406, 89.53946788359325, 90.05776014711218, 87.22263127584289, 84.18839048711607, 84.18839048711607
96.09, 94.28280749916323, 95.86853028451819, 93.78856809627574, 88.84716770268386, 89.7379240192758, 86.53157066155991, 87.51308166599809, 88.62424865695672, 88.20135613708472, 88.8339669317281, 90.7423493637162, 92.1901170109136, 92.97941212045706, 92.76215381318549, 93.27898949503637, 93.87809516176753, 95.13769933516349, 94.30770772499159, 94.86127987724353, 96.03524471461354, 97.83413777439918, 97.51237522836786, 93.83234611312929, 94.85494991126409, 94.85494991126409
95.34, 96.20133243766847, 98.40817260619978, 99.18432636483271, 96.77636088089459, 95.08133134922193, 94.55888349864486, 92.1661706672472, 90.39752097587633, 91.27644100971264, 90.67215320807237, 89.76164312731304, 88.97323925640782, 88.47771130448483, 89.74936936032253, 87.7393903912388, 85.88922846168357, 84.50371598688248, 85.17198061941198, 85.8926009680988, 86.8456370715355, 85.2411420823417, 85.82486939312408, 85.20147899521443, 87.2850842768269, 87.2850842768269
96.09, 95.10485971713791, 96.618291038661, 92.72462201862761, 88.36329964096977, 87.0070795501196, 87.3946583278926, 85.4829156262004, 86.62830154388534, 87.44126508839646, 85.67588852209451, 87.05873064856175, 85.00796617836136, 85.81502052580596, 87.38824927086358, 86.1480155040125, 85.88922846168357, 85.55514255542776, 85.63613855698198, 85.8926009680988, 85.24884017602793, 84.32939815556858, 85.82486939312408, 85.83718230514685, 87.60517680424013, 87.60517680424013
95.83, 95.83058672407314, 92.74629717500945, 90.29769739484969, 91.21878507654375, 87.68246180030235, 88.41337243996632, 87.63368674316548, 88.85178111599109, 90.21405819432283, 88.12754784008077, 85.95387492153326, 85.23364489874412, 85.81502052580596, 87.54107745408153, 87.81408352862327, 87.18832991129706, 86.5454419422209, 88.41121331811141, 87.56518188235329, 84.73326827916155, 86.28313648802022, 85.82486939312408, 84.98406826740512, 86.0311927411331, 86.0311927411331
95.22, 93.2583600405296, 92.28551350607732, 93.130031304876, 91.5952593125414, 91.82596098897805, 92.12335802562399, 92.69971001874062, 91.13280473231644, 91.37084205727936, 88.73760217459464, 91.19522670332898, 91.43412024167313, 90.14269883481445, 87.36069125856163, 87.77858058950035, 85.88922846168357, 86.80817398975985, 88.8309442310331, 88.17770766801696, 86.93764693996422, 87.32046273426779, 87.78161250247956, 85.33426418882952, 84.18839048711607, 84.18839048711607
96.65, 96.39772074405491, 97.82976010838966, 96.85310439164726, 97.80745835091676, 98.47095343282876, 95.25921749299081, 95.2100037521677, 91.05638527257891, 86.53796402300986, 87.28648001919797, 88.92689210662498, 89.05102096261433, 86.16836814817238, 88.02192103769725, 87.78572803204038, 85.96495887445404, 84.50371598688248, 84.52382558249198, 85.8926009680988, 84.73326827916155, 86.33108840569531, 85.82486939312408, 85.84295469775496, 84.18839048711607, 84.18839048711607
96.36, 88.41426280619281, 89.40564282210676, 88.05278174553828, 85.41691249071303, 85.67781208527722, 85.81047054522224, 86.63448818570635, 88.86195930266572, 90.03472497739756, 85.73262107382415, 86.00608030384676, 86.7445617803233, 86.09459171061482, 84.31369739456835, 85.16151654372551, 85.88922846168357, 87.18356730101087, 87.76876975710071, 88.2743626802654, 88.35801043160886, 87.5191639108697, 86.18859981995736, 84.98406826740512, 86.89526269311311, 86.89526269311311
95.19, 96.07931358216977, 93.3307747469571, 90.61897459836273, 85.25147394837903, 86.23606017564263, 85.12202418407844, 85.4829156262004, 84.10845337987462, 85.25911298499855, 85.67588852209451, 86.22441069355494, 85.62000725813756, 85.66129159907018, 87.26272703886544, 84.75618479052292, 85.88922846168357, 86.19402847709677, 84.52382558249198, 85.2590508238117, 84.73326827916155, 84.32939815556858, 85.82486939312408, 85.97998821210527, 87.51438121658906, 87.51438121658906
95.16, 94.41289293079677, 94.54590394465356, 90.73479747545389, 91.26284143512213, 93.64554118516268, 94.56988672599935, 89.101755348691, 91.66983390116948, 91.51796965902685, 88.85312622680027, 87.43405841797492, 85.00796617836136, 85.81502052580596, 86.62932709620777, 84.75618479052292, 85.88922846168357, 84.50371598688248, 85.21494138299377, 85.8926009680988, 86.07124364031813, 87.38332904335896, 86.89618125327515, 86.2532055269904, 85.83132228665096, 85.83132228665096
96.81, 96.98102350727102, 98.22325296181592, 98.3917660069205, 98.46645696917831, 99.0188832733657, 98.78482857657924, 99.0676076863655, 99.37896059709728, 96.55681979597355, 96.54103998927225, 97.39601348110286, 94.05491396043121, 92.45492924749749, 92.85862721139397, 92.89484318162307, 89.53366655822109, 89.83465045819702, 87.49209330959859, 88.22797767798151, 88.71457031127026, 86.92134688268943, 87.53439881542941, 87.25499095775712, 89.39575080914688, 89.39575080914688
96.72, 93.57861227714346, 95.86279356049226, 94.1957289838503, 95.01825671791721, 94.04339530532091, 95.07101395859215, 93.44055834423878, 95.13207601653137, 92.0848176411284, 91.73391817046462, 92.44080703723154, 91.16138740406004, 90.03916638395528, 92.14912423787419, 85.55191312729032, 85.88922846168357, 85.9022647903591, 85.27133474963871, 85.8926009680988, 85.4692588993627, 85.07636442081231, 85.82486939312408, 84.98406826740512, 84.18839048711607, 84.18839048711607
95.71, 97.20351459955803, 99.14993027437882, 97.09742462800055, 95.14367405520956, 96.67188476596685, 96.22088432025791, 94.20950253790487, 93.24583980943672, 90.54327017264555, 90.06135517139064, 91.89870553656519, 93.49637815899857, 89.35441395624551, 91.11588436251378, 91.22751772433863, 90.44191241506408, 90.35575523454303, 91.20042573924631, 91.74032114137485, 89.20080323020429, 89.37321054347562, 85.61579830910223, 84.98406826740512, 84.18839048711607, 84.18839048711607
96.05, 93.31903272786579, 93.3644474968039, 93.30159402999317, 89.21323657480312, 89.0110521903699, 85.07443435864691, 85.28379444467954, 85.18764511268124, 85.25911298499855, 85.67588852209451, 87.64215121173312, 87.90900177504332, 85.81502052580596, 86.71890836568842, 87.61954732840215, 86.39957108290845, 84.50371598688248, 84.52382558249198, 85.8926009680988, 86.85023657019703, 84.32939815556858, 85.82486939312408, 85.93170684339208, 84.18839048711607, 84.18839048711607
96.48, 93.28561070751672, 94.26443679205083, 85.68112224577713, 85.22093207214886, 84.10957757803895, 85.48961899980043, 85.4829156262004, 87.55697718151626, 87.07741733453733, 85.67588852209451, 84.17834927434514, 85.00796617836136, 85.81502052580596, 86.84835087893273, 87.48095941230727, 87.71542054481947, 88.29874637588212, 89.29901406040976, 88.61377147031371, 87.61656750485223, 88.7956294381669, 87.29941560977765, 84.98406826740512, 84.18839048711607, 84.18839048711607
95.89, 95.18567936033408, 96.21052445566745, 96.3636629675382, 95.79383298994213, 96.17498567278187, 96.9707575972821, 96.67067055346766, 95.91072328378793, 91.54117235730727, 90.92755195900112, 93.2339907483693, 94.55630341614037, 92.98322076844899, 94.89640373612386, 95.70968559656373, 93.7877951776771, 94.48306310246613, 96.63602767780826, 96.25928058950392, 97.73555388548466, 95.4912823404715, 95.59207130488525, 96.49530784282194, 95.82304850651977, 95.82304850651977
95.62, 88.10283824391738, 88.61077012975878, 87.61311706431329, 85.25147394837903, 85.14722243566503, 85.48961899980043, 85.4829156262004, 86.03182142720587, 85.44194606487443, 85.0280961084489, 86.35286454743674, 85.50473660778675, 85.81502052580596, 86.42061310844394, 84.75618479052292, 85.88922846168357, 85.5280686657572, 86.37605491749423, 85.85263962285441, 87.47685225914002, 87.65066285832198, 87.72358046979369, 88.74910810217744, 90.92827029241278, 90.92827029241278
96.84, 97.72535272073247, 99.10058047973968, 99.35760943016278, 98.17112408737113, 99.11171734805302, 99.68494459906705, 99.30972456095166, 101.47326727540242, 100.99321018659207, 97.37588383683568, 99.25164859251477, 94.25759074199928, 92.6603619040955, 91.98505778440318, 91.77077020007107, 91.54929443379515, 84.50371598688248, 84.52382558249198, 85.8926009680988, 86.75597909361544, 87.53779818876566, 85.82486939312408, 86.46094479402367, 88.27019121344539, 88.27019121344539
96.63, 94.89294817037124, 95.44824978926736, 96.34412264316082, 96.50734594835849, 97.73649534102076, 98.13723381632059, 99.14330424356541, 96.9347367893981, 97.35575759888714, 93.94425674029301, 89.0757333125929, 88.45695061629984, 87.50698948529181, 88.5065536442868, 89.23241419625609, 88.99281111854668, 87.86034723896404, 88.67440228027745, 88.8130870095746, 84.73326827916155, 84.32939815556858, 85.82486939312408, 85.62739069629293, 87.42858980579209, 87.42858980579209
95.8, 97.03098125818364, 94.30118843823587, 94.48154920818287, 93.54044268699506, 94.20519458995278, 92.6258654189357, 92.8453189621229, 92.15217143095002, 92.56334329707603, 92.61137583474417, 94.70668709117619, 94.79412385687223, 94.82106915529886, 97.15258731504152, 98.15766166258021, 96.53895820187634, 96.7763113191046, 96.8646712303469, 93.5497566740297, 91.78228064816312, 92.37015069400296, 86.85193771335582, 88.16193184970386, 88.01301487079208, 88.01301487079208
96.47, 94.33227032902636, 89.89954565012388, 87.27241846700989, 87.7022719971056, 88.28043786158365, 85.48961899980043, 85.73765457332765, 86.26213415708692, 87.449272500247, 87.72655626794379, 88.41224158425217, 85.9565412901156, 86.09141190654688, 88.05254688645891, 84.75618479052292, 85.88922846168357, 86.99994111727682, 86.65338826914547, 85.8926009680988, 84.73326827916155, 85.48079988192879, 85.82486939312408, 85.06025133091686, 86.16817512090905, 86.16817512090905
95.97, 88.34615977555379, 89.51093545487203, 87.39779251415405, 87.42479813847757, 88.27764143742519, 87.53371265738119, 85.4829156262004, 86.54826858016803, 87.08627368018182, 85.89112887040693, 87.28593784114817, 85.00796617836136, 85.23507040901026, 86.46804936217981, 84.75618479052292, 85.88922846168357, 87.23426120349002, 87.15032577613961, 85.8926009680988, 86.5154296381332, 86.78168288766159, 85.77191675420164, 85.02138826316043, 84.18839048711607, 84.18839048711607
96.16, 96.96576713238652, 97.58465678738615, 98.56855439872524, 96.40633971802419, 96.86443431146989, 97.38340463169082, 96.17743308047496, 96.83530168556007, 95.57703645771382, 92.8913937474973, 91.83551233408026, 92.88472868049062, 90.44989077043367, 87.46770759354438, 87.2860484202188, 85.88922846168357, 84.50371598688248, 84.52382558249198, 85.8926009680988, 87.72372593190572, 85.73427304621066, 85.82486939312408, 84.98406826740512, 86.7096666673697, 86.7096666673697
95.47, 96.61514439294537, 96.7192323494303, 95.27844018199708, 95.28642074702714, 95.60279126991769, 91.68727231226238, 91.27698210528743, 91.5731544025982, 88.92148572763725, 88.5432147994752, 86.65626577274405, 85.18848997046311, 85.31196545454534, 86.95985075437211, 87.42612540812098, 86.73304065075936, 84.50371598688248, 84.52382558249198, 85.8926009680988, 84.73326827916155, 84.32939815556858, 85.82486939312408, 85.51194520333875, 84.18839048711607, 84.18839048711607
96.74, 93.91005926881301, 95.19585638032054, 95.15565288956519, 91.76369854227198, 90.35657453963279, 88.45899196333086, 87.12501502928157, 87.64988506020826, 85.16471156882146, 85.25301280198114, 84.17834927434514, 85.00796617836136, 85.81502052580596, 85.77565365917377, 85.6656558377495, 85.88922846168357, 87.31717041493938, 88.73689195905598, 88.9014999827119, 87.56967213523856, 88.0925942752121, 87.08435553154473, 87.24193885641547, 89.2210166747832, 89.2210166747832
96.62, 97.33602850100117, 97.95474484130554, 96.44295939041093, 95.53360369080299, 94.6595640635316, 93.67284113070666, 94.6296549652005, 95.48670617637316, 94.14804311559958, 92.13052023519245, 93.46528733763984, 92.45285818364515, 93.1222885124173, 94.83200813528717, 96.12683016879288, 91.12111587564075, 90.8641505491455, 92.46778290503853, 89.58481474643197, 90.47089578848114, 90.0875668798849, 88.9015980492664, 89.11103345834616, 89.86979089737952, 89.86979089737952
95.39, 96.69341598084672, 95.55853327613359, 95.60058347582496, 93.69483624067838, 85.50136378674415, 85.69134192753876, 85.4829156262004, 87.11426855733302, 87.46167547831284, 86.98782750839686, 86.93583467558457, 85.42189918260567, 85.61504740895411, 87.1510460594496, 86.15134854855911, 85.22051104594416, 84.50371598688248, 84.52382558249198, 85.8926009680988, 86.3087594827499, 87.79426008359674, 87.47020659011973, 86.76018682546366, 88.12959859324407, 88.12959859324407
96.76, 97.06134198401837, 96.6815722902981, 96.24058317324165, 96.88275152635876, 98.18686959405159, 96.98387342898951, 96.07549239051065, 97.26263325834714, 98.1691890724298, 98.69298942626432, 98.07166391516289, 93.85837490823727, 94.17711399961263, 95.37686880049914, 96.59962572843018, 96.67244674802329, 95.99027230190887, 95.20133026561253, 94.45157406396075, 94.7625040689061, 95.3688685000855, 87.75444634256354, 84.98406826740512, 86.75184209308826, 86.75184209308826
97.43, 95.58509428520323, 91.43508764172307, 86.25240142259703, 85.84304131922279, 85.67557950018397, 85.1669658428069, 85.4829156262004, 87.21520570648414, 88.64608145939572, 87.59117234330458, 88.20676515777289, 89.18435099968109, 87.66930469720339, 88.8515654114778, 88.68651875296794, 85.74622064413073, 84.50371598688248, 84.52382558249198, 85.8926009680988, 84.73326827916155, 84.32939815556858, 85.06305618346185, 85.46731690457064, 85.68733726470983, 85.68733726470983
95.96, 96.46955252659225, 97.50771416591036, 94.85588752052276, 93.68521786069023, 95.0655637844683, 95.5036132799432, 93.33875801749396, 94.53212685423323, 93.92159149674023, 94.41452117928775, 91.17182357979652, 91.35120541150248, 90.46492040655325, 89.18643329325226, 88.66781153563473, 88.50897886769472, 84.50371598688248, 84.52382558249198, 85.8926009680988, 86.14023174210094, 84.32939815556858, 85.82486939312408, 86.26900646329088, 85.08679606656844, 85.08679606656844
95.88, 97.51282477470734, 95.23823679819284, 95.16660256543483, 94.77667351900926, 92.04775473531447, 90.37121162549782, 89.91625219447197, 91.64136932083129, 89.58948009607154, 89.73432351357079, 86.9921066294462, 87.4122582348347, 85.81502052580596, 87.2073850907099, 84.75618479052292, 85.88922846168357, 85.56261331715959, 84.52382558249198, 85.8926009680988, 85.99177739191215, 84.32939815556858, 85.82486939312408, 87.03567209180939, 89.20257798599484, 89.20257798599484
96.35, 94.7971460831087, 96.01157756968219, 96.16837741812525, 95.83086030028883, 94.56610066454309, 93.38858223106311, 93.00928613271593, 93.84453365908351, 93.89884445039867, 94.12911482071479, 91.52060022720886, 86.6294953901689, 86.79761368814471, 88.47125325916416, 84.75618479052292, 85.88922846168357, 84.50371598688248, 86.06898546559512, 85.8926009680988, 84.73326827916155, 84.32939815556858, 85.82486939312408, 85.44500521240822, 86.00529931109902, 86.00529931109902
96.74, 96.95596884097588, 98.74426546010314, 96.37437296490057, 94.45429260676842, 94.55963634331609, 94.75230144923381, 94.80511247218713, 93.60882642967331, 91.30156662351028, 89.55108273227188, 90.1843216995141, 91.4937582281691, 92.32269062247902, 88.96906114355443, 90.1243117082167, 89.77702579355932, 90.65674314615035, 87.78644945875934, 85.8926009680988, 85.85769914736589, 87.07582919848878, 85.82486939312408, 86.97992499398444, 87.02259732031881, 87.02259732031881
96.63, 96.4024726195459, 97.15371483861367, 98.14226015796169, 99.16828042696741, 100.7595447999669, 99.35982769751256, 96.91974454259676, 97.15143184981594, 94.66992227315365, 93.20575584104598, 89.71994032970034, 86.95545857448982, 87.1609033744036, 86.96906857709972, 88.29554358692836, 86.22173231012034, 86.52635505784167, 86.64258793913865, 85.8926009680988, 87.01699072922636, 84.32939815556858, 85.82486939312408, 86.79233008280703, 88.59663919117718, 88.59663919117718
95.84, 96.63288460265147, 95.3984311169533, 86.57191260874666, 85.79362945066, 86.57568942951549, 85.54743041590937, 86.57314543219813, 85.25001579547664, 85.25911298499855, 86.11045527616356, 85.67701305715433, 85.00796617836136, 85.81502052580596, 84.31369739456835, 84.75618479052292, 85.88922846168357, 87.83734082425167, 88.54457902869432, 87.04024506164288, 88.71468406038306, 88.8429222057795, 88.90450777443932, 89.31827863880847, 88.4260468875446, 88.4260468875446
96.85, 95.59661780903151, 97.02830799830616, 97.378852742623, 93.31174906282816, 90.58986535364023, 91.63309835516472, 92.7558078806893, 93.47033692325752, 93.33853531374629, 90.69960528969693, 91.6028046078183, 89.41273019653342, 86.53172924819833, 88.36974848503183, 89.23208393433818, 87.57559173689278, 84.50371598688248, 84.52382558249198, 85.8926009680988, 87.34927930922822, 88.79730643026316, 89.17664283972562, 89.9115095300646, 90.43172822933829, 90.43172822933829
96.15, 94.5190995021075, 94.60417709127552, 93.07048010149727, 92.44897840194785, 90.32535777901899, 89.40133903754658, 87.74775698116211, 87.55107033054266, 87.7030663784123, 87.0359733807223, 84.17834927434514, 85.77879981934956, 85.98891114432064, 88.1035945506138, 88.17308019780009, 86.87204475032063, 86.31730830867535, 84.52382558249198, 85.8926009680988, 84.73326827916155, 86.26273272024342, 86.13476957314352, 86.80389927632743, 88.17021279732668, 88.17021279732668
95.33, 95.40294190418926, 92.13440038946192, 88.78573997417529, 89.4347088045782, 89.98546588406458, 89.1400598637157, 88.21461297403299, 89.52040586837497, 89.3608144207312, 88.11320336251218, 84.17834927434514, 85.48277336831083, 85.93174337996679, 87.05934151244729, 87.43405904704721, 85.88922846168357, 85.42013588241292, 85.52536757290696, 85.71586003394232, 84.73326827916155, 85.30504032439266, 85.82486939312408, 86.42230721560816, 84.18839048711607, 84.18839048711607
96.49, 95.06460674861472, 97.58014930163965, 96.50027396759835, 92.0094283817319, 93.3209149731956, 91.47981146146647, 90.08440764804514, 91.02879310421258, 87.62258461799118, 86.53201501484561, 88.51806283872854, 87.9233496256351, 88.50871029487003, 88.79264913440134, 87.94856049732063, 85.88922846168357, 86.98671821467295, 88.82305326900251, 86.9938402508746, 85.80372738253425, 84.32939815556858, 85.82486939312408, 85.03884198756666, 84.18839048711607, 84.18839048711607
95.13, 94.59241230591581, 95.76894203403675, 94.84012942661745, 94.03207285894614, 90.74711958840693, 88.82442056488533, 87.0083261445159, 84.10845337987462, 85.16485498093202, 85.67588852209451, 86.98569216258497, 87.14206269522724, 85.81502052580596, 87.31430570565458, 89.00487998644378, 85.88922846168357, 86.59982692423038, 88.01352606261099, 87.15116220401639, 84.73326827916155, 87.08095070270593, 87.78558937872917, 88.01484238256943, 88.6800800384984, 88.6800800384984
96.31, 97.20890715220325, 96.50046832071811, 93.01748102489564, 93.63128141717279, 92.95040415802514, 92.01515596548145, 90.8004220068782, 90.37385583078532, 90.8160452844486, 88.54659753591834, 90.20743820266966, 87.94557146835862, 87.92140530922073, 87.17346913976219, 87.48231362051499, 87.72158918961107, 84.50371598688248, 84.52382558249198, 85.12442874451763, 85.43470467965503, 84.32939815556858, 85.82486939312408, 85.76284985920121, 86.3230706049036, 86.3230706049036
96.59, 96.33211685102276, 95.1690728240299, 95.13698743897244, 91.96118902091177, 92.82831694842369, 91.42217284295522, 92.15848340983574, 93.30644777425364, 91.81470031408271, 89.13790951327867, 87.30565945158479, 85.48951446979208, 85.81502052580596, 87.39692752839393, 87.76533656923407, 85.88922846168357, 86.4847411062033, 87.16093016203475, 86.28033732156221, 84.73326827916155, 84.32939815556858, 85.82486939312408, 86.09180514277097, 86.73902114210244, 86.73902114210244
95.87, 94.57570305081568, 94.92970116714481, 93.5453354072276, 93.79451241828359, 93.83890086543929, 90.98020050168638, 90.37208295665563, 92.56038223102952, 92.51752037474598, 90.44182689505553, 92.0626082670566, 92.55189113506331, 91.37979703607455, 91.63095809451087, 93.03987116878965, 87.23431248507605, 84.50371598688248, 86.01754731916148, 86.38529178384734, 85.22269159450622, 84.32939815556858, 85.82486939312408, 84.98406826740512, 84.18839048711607, 84.18839048711607
95.92, 94.04096315172754, 95.37950452403307, 95.55724030357386, 93.00402264030915, 92.36921429838996, 89.0249930441454, 88.06099284898174, 88.63573641234373, 85.40380186677443, 85.67588852209451, 86.08589624874472, 85.35125644399167, 85.81502052580596, 87.79718016375169, 88.96708102406033, 87.25297535820968, 86.02857962570167, 87.83171375178786, 88.16383611233519, 89.87006971610023, 91.64189447158233, 91.16790897760735, 89.99283380863325, 88.57326186820441, 88.57326186820441
94.87, 95.13007188521188, 95.81310282170443, 92.55047007428766, 92.54330412068698, 94.35898247067239, 94.29791747069818, 95.14879666238964, 93.43402205140855, 87.88959065823933, 85.67226823704523, 86.80460534266103, 87.7655718317101, 87.03278742270425, 84.31369739456835, 84.75618479052292, 85.02120208025538, 84.50371598688248, 84.52382558249198, 85.8926009680988, 84.73326827916155, 84.32939815556858, 85.82486939312408, 86.25702716186179, 88.5272855757986, 88.5272855757986
95.31, 96.6594183277263, 97.35175172836483, 96.86500047461062, 94.82043062570843, 97.08272275642996, 97.04687551167565, 97.99615569653879, 96.09167824992292, 94.11068570235017, 94.38209249130568, 94.72086616349158, 95.52581197094648, 90.79893629027103, 90.43844120983954, 90.1605115767934, 89.28620865674894, 89.49331081274951, 91.24740237583549, 90.37867899010041, 92.01830111728867, 91.42161296411594, 90.17768870309895, 86.39046295319372, 86.02119401853331, 86.02119401853331
95.66, 94.65055956645595, 91.99812004084266, 89.86202352129972, 88.57858815241842, 86.00795576716527, 85.48961899980043, 86.3062916525515, 88.02079883032282, 85.68819619456028, 85.67588852209451, 87.95690725149251, 86.10129295150429, 85.81502052580596, 86.5789470766962, 84.75618479052292, 85.88922846168357, 86.77107055439352, 85.6053663288138, 85.72420555111361, 86.89679471044765, 84.32939815556858, 85.82486939312408, 84.98406826740512, 86.67263239256388, 86.67263239256388
95.46, 95.9810223509779, 97.58095266520775, 93.28833032927557, 93.02035998607325, 94.32307061110701, 91.91697637445483, 92.50720274559404, 94.93825478469344, 93.26712745516585, 93.78807900166301, 94.4772120186878, 94.94798240073963, 92.93458420699211, 85.4959791050278, 84.75618479052292, 85.88922846168357, 84.50371598688248, 84.52382558249198, 85.8926009680988, 84.73326827916155, 85.88325479630872, 85.82486939312408, 84.98406826740512, 86.72997271316419, 86.72997271316419
95.79, 94.48337861904217, 95.99286134844182, 95.05214641725355, 90.26607072268119, 90.5404643763893, 91.1357805903605, 90.13646403471104, 90.99958471052427, 85.25911298499855, 85.67588852209451, 87.68547330023304, 87.86069672596314, 87.00352623261418, 87.59124505606032, 85.35886069469905, 85.88922846168357, 87.71666154338527, 88.07704915450563, 86.18092194393239, 85.82628940281583, 84.32939815556858, 85.82486939312408, 86.67294964817269, 88.78857237706609, 88.78857237706609
95.08, 96.74309203756418, 96.12687600149202, 95.685925357112, 95.65045178323183, 95.10837253092178, 94.86105494810191, 90.07837023560934, 85.48550742963677, 85.25911298499855, 85.67588852209451, 85.94788462696337, 85.00796617836136, 85.81502052580596, 85.85314417859018, 84.75618479052292, 85.88922846168357, 87.78583997849245, 88.2556981287583, 88.09177233574121, 86.94753988707271, 87.50828114027435, 85.82486939312408, 84.98406826740512, 84.18839048711607, 84.18839048711607
96.64, 95.70522934635946, 94.09360531264264, 93.31617297174445, 92.57569207375634, 93.15612487458066, 90.92931287733575, 87.32641107217499, 87.66070616232739, 87.92043135287271, 85.84293657044773, 86.42654833105908, 85.00796617836136, 85.81502052580596, 84.31369739456835, 84.75618479052292, 85.88922846168357, 84.50371598688248, 84.52382558249198, 85.8926009680988, 84.73326827916155, 84.32939815556858, 85.82486939312408, 86.23851868980891, 88.3123308379967, 88.3123308379967
96.29, 93.69080306462544, 91.288562350883, 85.99330734457581, 87.06780855304014, 87.28330676731471, 88.24719411236694, 85.68132274463224, 84.10845337987462, 85.25911298499855, 85.9883877170802, 85.08658212088439, 85.00796617836136, 85.81502052580596, 84.31369739456835, 84.75618479052292, 85.88922846168357, 84.50371598688248, 86.32457476309177, 85.8926009680988, 86.38117587979116, 85.02909108661531, 85.82486939312408, 86.66146391069371, 86.72818607637133, 86.72818607637133
96.38, 98.11628247446282, 95.31940962560707, 94.86751593939081, 95.2759901385267, 93.81031262259552, 91.78006240861943, 91.18569906343298, 92.03902446131377, 91.76707180274398, 89.06099402755876, 88.29646828793133, 88.74305202866454, 88.81425422310103, 89.26506391009933, 88.52713904900865, 86.78251439893003, 87.50535404189084, 87.83009432379157, 87.59127942884973, 87.22351468965333, 89.05485260759485, 88.85254690771308, 87.85226011147425, 85.59869009044648, 85.59869009044648
96.75, 96.41021766109242, 97.03305196326642, 97.61287872326483, 98.24275941554842, 99.94484955133615, 100.72187327793156, 101.0939150443451, 100.87945571621505, 96.79347494968417, 97.28873949155752, 98.0464244776039, 97.96229728741334, 97.52859396019771, 94.72366523170408, 93.24310086122574, 86.99992667923881, 86.43554748537065, 84.52382558249198, 85.8926009680988, 85.08399365210491, 85.51096363921553, 85.05216627618587, 85.84175723040062, 84.18839048711607, 84.18839048711607
95.01, 92.98416872228499, 90.02422583997382, 86.75827976608383, 85.30328841721206, 86.81937779558167, 86.3989445066036, 85.219301348947, 86.29377194409533, 87.29329660255932, 86.47740618974153, 86.86043416786951, 86.34086406826452, 85.81502052580596, 84.31369739456835, 85.20217145220131, 85.73633520252565, 86.80726401726423, 88.02057985552295, 88.16373728121945, 88.23723585752276, 88.19422677211708, 88.23357802501678, 84.98406826740512, 86.83404948588324, 86.83404948588324
95.48, 95.86746579795654, 95.81712629512187, 96.26528105333894, 96.55742312408054, 93.87740131384639, 90.54523728514745, 90.77154260976768, 92.23096271149062, 91.96719530908753, 85.67588852209451, 84.17834927434514, 85.07857939657883, 85.81502052580596, 85.78260466024726, 84.75618479052292, 85.88922846168357, 87.77251467617491, 86.8755628519392, 85.8926009680988, 84.73326827916155, 84.32939815556858, 85.82486939312408, 84.98406826740512, 86.48140293209809, 86.48140293209809
96.66, 95.47171328512441, 96.8338136436903, 94.24760739248505, 90.44227066632385, 88.23624301343956, 88.10060674038698, 87.08293451657626, 88.96789601031958, 88.36065068740385, 87.82278235749982, 87.88154625938208, 89.11435533675487, 88.40658870090432, 87.05690119908847, 86.76830960461115, 85.88922846168357, 87.54556297817447, 84.52382558249198, 85.8926009680988, 85.83102787540372, 86.6981114462166, 85.95029817986858, 87.13717337341386, 88.14760452015084, 88.14760452015084
95.95, 96.98865035302268, 95.19236833468334, 92.68539670161196, 92.71060746254732, 92.86358671305373, 93.39093213698847, 90.34352507686614, 91.83370591684555, 85.93877969371536, 85.67588852209451, 84.17834927434514, 85.00796617836136, 85.81502052580596, 84.31369739456835, 84.75618479052292, 85.88922846168357, 84.50371598688248, 85.70793803267847, 85.8926009680988, 84.73326827916155, 86.23288418893408, 85.54018989796093, 84.98406826740512, 87.03462375622367, 87.03462375622367
95.41, 96.14711064691622, 91.61021644804315, 90.89008905800088, 91.06006104483416, 89.55381000961708, 89.68211514148622, 89.95840532917747, 92.10492584647734, 91.74391568335712, 89.67141753568704, 88.24767878251737, 88.73828583491182, 86.41071062469021, 86.50347233358772, 86.1051712694781, 86.17263104350228, 86.89495684304724, 84.52382558249198, 85.8926009680988, 84.73326827916155, 84.32939815556858, 85.82486939312408, 86.51676117176326, 86.81777470199246, 86.81777470199246
96.56, 96.34791714748236, 97.67398341704475, 96.71346017232828, 97.36878070012318, 95.91414153993011, 94.66081963378714, 91.04826502814782, 92.23424196556422, 90.40834187005684, 90.7783271903719, 89.77379498642756, 90.80175022915431, 89.81203107916251, 89.81483338887625, 90.40874133159141, 90.3013185490944, 91.92074725872949, 92.65466785012337, 90.24673751185895, 86.54552395053271, 87.88270788236917, 88.26241133188495, 89.68179293507673, 89.25661209367951, 89.25661209367951
97.68, 96.26536991414267, 95.33246196412561, 94.09933970714262, 90.19424041067288, 87.5457043164211, 86.12750216464597, 85.4829156262004, 84.10845337987462, 85.25911298499855, 85.67588852209451, 86.06949158220729, 85.32246949922316, 85.81502052580596, 86.13999625236733, 86.93091589898702, 85.88922846168357, 84.50371598688248, 85.79266518243276, 85.08103896534973, 85.42814160353528, 87.51694677986318, 86.06048334148632, 84.98406826740512, 85.3649177227239, 85.3649177227239
95.94, 94.26328717294788, 96.31456889605415, 93.37483748496908, 94.37682085690928, 92.65132719164424, 91.92683581401236, 91.928004836858, 94.15532230853223, 94.27861765542616, 93.7549205609202, 93.94990961006707, 94.89007709817602, 95.03101700271995, 96.01543411779903, 97.00296412936754, 91.80480492067622, 92.11280752018861, 89.56441634497409, 89.28662698613483, 86.88432788444648, 87.09502017058236, 87.29268828250547, 87.12152194912468, 86.00820244268536, 86.00820244268536
95.79, 92.76081467360152, 91.30589764802318, 92.2019763274106, 93.31308831630304, 95.90966494688178, 95.21021220113856, 93.63577753601979, 92.65595336041173, 93.42653551300721, 93.87282564805199, 90.73581889668566, 85.00796617836136, 85.81502052580596, 87.74197421627484, 86.07858866789033, 85.88922846168357, 86.01553425205086, 84.52382558249198, 85.8926009680988, 86.4764071064742, 87.98050722850058, 85.51102741609411, 86.4682364940162, 86.59842059524891, 86.59842059524891
96.0, 95.10024340006971, 93.53795324707534, 93.30601972981783, 94.0444200416202, 95.3804674668913, 93.7136306568797, 94.08508188722419, 92.21039506000655, 91.75749178009379, 88.29745718240889, 88.68712425561627, 88.8436664560697, 89.29009266607929, 87.17410023145955, 88.38708974089703, 87.45400991790174, 86.77091888572335, 84.52382558249198, 85.8926009680988, 86.88689369131103, 88.15639766112865, 85.82486939312408, 84.98406826740512, 85.86699305278361, 85.86699305278361
95.44, 95.36641998799595, 96.210054249415, 96.00903904203389, 96.36228150922658, 96.03197829867226, 96.18087379349981, 95.98242497551834, 96.40708612023045, 95.38091420176728, 94.4286295487789, 95.99973479871302, 94.78892502013551, 93.7269629838521, 94.98914793781424, 92.92300497078831, 89.65436202645652, 89.55606492457272, 89.95753317558074, 88.39516379541415, 86.76332439158172, 86.69370583681862, 86.66899807013957, 86.44122106664149, 87.77720028533976, 87.77720028533976
95.72, 95.90248983946691, 98.34290106617128, 97.94441428675512, 94.98107691554107, 95.23723958667419, 93.07128813626946, 93.83680897144927, 92.77799075665905, 92.75641173666969, 91.61469864660157, 90.75369002139557, 89.26663782425463, 87.95194618261787, 88.89767232119277, 89.59023854015608, 87.98276959288732, 84.50371598688248, 84.52382558249198, 85.8926009680988, 85.4923468889998, 87.05717806180978, 86.2181855238756, 86.22494615907937, 86.4795416836827, 86.4795416836827
95.57, 95.82635899418842, 96.63820649776218, 93.9561291384811, 92.61370409211966, 94.33922929588006, 86.06587808534296, 85.4829156262004, 86.62292748191868, 86.99607901553323, 87.42317607144264, 87.731178342432, 86.09129160121871, 86.44624417994669, 88.39780739781284, 90.08792038589287, 89.24107772905707, 87.72845660477257, 86.58034258725932, 85.8926009680988, 84.73326827916155, 86.5783230749624, 87.35019117213321, 84.98406826740512, 87.0330718804961, 87.0330718804961
95.81, 97.12496753955595, 98.59101212537328, 94.48197027546853, 85.25147394837903, 86.79173477266986, 85.51515516247224, 85.4829156262004, 84.10845337987462, 85.25911298499855, 85.67588852209451, 87.41587882360638, 86.09467340783021, 86.01802061917954, 85.2316205495756, 86.3693936929705, 86.19974209917488, 84.50371598688248, 86.46564661800512, 85.03352403969792, 84.73326827916155, 84.32939815556858, 85.82486939312408, 87.32444823535975, 86.06365671207723, 86.06365671207723
96.46, 95.72082536304922, 96.61628983397149, 95.40354564616462, 95.25005311827782, 97.1589956474254, 92.63533289882321, 91.9820942212947, 89.20043048735624, 85.25911298499855, 85.39369161843912, 86.63740699809286, 87.83406446151389, 85.28148423053507, 86.47130734198747, 86.59564455560816, 85.88922846168357, 86.93747730453798, 87.47999207566917, 86.94609034652159, 87.9460522068685, 90.0516504305772, 89.83549010777564, 85.83616801092329, 87.79960997411247, 87.79960997411247
95.85, 96.83021478214594, 97.54035145735902, 96.82670530999356, 92.62859336288511, 89.72487489664918, 88.18599714563885, 85.4829156262004, 84.10845337987462, 85.25911298499855, 85.67588852209451, 84.17834927434514, 85.00796617836136, 85.81502052580596, 87.33532283695114, 89.01883232174504, 89.24893245127322, 88.98621267317972, 90.39320852603235, 87.78089226868816, 86.65554151059001, 88.35472479108324, 85.9649841691675, 86.16673124689649, 86.64235747873752, 86.64235747873752
96.13, 97.02949519807956, 97.0093067826632, 92.78019764288425, 93.48353446945517, 93.58309960908839, 91.69381769535255, 90.91939020051238, 92.46491272981392, 91.86836508615066, 91.82814819072651, 91.01047575799545, 89.5540073030106, 88.28285956616661, 84.31369739456835, 85.81228590185795, 85.1535544183552, 84.50371598688248, 85.5815197241015, 85.84325196092476, 84.73326827916155, 84.32939815556858, 85.82486939312408, 87.39460659000898, 89.46875862430542, 89.46875862430542
95.84, 93.91734747818629, 95.26227580243909, 92.91554819045218, 90.27558430195602, 89.8664480189088, 89.02700869543249, 85.4829156262004, 86.81041001421788, 88.00122808599087, 86.09150870379689, 87.50899625697494, 86.8566724300674, 87.51058154702838, 87.53774477845667, 86.0093897752875, 86.04096053458505, 87.38188687949491, 89.20572637381923, 88.04771804017435, 87.98690660888819, 88.62224536487284, 87.1386471525282, 87.25055839660733, 88.05370829461292, 88.05370829461292
96.66, 97.02513832312557, 98.6527499402261, 96.981452155579, 96.16786632664974, 98.08865515885776, 97.48064092152488, 97.57308829154557, 98.0449550885145, 97.83189026714274, 98.56756845529341, 99.58439457103145, 99.43672206857849, 94.44848209476213, 96.11052858159893, 92.09459970945667, 88.77870698641793, 88.08429549052278, 87.60102992240327, 88.32497326673236, 87.67414466219005, 86.73789654076545, 85.15523521280797, 84.98406826740512, 84.18839048711607, 84.18839048711607
95.22, 94.49802670940186, 94.69474741717191, 92.66684274291643, 91.0986261718387, 91.5702519297566, 91.87936557513183, 89.69758253150914, 89.3372315458874, 87.64753247254126, 85.50903111042057, 87.19340248514847, 87.26066300499127, 85.81502052580596, 86.00664552431643, 85.95669988470777, 85.43139328412532, 86.96115012489258, 86.04796171754246, 85.8926009680988, 84.73326827916155, 85.76610263116945, 85.82486939312408, 85.6491830431811, 84.18839048711607, 84.18839048711607
96.48, 97.18799537552803, 97.00088089213338, 97.67448708329655, 92.76810059395551, 86.48203584742804, 85.48961899980043, 86.15820287553358, 85.85155970979365, 86.23120119120848, 86.76546971742658, 84.17834927434514, 85.00796617836136, 85.81502052580596, 86.10291624667569, 86.76165264178023, 86.17837435918818, 84.50371598688248, 84.52382558249198, 85.8926009680988, 84.73326827916155, 85.98441003046382, 85.89070489369051, 85.42323120873449, 85.15441717389939, 85.15441717389939
95.49, 92.7691879364065, 93.58485448733838, 91.55124074187923, 85.25147394837903, 86.7815102568325, 85.48961899980043, 85.4829156262004, 84.10845337987462, 85.25911298499855, 85.67588852209451, 87.14453988996173, 88.11335283867224, 87.56437039364984, 88.59010773812287, 87.2210897980949, 85.88922846168357, 87.01087737196865, 87.92042204979153, 87.0989927542914, 88.24085160835543, 89.41721476091799, 88.5484578168872, 90.16738957461357, 90.449907990815, 90.449907990815
95.63, 92.4108307782702, 92.89710363438243, 93.89617507754188, 95.17930711888555, 96.57768853250481, 95.87524610896699, 95.77400960345987, 96.36155432655087, 95.33007947456875, 94.94394945780242, 96.22153856779812, 96.3868153381449, 93.62079608060624, 95.07400203261514, 95.02963685090627, 94.62082248304183, 95.78005856992345, 96.66864247790504, 94.91710642601792, 94.44011391511553, 95.77604731765192, 95.63939719196495, 96.58594231602356, 93.68526646065263, 93.68526646065263
95.73, 96.251064951138, 95.25678228003733, 94.69344631940254, 93.81038170807923, 95.82921958971002, 96.22073705057058, 94.36129880261547, 95.57967864945802, 94.15855421008364, 94.44767287336602, 95.29832151150981, 95.01500068551339, 92.83479407655065, 93.27991678499832, 95.0328099739422, 92.98954471373855, 95.00357665955443, 96.8003565207976, 96.69871491319051, 92.15892662577552, 92.84864044018495, 91.11015477190537, 92.62358727777267, 91.30854126904092, 91.30854126904092
96.34, 97.79011253776413, 98.40524867733696, 97.095453206504, 97.11773755482365, 96.26324131222735, 95.92870090104256, 92.17476651975134, 94.69102055051634, 93.23932411636866, 93.58934492109879, 94.61793260936506, 90.99387657065563, 91.17074216319696, 92.01434894570549, 92.42212892195015, 89.63946133076738, 88.89543553950843, 89.20390981293825, 85.8926009680988, 85.6927683933297, 84.32939815556858, 85.82486939312408, 84.98406826740512, 85.11537515833685, 85.11537515833685
95.56, 95.67229484412042, 95.38549729217091, 95.69146734550723, 93.6222017569651, 92.89490984080997, 91.09392505671998, 85.05359040580774, 86.23675642010112, 85.25911298499855, 85.40119584989732, 86.00353210559184, 85.00796617836136, 85.26804743351346, 87.15378910911826, 86.17575436297346, 85.78676944390814, 85.68782215568896, 85.53541031488949, 85.8926009680988, 84.73326827916155, 85.77483292652707, 85.82486939312408, 85.48483991555288, 84.18839048711607, 84.18839048711607
96.09, 97.3963002885812, 99.76642860272112, 96.35749731651309, 97.3987653073268, 97.86439495812087, 95.41141983007365, 93.8496555077353, 95.72277229865254, 94.11260714304235, 93.21471213548709, 93.64266381059765, 94.76660659672352, 90.47618589854024, 87.66963469974793, 87.46081198928862, 86.71211102300799, 84.50371598688248, 84.52382558249198, 85.8926009680988, 85.61563631769664, 86.05867946017236, 85.82486939312408, 84.98406826740512, 87.1744254957795, 87.1744254957795
95.45, 96.18378387741684, 97.86031618206059, 96.30618557661248, 96.72856941656993, 98.1259094443149, 98.51116677388218, 97.93102938915226, 98.52399612959725, 99.79060475152835, 99.24494359425965, 101.6435222789019, 98.04503369005845, 98.74369476912243, 99.4262402741661, 98.86969902665118, 94.81100757024132, 94.18163810127206, 96.01476969978457, 95.90151963843485, 91.92969150780972, 93.66345900581288, 93.0454841739884, 93.93238061593576, 92.04411471757089, 92.04411471757089
96.5, 91.88212064935082, 89.83323049302727, 86.95006087730316, 85.41326670792147, 87.14942559681008, 87.28921963788184, 87.47615784238356, 87.43488090764431, 88.37136930221853, 85.084238058078, 84.17834927434514, 85.00796617836136, 85.81502052580596, 84.31369739456835, 84.75618479052292, 85.88922846168357, 85.35016368977999, 84.52382558249198, 85.8926009680988, 87.11464551422338, 88.91874148391473, 86.1363750737769, 84.98406826740512, 84.18839048711607, 84.18839048711607
96.48, 96.35032383298015, 93.8764489020229, 92.96765677537617, 91.97182475155645, 94.20961311810483, 92.55712092756033, 90.33873572258231, 92.6483305657324, 93.74436112216394, 92.78322131718618, 94.75392469769247, 95.36771207857116, 93.95527082591936, 95.20052888351475, 96.74464948970021, 91.62799897198526, 92.81891712284354, 94.09056794440224, 93.56338402020694, 89.23314274594605, 88.65662149854002, 89.15934027306832, 87.78465613494117, 89.22208581101168, 89.22208581101168
95.92, 94.89048157697657, 93.75363531988974, 94.56734782783998, 92.99903392930256, 94.65828876484744, 94.53319337875415, 94.45476532276115, 94.90514083458253, 93.42360456579523, 94.24279023963764, 90.00322462558015, 89.11019231318849, 88.15977939294261, 86.41852849811555, 85.2428701310535, 85.88922846168357, 85.27498100108423, 84.52382558249198, 85.8926009680988, 84.73326827916155, 86.92660379631968, 85.82486939312408, 86.02505601694999, 87.97188561401586, 87.97188561401586
96.91, 92.72803521362142, 90.5306851669261, 89.12805430068349, 89.223965621805, 87.74308793219123, 85.48961899980043, 85.46204252730669, 86.15900736765153, 85.25911298499855, 85.42127890309443, 88.0009821768836, 85.14071517920027, 85.81502052580596, 84.31369739456835, 84.75618479052292, 85.88922846168357, 87.69859452695869, 88.61697166532083, 87.32388837799533, 87.1403956540406, 89.30879700693585, 88.3841288599091, 87.00856283432036, 88.42780703882697, 88.42780703882697
95.53, 91.70452169039184, 92.48523071169701, 90.0703697787374, 90.83292286574121, 90.48540248262445, 88.87118308099406, 86.0704271375503, 87.22451271179567, 86.60926686152175, 85.41259183778516, 84.17834927434514, 85.00796617836136, 85.81502052580596, 87.84628453402023, 85.28291935769077, 85.88922846168357, 87.24246508432807, 85.80130175441522, 85.8926009680988, 85.91253881318232, 84.32939815556858, 85.82486939312408, 85.26704165937203, 86.06768399038714, 86.06768399038714
95.95, 92.8310607874299, 90.72747729880356, 89.91522078902601, 90.52879881078847, 90.95929265594714, 89.68419745582544, 90.61264554640861, 92.06675998392573, 93.09010414423507, 91.64586457963077, 90.93053514974424, 90.70201861340966, 88.85952190674537, 89.71664124727909, 90.1538066104092, 90.39768886921613, 86.20544833488167, 87.88124977731655, 87.79646952519026, 85.70292834845297, 84.32939815556858, 85.82486939312408, 85.69521266256584, 86.62544278593974, 86.62544278593974
96.86, 95.8844949359279, 96.28128877673653, 94.77044852808262, 93.25459735804579, 92.44163258245864, 92.63885891715869, 91.00338573133429, 93.14101048064654, 91.39960185115311, 88.76795694596424, 89.64877817965471, 91.03756113760592, 90.75939194218611, 90.82635483412072, 90.49213034204973, 88.78548202170764, 89.28445327040684, 90.13876330439666, 88.12759752460096, 87.84097394272693, 86.06282774409819, 85.77407324028808, 84.98406826740512, 84.18839048711607, 84.18839048711607
95.06, 94.32444223143075, 90.11590993532053, 87.71873213199626, 88.2212512857894, 90.61921995430419, 91.27968945174604, 86.21178078821437, 87.04546805470284, 85.25911298499855, 85.59827802265409, 86.84651947888605, 88.33080081209968, 86.5595827935048, 85.821988814372, 84.75618479052292, 85.88922846168357, 87.47839851685576, 88.18864140075621, 85.8926009680988, 87.94241323135742, 85.51311178815908, 85.82486939312408, 87.41417730180196, 86.1044256475792, 86.1044256475792
95.2, 95.99244358239628, 94.53886145071712, 91.27237519652824, 91.17094283110882, 93.00112945208063, 91.93006386652962, 90.35458241434769, 91.42932788820964, 91.04676635717317, 91.51660045098566, 91.91894311519324, 89.63786527625136, 88.28917586485632, 86.1340548834549, 86.4262505802428, 85.88922846168357, 87.43627808908404, 87.2736868414948, 85.44259379730512, 86.2842536893444, 86.80738592415524, 86.31448281304047, 84.98406826740512, 84.18839048711607, 84.18839048711607
96.6, 98.12546240735116, 96.13238069498102, 93.65969892478124, 94.59099246337045, 93.76335116708168, 94.19815591395025, 92.27475949680806, 93.87397250840694, 92.4343612141627, 93.05643616261395, 92.1327465985924, 92.09155009042337, 90.52159665019342, 91.70118592343964, 87.30154188943077, 86.1459014639536, 87.16166107852746, 87.70020281454404, 85.8926009680988, 85.17487606677564, 84.32939815556858, 85.82486939312408, 84.98406826740512, 86.7130577680013, 86.7130577680013
97.7, 96.690478039331, 97.82893963308524, 94.7574732010727, 89.44991101271346, 91.36821236736509, 89.65457606528176, 90.51001500081148, 91.6195055006502, 91.71750908222758, 92.25898788002733, 93.0407824244651, 92.48538819966478, 90.47967109326737, 92.17409578212639, 92.37048228713692, 92.66509796649942, 93.61770936331475, 92.21812729962359, 89.55049084619176, 85.39775393500014, 84.32939815556858, 85.82486939312408, 84.98406826740512, 84.18839048711607, 84.18839048711607
95.89, 89.2812022244349, 89.00045985525612, 88.15453449812127, 87.43886011043048, 89.59067586000646, 89.43958745383512, 85.54800660900645, 85.40651875153165, 85.25911298499855, 85.67588852209451, 86.33864920945001, 85.66960477909372, 85.81502052580596, 86.97147147315187, 88.30214231879113, 85.88922846168357, 87.79058478088584, 84.52382558249198, 85.8926009680988, 87.16098505862512, 87.3816346938023, 87.30235052926137, 88.046156241407, 86.52890565403523, 86.52890565403523
96.97, 97.8236414572396, 98.33845709865112, 94.58148739428324, 95.46684960911857, 97.0531760757562, 91.94158197331205, 91.29772147106478, 92.63359018810047, 89.14547350577887, 89.60494287789282, 90.9918482650423, 89.76075439420413, 85.81502052580596, 84.31369739456835, 86.00556420782621, 85.79147196612628, 84.50371598688248, 86.2326081507934, 85.09227872427479, 84.73326827916155, 84.32939815556858, 85.82486939312408, 84.98406826740512, 86.94030552584582, 86.94030552584582
95.33, 96.91271335505459, 95.9163922287203, 96.35426804119673, 95.12009523338118, 97.19115144142151, 92.54306598118683, 92.82857684790928, 94.70978970933827, 93.4731110696287, 91.06188849772256, 90.46538757717065, 89.24842395385649, 88.02573735275217, 87.61584190638284, 86.46642732935558, 85.01551354753114, 86.36631663787045, 86.6375866867885, 87.19596445017491, 84.73326827916155, 85.78358516706533, 85.82486939312408, 84.98406826740512, 84.18839048711607, 84.18839048711607
95.03, 95.62884076042494, 95.14643041247929, 94.93337023340585, 95.76603722715242, 96.19719079467978, 90.61393394031869, 88.11164211519933, 88.36608770118718, 87.4257512143964, 87.6808236089701, 87.13059243997498, 85.94304990033335, 86.36587792461458, 84.31369739456835, 84.75618479052292, 85.88922846168357, 84.50371598688248, 84.52382558249198, 85.8926009680988, 85.84894254123954, 88.02011334790936, 88.1905612550389, 89.43482374067759, 90.86178156418237, 90.86178156418237
96.86, 97.55027497089061, 97.64942360271822, 97.89795878093331, 95.4697352491337, 95.16347512899246, 95.17571122057699, 96.0559825516229, 98.20854992472039, 97.5711417806909, 96.70753537267757, 96.56262947491106, 97.1745136550141, 96.85425963378536, 96.83151795118138, 97.32543408563149, 95.88859598832086, 95.06942083358571, 94.7610706101572, 94.34851706002168, 93.01276937182129, 94.00568696090255, 93.99937644928396, 90.57997178524596, 91.99339236612565, 91.99339236612565
95.77, 97.55850441626015, 99.79444265997124, 98.17724250908913, 97.75791033467448, 98.76622539198513, 97.79287823702283, 94.64428885478848, 95.34740612029893, 93.70338637683066, 92.27955004021906, 91.51565463641377, 90.3990764424605, 89.32610869866627, 90.18732799489335, 91.22672558735498, 85.88922846168357, 86.94528764698501, 86.7462456840364, 86.87440797653431, 87.4833459231544, 88.95407112959198, 87.94316374229155, 87.39269985520822, 86.16113912820343, 86.16113912820343
96.47, 92.5513963639848, 92.85531277015437, 93.2295202450962, 90.85987890529266, 92.74259111182671, 92.50748506911205, 90.06320428360482, 89.31524140153881, 88.38226948597675, 86.93239679286252, 88.34589308996269, 89.03519164237952, 89.35874311447235, 89.97309685128889, 90.17892337081555, 86.97624754901999, 87.56618361999182, 88.92437360958365, 85.8926009680988, 87.4482174850072, 89.59537307158125, 86.29695056772084, 86.74807041931894, 84.18839048711607, 84.18839048711607
96.13, 90.40879425798605, 86.1845434625999, 85.9855836954209, 85.16017874527672, 86.89465475711745, 87.50089064832682, 87.7504321367415, 89.2095376103662, 85.82394388294004, 85.67588852209451, 85.63102139920733, 86.14856904476467, 85.81502052580596, 85.84890217681361, 87.29119260718556, 87.12108433697625, 87.35797123968662, 86.6450874404825, 86.07712860465094, 87.33086593329023, 88.65491222961127, 89.31169259278091, 88.41908191218796, 90.61662026671752, 90.61662026671752
96.92, 95.17725552097299, 95.76681641525984, 95.62042446319036, 95.398828441148, 94.20302186641717, 93.09068797766074, 92.46801894102906, 91.91904932693156, 89.44927387006254, 87.87475233384173, 88.82445143906001, 86.15534356036028, 86.28048432987845, 85.06463587950394, 84.75618479052292, 85.88922846168357, 85.92194403423798, 85.00023982467894, 85.8926009680988, 84.73326827916155, 85.65427123282106, 85.82486939312408, 87.12092415242552, 86.25303594426794, 86.25303594426794
96.36, 93.88332798157435, 93.17126111642449, 93.13021641601345, 93.95215831715944, 93.8194792945414, 92.56321317200573, 90.31476003614789, 91.50552964411318, 85.25911298499855, 85.67588852209451, 87.70401269030836, 89.4678366895533, 89.01398113451467, 90.0244199001513, 86.79808421637144, 85.88922846168357, 85.5549833483226, 86.6387165038034, 85.07726459621138, 86.44831813938687, 88.03156985650268, 85.82486939312408, 84.98406826740512, 84.18839048711607, 84.18839048711607
94.44, 95.24376918471648, 96.68033975988287, 96.6374828980409, 97.04041022045496, 93.40732130913767, 91.82163325271665, 89.80330164952382, 90.97806341764147, 87.88087737112805, 85.67588852209451, 87.348987249677, 87.97527675864241, 86.98573932023096, 86.83225878567703, 87.03630844812336, 87.35295307964162, 89.00211105188163, 90.58721289788048, 85.08902023946536, 86.16278665425537, 84.32939815556858, 85.82486939312408, 84.98406826740512, 84.18839048711607, 84.18839048711607
95.28, 96.71084120537031, 99.1465891420634, 99.026835979821, 97.96932032180423, 98.23291023049737, 95.32998439176554, 95.80014897191234, 95.6170409260387, 96.42495767045288, 94.58008587439704, 96.6765969754388, 96.85516822986833, 97.61551644640893, 95.10813889577253, 92.34525657992764, 91.80513439635962, 90.39638923825142, 88.65843907284894, 87.50004764014442, 87.07964197958894, 88.85062849488862, 88.35145241175422, 86.78758743898946, 87.71715334233328, 87.71715334233328
95.44, 96.66446343074364, 95.22894694191973, 95.51235807321294, 95.91882705603904, 93.17797133511297, 92.85075970768334, 92.24733272778278, 94.33699803485261, 95.57065916081959, 89.5388512883389, 88.02476120883365, 87.40215519902361, 85.81502052580596, 84.31369739456835, 85.5228615674567, 85.88922846168357, 87.06299896999138, 87.76263329867933, 85.35349795639186, 86.43155621487068, 84.32939815556858, 85.82486939312408, 86.13353695255991, 87.78032942429557, 87.78032942429557
95.43, 92.37544066272505, 92.79146125443322, 92.21720508491543, 93.30034579375638, 93.43411419798211, 93.15295493402526, 92.51037558892807, 92.02975918825938, 92.43601302478048, 92.59741640688651, 93.33485069056634, 91.70480760377247, 91.37665897758401, 93.46385315073749, 94.7211783427574, 91.99995824244284, 92.68374845065186, 91.0620409690872, 87.21300027592864, 86.30197516993454, 88.26684560118257, 85.82486939312408, 86.79789591781709, 88.37271534955761, 88.37271534955761
95.36, 96.89017060279575, 96.07349473832078, 88.19712995802581, 87.21882963432374, 86.7874936634953, 85.63018538304138, 85.4829156262004, 85.85061300869391, 85.25911298499855, 85.87248287370726, 86.36385341931664, 85.00796617836136, 85.81502052580596, 87.13556366937726, 87.7244799037889, 88.23242047340848, 89.40594770938337, 89.51290620937071, 89.42949340911255, 86.68952932977766, 84.32939815556858, 85.82486939312408, 84.98406826740512, 86.30332369646756, 86.30332369646756
97.11, 91.93257931352935, 92.408349200086, 92.4589726600976, 93.17015876639284, 91.75431519682586, 90.14386272259038, 86.79424286488202, 85.04021545144893, 85.06279208909116, 85.67588852209451, 86.74092401763312, 87.95636979539265, 88.42826443567294, 90.42730859037255, 88.9511356250019, 87.69690385991497, 89.95003625455007, 91.41497920373686, 91.13183278128808, 92.92975294110752, 93.65790262145882, 89.94112731856998, 89.14135460674491, 89.04144721740545, 89.04144721740545
95.99, 91.13361405347712, 91.4836769938727, 89.19942196008805, 89.48465884535814, 86.32489928729775, 85.48961899980043, 85.4829156262004, 86.4855407326579, 85.25911298499855, 85.67588852209451, 84.17834927434514, 85.00796617836136, 85.81502052580596, 84.31369739456835, 85.42364728701514, 85.88922846168357, 84.50371598688248, 85.71219164825327, 85.08207929325899, 85.89317644364274, 88.18259156524323, 85.75673430051265, 84.98406826740512, 86.26125578204649, 86.26125578204649
95.71, 95.12632919402171, 95.82970710686325, 94.77506850518364, 94.81800744021956, 96.82375680127527, 95.66242076730337, 94.40749741674072, 93.96412767866441, 92.82061131309783, 86.91555206472569, 89.23512340252377, 87.45466890073584, 87.17485418162316, 88.65791318517724, 86.1352006138984, 85.88922846168357, 84.50371598688248, 84.52382558249198, 85.8926009680988, 84.73326827916155, 85.88158920001563, 85.54301945433214, 84.98406826740512, 86.54490652815363, 86.54490652815363
96.5, 95.47459037316735, 97.2147346311858, 96.45084201856142, 92.10234263533702, 91.55858202526909, 88.65253949789869, 89.28413723759225, 88.52560700740136, 87.35029102737872, 88.1038174152301, 86.86078485227976, 87.38390816264439, 87.2298254247947, 89.28808565110826, 89.85369357836208, 90.1717884172355, 89.05377508287823, 87.49656599821101, 85.8926009680988, 84.73326827916155, 85.24080670896458, 85.40409452270883, 84.98406826740512, 84.18839048711607, 84.18839048711607
95.44, 96.17981138985603, 94.15950407915322, 93.83534629524387, 91.99346287604303, 93.61373183301521, 91.95471710845102, 92.34857019582094, 89.73510111273819, 90.55808771204286, 87.85843056965243, 88.21138943696106, 87.82688145012881, 87.23849448387178, 87.31676375034804, 87.25391213746383, 85.88922846168357, 87.66826998889103, 89.81793722514882, 88.52317217527751, 89.02536671798963, 91.20275647572325, 90.19759354626557, 90.69865333588619, 91.72159595793767, 91.72159595793767
96.31, 92.68560921231736, 93.57636913965268, 92.93854055700771, 91.33321131390623, 93.68225304239618, 93.1204675852471, 90.34659437367515, 90.31285599284459, 89.55230808356346, 90.45040817267508, 92.1254356159235, 92.40311256971657, 86.37030980725632, 88.37468469644872, 87.5061835553791, 86.54224808600556, 84.50371598688248, 86.01089006225801, 85.8926009680988, 87.38856340887315, 89.78426411412448, 90.62724348905235, 90.44546450450228, 89.78727825589259, 89.78727825589259
95.95, 95.55244174720923, 96.3311847105012, 93.65397473602975, 94.63571238173189, 94.80345777196955, 93.82872380329613, 92.58183001222046, 87.35668287500788, 85.25911298499855, 85.67588852209451, 84.17834927434514, 85.05271263005169, 85.81502052580596, 87.56925893796307, 88.00329920891227, 88.83779331817969, 88.79014400655022, 90.30255483321778, 89.742925969676, 91.0244254944334, 86.1866768822757, 85.82486939312408, 84.98406826740512, 84.18839048711607, 84.18839048711607
96.68, 90.1409024941717, 85.0288856996736, 85.35649483880438, 85.25147394837903, 84.10957757803895, 85.48961899980043, 85.4829156262004, 84.10845337987462, 85.25911298499855, 85.53484065190786, 87.00027212243137, 85.00796617836136, 85.81502052580596, 85.17563049514392, 84.75618479052292, 85.88922846168357, 85.40103951767297, 84.52382558249198, 85.8926009680988, 84.73326827916155, 84.32939815556858, 85.82486939312408, 87.3935262970355, 88.40476790908409, 88.40476790908409
95.66, 92.97354740794492, 93.03437827759504, 92.17415295559685, 92.23216693521202, 93.18860289011036, 90.307648148588, 90.12231479101322, 88.20713941826833, 87.87545762677408, 85.67588852209451, 84.17834927434514, 85.00796617836136, 85.81502052580596, 86.00667889255446, 86.49023983587055, 85.83608662627377, 87.2416614068946, 87.58038021503101, 87.52273433817962, 88.25448991611013, 88.34806455888733, 87.8699289210026, 84.98406826740512, 86.31426158186869, 86.31426158186869
95.34, 93.80889535421392, 95.24427919997375, 95.08452863610512, 95.49828162795987, 95.96953140953609, 93.5739604661578, 92.1753318526124, 93.35078205516311, 87.31889287746093, 87.31686349260386, 87.80562486453121, 86.23864746493149, 85.03330993426671, 86.37743033344954, 85.82248919131479, 85.14520260954171, 84.50371598688248, 85.54952426231692, 85.8926009680988, 87.12553973679016, 88.64391119603256, 87.31258920822798, 84.98406826740512, 84.18839048711607, 84.18839048711607
96.21, 95.93581689248882, 93.74505653506952, 93.7073432942507, 92.24594731570063, 89.73791774605937, 89.59597586580391, 88.50478884015757, 89.23236568588783, 88.76285875637944, 86.13664225419276, 88.39279818990913, 89.11865822194251, 88.48170520059452, 88.9242100066232, 87.75967589998828, 85.54834243661092, 84.50371598688248, 84.52382558249198, 85.8926009680988, 84.73326827916155, 84.32939815556858, 85.82486939312408, 86.38683506648458, 87.15371164043539, 87.15371164043539
95.41, 96.69425145018197, 97.23633169154417, 97.73659309870368, 94.60230831275801, 96.68774596227836, 96.2418953699804, 96.11308508173968, 95.94556382359502, 96.24044940065923, 95.9514736619958, 96.7870607061306, 96.26568455790502, 95.86494045934326, 94.18817790370736, 95.53211739748772, 93.94979236662145, 95.21602863468894, 90.58856054007617, 89.84060374384828, 91.26741473563965, 88.99558928637138, 87.75975963537132, 86.37299950200682, 84.18839048711607, 84.18839048711607
96.78, 95.15648292231862, 89.87551851292754, 89.35486586943726, 87.49152318347177, 89.73764657437614, 89.07541750187227, 85.4829156262004, 87.60504020965139, 85.25911298499855, 85.67588852209451, 85.02298904168744, 85.00796617836136, 85.29740952158213, 85.66033093425783, 84.75618479052292, 85.88922846168357, 85.71261849508785, 87.60619395520247, 86.45803119172692, 85.67041219790954, 85.4968977983675, 85.82486939312408, 87.09320264941711, 89.60022573053557, 89.60022573053557
97.3, 97.24070715435434, 92.8312450198593, 92.0728766353552, 89.34903092704384, 86.33002237694386, 85.4351203444549, 85.4829156262004, 87.70351949565125, 86.94355592195258, 86.48696863790843, 88.44167086420146, 89.41609192273383, 85.81502052580596, 87.69039770902111, 85.7240665736745, 85.42409371319343, 86.21002636298633, 84.52382558249198, 85.8926009680988, 84.73326827916155, 84.32939815556858, 85.82486939312408, 84.98406826740512, 85.68770697938182, 85.68770697938182
96.63, 95.29993902016378, 94.8207931980497, 91.79010453455892, 92.05016599061466, 88.15852590421646, 86.40655488888241, 85.4829156262004, 87.14912947265671, 87.39007217792499, 85.89580492594521, 84.17834927434514, 85.46982144142808, 85.81502052580596, 85.43796621591234, 84.75618479052292, 85.88922846168357, 87.16265326697861, 87.52041959469122, 85.8926009680988, 86.58960496240184, 87.32330499138216, 86.65343097261488, 85.97824914261984, 87.22048459284744, 87.22048459284744
95.25, 94.73224166962537, 95.8422798998483, 92.26011363249165, 91.62706659240497, 91.71005944882528, 92.18803516191649, 90.63963518583628, 89.28615198910543, 88.8035370915828, 88.31341623880465, 87.3181339063789, 87.01808392855035, 85.81502052580596, 87.90259388000514, 88.14611110790439, 87.87688603447116, 88.18450218173723, 87.10874399516103, 85.8926009680988, 87.33736726949168, 89.35083612847349, 85.91378885928998, 84.98406826740512, 85.2306317827407, 85.2306317827407
95.67, 94.66561190179789, 94.91087889635445, 86.27628718447355, 86.88329852688345, 86.35686207251894, 85.9590744400918, 85.4829156262004, 86.3420912737674, 86.81945526424424, 87.1769199101522, 86.13126946449648, 87.2341829859002, 85.81502052580596, 84.31369739456835, 84.75618479052292, 85.88922846168357, 85.01101751951096, 85.08075163168367, 85.8926009680988, 84.73326827916155, 85.45001501478635, 85.91445680196999, 84.98406826740512, 84.18839048711607, 84.18839048711607
96.34, 95.70627870328654, 96.53711410946016, 90.43390587053044, 90.41540658719684, 84.10957757803895, 85.48961899980043, 86.07856865551821, 87.95697329388308, 88.1462956704764, 88.17302735579221, 87.40899905581749, 87.13465684711517, 86.40519560054857, 87.75963634863169, 88.64685051437353, 88.5079524926616, 89.99664699920648, 89.71382199397245, 89.85531762942472, 84.73326827916155, 84.32939815556858, 85.82486939312408, 85.99090504273336, 88.08871449042331, 88.08871449042331
96.28, 96.35397673275051, 96.84805070230598, 96.74074923158409, 94.11557364451488, 96.30308442129717, 96.48529422320676, 97.56409136131155, 98.33853463576358, 98.61550664050536, 94.72942033450454, 92.90920883886552, 92.85106948372966, 90.04737122455914, 89.77467976301911, 91.5532183248006, 92.2770484777459, 88.76838288349533, 86.95397047729054, 86.99373969910098, 86.9699320155726, 85.36715075234319, 85.82486939312408, 87.02426955808038, 88.8266671097584, 88.8266671097584
96.16, 96.46562115863583, 94.3768796668453, 93.25656866390928, 91.30715311595995, 90.28551877118133, 90.1045996588247, 88.16919259120986, 89.34184908084174, 88.41753538124833, 88.56428521604082, 89.44282417294944, 90.27205403116305, 89.54821895476663, 87.44055603076654, 89.29464083536534, 89.17583304543608, 88.85665285681925, 89.58435117581759, 88.26345475647473, 88.18076889623407, 85.0206644246697, 85.82486939312408, 84.98406826740512, 84.18839048711607, 84.18839048711607
96.14, 97.45112899772539, 99.48832387481688, 99.74703945899894, 93.74187051473326, 91.99524589282342, 89.56019026479166, 89.66993879860945, 91.57025918267641, 90.42111234907155, 88.39138530203545, 90.2337485092071, 88.44726950679159, 87.03656407323238, 84.31369739456835, 84.75618479052292, 85.88922846168357, 84.50371598688248, 84.52382558249198, 85.8926009680988, 85.99157255729331, 84.32939815556858, 85.82486939312408, 84.98406826740512, 84.18839048711607, 84.18839048711607
95.19, 96.14187632797758, 97.42076988447337, 94.06989465851208, 93.39798903774695, 94.87341489146839, 95.52125648380554, 94.36589818770331, 93.22842488552047, 93.44543437230382, 91.27179557253955, 87.76017965284805, 89.01813364531243, 89.6999116299964, 90.97770126498324, 91.98728338774622, 90.4779376429954, 91.83067160631717, 91.73746443634847, 89.16893312537732, 89.04712928485101, 88.21365568976667, 88.58013838116617, 86.32610466099594, 84.18839048711607, 84.18839048711607
95.6, 93.86665624963447, 86.966620523176, 87.70068974347828, 88.58336666526932, 90.7282140210772, 91.33327499369769, 92.08769686188386, 94.72888692604369, 94.81021904558908, 95.08554560758412, 96.31576543232167, 93.72760285725128, 93.05170151283238, 95.23010253624061, 94.58676206869404, 92.22369498955399, 93.4100267379148, 94.70095043248315, 90.30980244355774, 89.48502337333588, 91.24520566945675, 91.33037603633302, 88.94820816172604, 89.5460567092129, 89.5460567092129
96.63, 96.99972085709766, 94.39928403665174, 92.37741053397393, 93.2224592941475, 95.38439012191566, 94.14447967965566, 93.29650450116199, 95.47937423999365, 93.48398067514321, 91.81957655504696, 86.97941484995383, 86.35861818614514, 85.81502052580596, 86.4000801575253, 87.19320280095701, 85.49168159807263, 84.50371598688248, 86.60131285280369, 85.8926009680988, 87.06229106438438, 84.32939815556858, 85.25324913958357, 84.98406826740512, 84.18839048711607, 84.18839048711607
97.07, 97.09970938298265, 98.06891493193422, 94.17306816932273, 89.90399074742905, 90.34438107948102, 90.19526178311165, 88.44311407518026, 87.63467283237055, 85.57644738887645, 85.6545864725829, 85.79935900157481, 85.00796617836136, 85.33479853263081, 85.30160175160651, 84.75618479052292, 85.88922846168357, 87.88613320789419, 84.52382558249198, 85.8926009680988, 87.5248050583341, 89.06961086296253, 87.70023436551895, 86.47876510563802, 85.22137142357379, 85.22137142357379
97.36, 94.1853600389325, 95.53216549409203, 93.94866823678832, 93.67467300101283, 95.23178541891482, 95.65799187283902, 94.73186933211674, 92.12446659931939, 92.43328645939384, 92.30155429079866, 92.73660961760633, 91.14142720036887, 91.53028262365284, 92.12082621689193, 90.220320753443, 90.27648804991432, 87.48721074236735, 88.6947192465614, 85.8926009680988, 85.60695841878572, 87.00431004006685, 86.92107042318159, 84.98406826740512, 86.70583039437197, 86.70583039437197
96.6, 95.12674703672296, 97.51352836874689, 98.06326727995115, 98.9693620627655, 98.39330426573895, 97.53528996706446, 98.03490526218451, 100.49172737323215, 101.28968981598864, 99.7870363788297, 92.81969481301188, 92.93933831241384, 91.45852063730574, 90.9716857806462, 92.59811430207478, 90.29658051518048, 89.44890547515325, 85.74486751165122, 86.21787170840577, 87.18041003247622, 87.22493442148115, 87.91853683128679, 87.50609536770698, 89.92274965321756, 89.92274965321756
96.84, 89.82895352580154, 90.66418005157594, 89.01691134566772, 89.47094413717377, 91.4791988364598, 91.87282384223143, 91.31014668116022, 88.74568806293739, 86.6201851585489, 85.67588852209451, 87.09998311239488, 87.21632508264219, 85.88146556262542, 85.17237170734694, 84.75618479052292, 85.88922846168357, 86.1799438494859, 85.4005519058666, 85.8926009680988, 84.73326827916155, 85.66812149551336, 85.82486939312408, 84.98406826740512, 84.18839048711607, 84.18839048711607
96.42, 97.69565825349251, 99.83073514728969, 95.24951330406803, 95.80530990764812, 96.79899479884725, 90.62681615238655, 89.19238659300333, 89.6517107747642, 90.13098423363725, 88.45590028056996, 90.45675562107324, 91.62138487690196, 90.96379500567284, 91.32001894811626, 90.58518729704572, 90.25210611469232, 90.1841656541481, 85.73963597896346, 85.8926009680988, 87.25947526187595, 86.93099743109399, 85.79198800579, 84.98406826740512, 84.18839048711607, 84.18839048711607
96.17, 95.14555292030305, 90.9406421000826, 88.02235629918937, 85.18793622022746, 84.10957757803895, 85.48961899980043, 85.66714785348032, 86.10465978617228, 85.25911298499855, 85.67588852209451, 85.95547877786932, 85.00796617836136, 85.81502052580596, 85.98718043957739, 84.75618479052292, 85.88922846168357, 86.88811660932683, 85.46390321135249, 85.86733532394406, 86.52805593012287, 86.72965537470252, 85.82486939312408, 86.424671092483, 86.34124599892061, 86.34124599892061
96.0, 97.02528169988129, 96.35005959076929, 92.6785632953786, 92.53770492971225, 94.49869191652928, 90.22316578729286, 90.00996761161765, 92.43665149943426, 91.826200027277, 89.97808299977791, 90.65259013385518, 92.0996303305749, 92.37355704158561, 92.20538061085716, 93.17632616392324, 94.03447587704785, 95.47366641726984, 95.21909685146923, 92.6938892950059, 91.7666708568506, 91.61571024769616, 85.82486939312408, 84.98406826740512, 85.70173872919955, 85.70173872919955
96.62, 98.12472465040233, 97.83198531086678, 96.18399401769071, 96.90540120026053, 96.98228280926469, 97.01199533700412, 96.58607945283266, 98.79532423163798, 94.43542106580983, 94.70188887051225, 93.65783663854633, 94.04916186468188, 91.0633030661168, 90.06737924484972, 89.33516750287974, 89.79516623349333, 85.20248426582243, 84.52382558249198, 85.8926009680988, 87.58575047796879, 88.93251135808343, 89.59244405734356, 90.76356365806512, 92.34388787433774, 92.34388787433774
95.68, 95.8444627543121, 97.35701098205021, 93.12061985435574, 92.50079698882838, 92.03629999403037, 88.74069652066423, 85.87315911836377, 84.10845337987462, 85.25911298499855, 85.79995895293557, 86.63209187594718, 88.21111561559043, 87.65745637629946, 89.4569967144568, 84.75618479052292, 85.88922846168357, 87.92933546933757, 86.86131355042026, 87.26242967879863, 87.83764887801699, 84.32939815556858, 85.82486939312408, 86.40834644411231, 85.68440525262413, 85.68440525262413
95.95, 93.5138661617451, 95.138295426654, 87.75016693211437, 87.62587643595491, 87.75686216976005, 87.77452850399979, 85.4829156262004, 85.83735306500212, 85.25911298499855, 86.15684620575246, 87.76905252410371, 86.35598379975731, 86.47534052956867, 88.51276731010168, 86.69768397234402, 85.88922846168357, 87.04463634885049, 84.52382558249198, 85.8926009680988, 86.40604369629875, 87.83014052311337, 86.60603995313338, 84.98406826740512, 85.88794338381368, 85.88794338381368
95.72, 95.7604423543901, 96.81577291525825, 96.34928208287684, 95.93713057596695, 94.98688130117179, 95.83391191479575, 94.9827697103305, 95.40697389750187, 92.22884628541732, 90.14538630156494, 85.76131884726043, 85.89147716175479, 85.81502052580596, 85.89217223080874, 87.22455800592786, 85.68564010402363, 86.19763658012216, 84.52382558249198, 85.8926009680988, 84.73326827916155, 85.08383891575366, 85.40697379672166, 84.98406826740512, 85.74257825321233, 85.74257825321233
96.7, 97.20600560411478, 95.4267991236291, 96.03149942044763, 91.32736000639265, 91.06662687501607, 87.92344425348402, 86.92603393621971, 87.80057858992794, 87.8169110364063, 88.33980779035065, 88.60377525715579, 89.62108288554413, 87.3914529288322, 87.8208268369854, 89.28593774134853, 88.20455831921578, 87.71805051198714, 88.4150885666009, 85.8926009680988, 86.5247046806999, 87.88165267525083, 86.55454878246447, 86.7599385713472, 84.18839048711607, 84.18839048711607
95.96, 97.14841403919986, 98.14416111828051, 95.24985212985882, 95.8899733602913, 96.45756928830117, 97.15183762682246, 90.33259791572092, 88.684583535283, 88.99944886622603, 88.81183107368668, 87.93577732396368, 85.00796617836136, 85.81502052580596, 85.70012822554943, 87.5958992340581, 85.44800826393366, 86.35332787291456, 84.52382558249198, 85.8926009680988, 84.73326827916155, 86.13583202068514, 85.82486939312408, 84.98406826740512, 84.18839048711607, 84.18839048711607
97.04, 93.17583747942219, 93.84743260365951, 94.0877210959441, 93.61689809408395, 94.8800106019514, 94.30060429068676, 94.50528081408075, 96.71358910703316, 94.0391837258186, 93.6735777613363, 92.60691373711842, 91.76642612148086, 86.46254808461461, 87.49608556738553, 89.4077485636008, 87.59340795798259, 89.53433919854436, 91.3374215822315, 90.5887822226828, 91.13122778704296, 92.98626476571246, 87.0660619504722, 86.9933120115524, 88.2235258354973, 88.2235258354973
96.56, 97.36490037587745, 96.91450693056788, 96.41234071426469, 91.97948052533279, 94.12369924627801, 93.91205911550773, 92.84754545813502, 90.5813698878575, 91.5158972407757, 88.57682763275157, 88.5060351272792, 85.86401784319344, 85.81502052580596, 84.31369739456835, 84.75618479052292, 85.88922846168357, 86.59511717225583, 84.52382558249198, 85.1163326735659, 85.82052217573352, 84.32939815556858, 85.82486939312408, 84.98406826740512, 85.98985241362655, 85.98985241362655
95.35, 95.93461727494494, 97.04105860456292, 96.50766444298777, 94.32656325620525, 94.06136313057452, 89.7820207906891, 90.86660009454754, 92.75849261428031, 86.09359053217787, 85.28639059041764, 86.14701712925273, 86.59275166417207, 86.55761907385714, 87.77929731169401, 89.24417328196789, 88.69330772448824, 89.80389822764718, 88.35680522121262, 87.28227681719531, 87.1767814870456, 86.66562671906841, 85.94157455444658, 84.98406826740512, 86.05578459288743, 86.05578459288743
96.13, 96.83921282472743, 98.25020194615256, 98.58410497542626, 92.2964339754015, 87.29526422197719, 87.38218083266099, 86.55651231865323, 86.95957553873546, 87.69123019551847, 85.79002351365186, 85.09344473446338, 85.00796617836136, 85.81502052580596, 85.56244945221823, 84.75618479052292, 85.88922846168357, 87.12362958039355, 84.52382558249198, 85.8926009680988, 86.81815783490119, 86.16631622019125, 85.09321784588299, 86.56876711446154, 87.80735020894114, 87.80735020894114
96.27, 93.74015346062585, 92.67927941736883, 88.31012885510889, 89.40151953489045, 92.02953684476563, 92.53604001072102, 92.22478191081954, 94.3948991005311, 92.64126036033343, 89.38464160937457, 88.86426899727834, 90.04015857249993, 85.81502052580596, 86.21753090226012, 86.01613607954738, 85.88922846168357, 84.50371598688248, 84.52382558249198, 85.8926009680988, 87.06119221141908, 88.63576057638697, 88.15156415662993, 88.62980095228058, 90.22925968883496, 90.22925968883496
96.43, 96.09879185638673, 96.07393152552211, 95.36035793642836, 88.71904290698181, 88.27496792536007, 86.49728038863489, 85.4829156262004, 84.10845337987462, 85.25911298499855, 85.67588852209451, 87.0364553797303, 85.05184263227045, 85.81502052580596, 88.02967298197046, 88.14502125536701, 85.88922846168357, 85.40009939354222, 84.52382558249198, 85.8926009680988, 85.45289600580236, 86.59236613732116, 85.82486939312408, 84.98406826740512, 84.18839048711607, 84.18839048711607
96.1, 96.48779244251132, 95.96286966766252, 96.23407217965625, 96.41765659763965, 97.7149363477627, 94.24121232671612, 95.0022330595805, 97.28082780015843, 96.89232220422687, 96.14885557146465, 97.19307287295543, 97.07249433488526, 96.35003086449541, 94.6913027924203, 95.36738124617914, 91.43842851487433, 84.50371598688248, 86.14560946835455, 85.8926009680988, 86.70130842511485, 86.07405042000318, 85.82486939312408, 87.56989876338929, 84.18839048711607, 84.18839048711607
96.18, 93.90304897479155, 94.21791523788556, 93.62786102803668, 92.49380400003844, 91.79758339791306, 89.3450532553924, 87.78261392641609, 88.86347931437857, 89.40062165668084, 89.03095240759447, 88.0434689169753, 85.81008691500332, 85.81502052580596, 87.79210173755362, 88.33114970644517, 87.5708648328379, 89.25865890427544, 88.8328078298519, 85.8926009680988, 86.62786082602096, 88.7023481885451, 86.57144034381407, 86.25448449071328, 85.67524807284778, 85.67524807284778
97.43, 96.32955141998161, 97.97312228489704, 97.56578994656236, 98.78102252479036, 100.62437338021687, 100.0447772491196, 100.45676421900271, 100.40449220583488, 97.86941526587432, 95.4494058548384, 93.47360156809049, 94.03488877382233, 94.39212695000575, 95.22948957402221, 92.25512933109849, 88.4722084290958, 85.17872999120117, 85.92272153071083, 85.8926009680988, 84.73326827916155, 84.32939815556858, 85.82486939312408, 86.85094813559492, 88.6444424932465, 88.6444424932465
95.54, 94.3937916513013, 95.12288139945478, 92.50242589481462, 88.14756398443198, 90.53356314648404, 89.38488524900934, 89.14209699968563, 85.10588075977232, 85.25911298499855, 85.67588852209451, 86.80101787913573, 85.51160938521032, 85.81502052580596, 84.31369739456835, 84.75618479052292, 85.88922846168357, 85.97786521991694, 87.78802870329247, 85.8926009680988, 84.73326827916155, 84.32939815556858, 85.82486939312408, 86.99498817837444, 85.60858978838225, 85.60858978838225
96.66, 90.71001500318836, 90.34006053813256, 89.59584801228789, 86.75589415526574, 84.10957757803895, 85.48961899980043, 85.4829156262004, 84.10845337987462, 85.25911298499855, 85.38187211907385, 84.17834927434514, 85.00796617836136, 85.6210528027325, 84.31369739456835, 86.32152666441976, 85.88922846168357, 88.1662805445767, 89.96228219383391, 89.73349400429198, 90.36512315806837, 92.19396310006502, 90.63268094796015, 91.11576722969693, 92.3985210577236, 92.3985210577236
96.8, 90.8885284368863, 92.612456911451, 89.58554801275498, 85.25147394837903, 86.23742323245325, 87.29408629808952, 86.63164727803574, 88.75093237559842, 89.92117189136661, 90.29081259244393, 90.70402433198578, 90.33379239969223, 89.58745591721588, 90.80873898664197, 90.54861176445984, 89.41826220262104, 88.53554343050114, 88.84402828274806, 85.83040364335116, 86.50954832917893, 87.97273083060378, 88.6890279006579, 88.85588887822541, 90.96553285672286, 90.96553285672286
96.53, 97.48356069640481, 97.57440714924358, 97.89055717936, 99.05008399548396, 98.87981251600104, 98.99246186420983, 95.69578192636489, 93.83745973000573, 93.47714226586062, 89.48628855150993, 89.24699968498443, 85.00173254299303, 85.71092781705835, 84.31369739456835, 84.75618479052292, 85.88922846168357, 84.50371598688248, 84.52382558249198, 85.8926009680988, 84.73326827916155, 86.91565750598188, 85.82486939312408, 86.71727268322303, 86.86225965272003, 86.86225965272003
95.94, 96.8738717500198, 99.22390397990239, 96.92994602928745, 95.51076373457862, 97.68849746448377, 95.42469973305985, 93.50187522489067, 95.12807278659572, 93.02535498238548, 91.49164455775015, 92.94913140484974, 93.59448654199058, 91.35710517516782, 90.41824540390063, 91.02386720131308, 90.89288343948216, 90.59987089330482, 92.74725487919473, 90.12909086187977, 90.90381420052992, 92.16471576575952, 92.69727767892776, 93.69913643025066, 95.14284407118906, 95.14284407118906
96.77, 94.81953074276878, 93.64614385274008, 92.7165351321325, 92.8468951952369, 93.69164530385734, 90.24856922552003, 88.20412886208335, 89.87365301544922, 89.52332404775746, 85.67588852209451, 84.17834927434514, 85.00796617836136, 85.81502052580596, 85.77511359830902, 86.3603889159195, 86.727322362004, 86.2145675791294, 86.67809483267928, 87.05714034039207, 88.81186616336338, 89.9992774192656, 85.32324352458691, 85.42846962785406, 87.42705997843869, 87.42705997843869
96.84, 96.05759109820846, 97.1452312362327, 95.4322762140603, 95.89724910888513, 96.83450213859152, 96.2048871916483, 89.39465402402102, 87.45293583020907, 85.25911298499855, 85.67588852209451, 84.17834927434514, 85.00796617836136, 85.81502052580596, 88.0762592233939, 86.8409067664865, 85.88922846168357, 84.50371598688248, 84.52382558249198, 85.8926009680988, 86.4632773357936, 87.33059425905563, 85.86402589979794, 85.41495070978439, 84.18839048711607, 84.18839048711607
95.8, 97.35264157220425, 99.00617488635791, 96.41554100929233, 96.22155734778829, 94.72142303153466, 95.29327244981098, 92.44677081872707, 93.2744594740975, 91.11414550875709, 88.22825089972127, 90.15804130764549, 90.71813099503319, 86.6122208178021, 84.31369739456835, 85.42792264248021, 85.88922846168357, 84.50371598688248, 84.52382558249198, 85.8926009680988, 84.73326827916155, 86.28830320009321, 85.82486939312408, 87.4062179803483, 89.4214299972232, 89.4214299972232
95.73, 94.03947131371127, 95.29975482825304, 93.98269166844892, 92.86035584733513, 95.41248549461127, 90.66428822599937, 89.35569296620557, 88.6421173449698, 85.25911298499855, 86.04997969244545, 87.16943473224808, 85.00796617836136, 85.81502052580596, 84.31369739456835, 84.75618479052292, 85.88922846168357, 86.89252619267991, 87.16583775022544, 85.8926009680988, 87.6353045096454, 86.22673847012551, 85.82486939312408, 86.09083899336812, 84.18839048711607, 84.18839048711607
94.9, 95.49349033913538, 96.79428303378162, 94.60124073137223, 92.06684301329581, 94.49176694795906, 92.76946005650592, 87.89708377575273, 88.80273690964812, 86.7386882410186, 87.06002481045768, 86.37464207919733, 85.77909158816799, 85.5569636760618, 84.31369739456835, 84.75618479052292, 85.88922846168357, 84.50371598688248, 84.52382558249198, 85.8926009680988, 87.35197550994523, 87.29506903493152, 85.82486939312408, 86.04980798378638, 88.58710408068895, 88.58710408068895
96.17, 95.6677907830127, 97.88768558884311, 98.12191974587363, 97.30522313225228, 96.20742187515395, 93.86984786218102, 91.47120242149019, 85.6707586871107, 85.23856148990126, 85.67588852209451, 84.17834927434514, 85.00796617836136, 85.81502052580596, 85.68853804462813, 85.67624774691329, 85.88922846168357, 84.50371598688248, 86.55796089728716, 85.8926009680988, 86.68730805057193, 86.7223655350089, 85.82486939312408, 84.98406826740512, 84.18839048711607, 84.18839048711607
96.38, 97.15815882732875, 98.02554568960628, 91.62144822587287, 89.10816332218945, 88.01790866087377, 86.99049497344456, 87.84208572588558, 84.10845337987462, 85.25911298499855, 85.48905227861275, 84.17834927434514, 85.00796617836136, 85.81502052580596, 86.4025368361019, 84.75618479052292, 85.88922846168357, 85.56812613718562, 86.46005515255513, 85.8926009680988, 84.73326827916155, 85.46521779475759, 85.82486939312408, 84.98406826740512, 86.38064967905416, 86.38064967905416
95.47, 91.45315323641313, 93.00926641123931, 92.73680676733746, 88.72847620915144, 89.55767113990231, 90.22016742304923, 89.12257515292481, 84.10845337987462, 85.25911298499855, 85.67588852209451, 85.39522290037402, 86.5922722340669, 87.16252660955152, 88.9911410437673, 86.34194896344323, 85.88922846168357, 87.77128615237825, 89.03296396212329, 88.15142855946468, 88.10809216407645, 85.3150440680163, 85.82486939312408, 87.14563908044894, 85.07952240458484, 85.07952240458484
95.22, 95.53526002294774, 94.29181539605656, 91.44913411530344, 92.56405830176723, 84.10957757803895, 85.04361271366993, 85.4829156262004, 84.10845337987462, 85.25911298499855, 85.67588852209451, 84.17834927434514, 85.02002069563342, 85.25324925307862, 85.71104561137967, 85.78995308590252, 85.88922846168357, 87.33146458850145, 88.74253915078181, 85.00174051020083, 84.73326827916155, 86.04526797391745, 85.82486939312408, 85.46307240626282, 84.18839048711607, 84.18839048711607
95.68, 91.47125198256853, 91.24595671623418, 89.3149503435902, 90.10780238030291, 85.53519787798632, 85.48961899980043, 85.4829156262004, 84.10845337987462, 85.25911298499855, 86.05364816885866, 84.17834927434514, 85.00796617836136, 85.81502052580596, 86.304163447701, 87.8786326722306, 87.11222121077908, 88.51662742814223, 84.52382558249198, 85.8926009680988, 87.20371132929202, 84.32939815556858, 85.82486939312408, 86.77674453443149, 88.2130471957126, 88.2130471957126
95.31, 94.2209897995876, 94.36216041858137, 91.86138093019768, 91.36672853842798, 92.93978596541646, 92.03512231192371, 87.34299827274835, 86.47375527851378, 86.05823310360235, 85.67588852209451, 86.21030005562703, 87.49254737861588, 86.43044976828656, 85.15893264756542, 84.75618479052292, 85.88922846168357, 84.50371598688248, 84.52382558249198, 85.8926009680988, 87.7770387985119, 85.0491128916127, 85.82486939312408, 86.13189337861797, 87.55127576326805, 87.55127576326805
95.78, 95.72750633463083, 94.18904524419807, 94.02361233660073, 94.73100908183746, 96.84719469747104, 97.1823008168278, 97.8553789887169, 98.47964886875974, 95.80825068469446, 96.26507591338188, 95.53808499479496, 90.91231506100068, 90.19347552299828, 89.62603554063212, 84.75618479052292, 85.88922846168357, 84.50371598688248, 84.52382558249198, 85.8926009680988, 84.73326827916155, 85.79276355680847, 85.82486939312408, 85.25730475457861, 87.35445551784738, 87.35445551784738
97.37, 92.10667734479838, 92.82926305475121, 93.50027631313036, 93.78681523938337, 94.82984433542931, 94.12878717213444, 94.37954397435718, 96.5978540860719, 94.82707388518718, 93.74937498104241, 92.2164089823508, 87.72707561202792, 85.59367113197867, 84.31369739456835, 84.75618479052292, 85.88922846168357, 85.22937637414886, 86.16124455653964, 86.26551600743228, 84.73326827916155, 84.32939815556858, 85.82486939312408, 84.98406826740512, 86.33602132950622, 86.33602132950622
96.62, 92.77209427432207, 94.22420342803464, 92.30983280404675, 92.55195967004998, 93.58278873891405, 92.99322815833771, 92.88812247116587, 89.93256712823464, 88.72431410218145, 85.67588852209451, 86.24924536472525, 85.00796617836136, 85.81502052580596, 84.31369739456835, 84.75618479052292, 85.88922846168357, 87.45206069139057, 87.42262555842981, 86.74265036653728, 85.44145494439383, 86.78245918665817, 85.82486939312408, 85.37416418497561, 84.18839048711607, 84.18839048711607
96.56, 91.78818276031845, 92.15925723311895, 89.66224378605507, 90.65680411744499, 90.73622448277864, 91.38145580660061, 89.99264280636294, 90.69973761295229, 88.18670817044833, 88.49872793526788, 88.39286123374225, 88.7745267303173, 85.81502052580596, 84.31369739456835, 84.75618479052292, 85.88922846168357, 84.50371598688248, 85.40258415151727, 85.8926009680988, 85.76327319766548, 87.03791856149283, 85.90318920823564, 84.98406826740512, 85.82543437022503, 85.82543437022503
95.6, 96.36584852129174, 97.98648108067282, 97.95576725211134, 98.05930633762901, 99.67714547086422, 100.34525462380361, 95.84411179993624, 98.1983852545975, 99.11590352940314, 97.62003352125564, 94.94647753762342, 95.99184911961622, 95.38820300213101, 93.95886445544531, 92.72708365632917, 91.31454813083513, 90.33071859047364, 88.79204721530772, 87.52451002507362, 89.07796741764908, 91.19070106294812, 91.02622597125719, 87.96247809351074, 87.3047229157153, 87.3047229157153
96.09, 91.82070729047311, 92.24469689623197, 91.44082415754022, 91.47626838362665, 92.5140834828649, 87.97999327882617, 88.18828871694245, 89.82812725674874, 85.25911298499855, 85.67588852209451, 86.15867510362601, 85.41277421472603, 85.01880340785333, 86.46195865882365, 85.00175277060343, 85.88922846168357, 87.27421465700542, 88.9434772285198, 85.8926009680988, 87.34212505490673, 86.93398840065649, 87.12201625526666, 88.22642658333136, 90.5028616694842, 90.5028616694842
95.72, 95.74574602373546, 92.08432448055716, 90.04687801698982, 90.51962275700403, 91.94091897593013, 91.15629538010299, 90.78393355570756, 90.01548434416256, 88.98627307797523, 88.6758086764045, 89.2684530412886, 88.54194959608466, 89.27714784820337, 89.09724917411326, 90.82861875105789, 90.64020109556587, 91.72738188605148, 89.03354036035978, 89.50966296007392, 90.6680109440217, 91.74203428007615, 89.10933925362238, 89.22530598401349, 90.003725711856, 90.003725711856
95.45, 93.23928374596152, 93.28011312097391, 89.93438253110659, 88.79662867377749, 89.08486995363062, 89.6881156275245, 88.88969029316705, 86.78522478580926, 86.77153390628676, 85.67588852209451, 87.74720278785905, 86.8209038394758, 85.81502052580596, 84.31369739456835, 84.75618479052292, 85.88922846168357, 87.30316282004628, 88.61720430149813, 85.8926009680988, 87.34169930113018, 84.32939815556858, 85.82486939312408, 86.13344898474578, 86.433579410417, 86.433579410417
96.39, 97.62305828109805, 98.25192926418069, 93.99985317343466, 94.1344841303155, 92.8147455841923, 93.46230799351194, 93.03360973340632, 94.84218598003638, 94.76485393267208, 91.54086930375475, 93.59568120660383, 87.67178426637186, 85.81502052580596, 87.18625318101371, 84.75618479052292, 85.88922846168357, 84.50371598688248, 84.52382558249198, 85.8926009680988, 86.19836277122225, 85.30883812024494, 85.06608491071142, 84.98406826740512, 85.60518634705517, 85.60518634705517
96.47, 95.70457437037484, 96.57077368892992, 97.2911701298791, 94.23737795848184, 93.64132607032153, 89.88645319606192, 87.46420267015907, 85.09307438710024, 85.25911298499855, 85.67588852209451, 87.91083348007106, 85.00796617836136, 85.81502052580596, 85.85579995109121, 85.26267718196054, 85.88922846168357, 84.50371598688248, 85.30210571426862, 85.8926009680988, 84.73326827916155, 85.13167270329463, 85.82486939312408, 84.98406826740512, 86.09758215640423, 86.09758215640423
96.81, 97.74040510339633, 95.99560520980786, 94.6419150552711, 94.88574320777583, 96.18061565031844, 94.16490558799653, 93.77701710057005, 94.62216419925029, 95.72278795856691, 85.44311953014746, 85.59488473018929, 86.70985505792169, 85.45139188695764, 84.31369739456835, 85.06476299783269, 85.88922846168357, 87.67034068775497, 84.52382558249198, 85.8926009680988, 84.73326827916155, 86.01189726935272, 85.82486939312408, 85.8704199287503, 84.18839048711607, 84.18839048711607
95.57, 96.01805473810072, 95.94885428854494, 96.05614325821607, 96.74448851995314, 93.78815224036352, 92.89698706191582, 91.07759936393008, 89.70062380907659, 89.40740403953451, 86.91525203534601, 88.68577429522516, 87.63699140910373, 85.81502052580596, 86.45443163684145, 84.75618479052292, 85.88922846168357, 84.50371598688248, 84.52382558249198, 85.03946495344229, 86.51099182841149, 86.188997720887, 85.82486939312408, 86.91729919878333, 87.44058955036729, 87.44058955036729
96.31, 95.22623303515415, 96.1541755972644, 95.98128796580939, 93.25090813405748, 94.59449767503197, 91.11683159569252, 91.01245803820146, 90.91555225150226, 90.21832114016883, 88.9050761775936, 84.17834927434514, 85.00796617836136, 85.81502052580596, 84.31369739456835, 84.75618479052292, 85.88922846168357, 86.184755810681, 86.03644221314904, 85.8926009680988, 84.73326827916155, 85.65634450477887, 85.07739399933996, 84.98406826740512, 85.44703803131299, 85.44703803131299
96.68, 95.01893268314988, 93.01311324550826, 90.22080244685657, 88.5959999058712, 90.72072029307922, 90.22945612772702, 85.4829156262004, 85.30069820696986, 86.55820565572809, 85.64197712523153, 88.08353719218249, 88.41799029580118, 86.73340855037533, 85.40641219039468, 84.75618479052292, 85.41502378374938, 87.24489167724781, 86.68578340098485, 85.8926009680988, 87.40136795279817, 87.20705356031038, 86.83307617196243, 84.98406826740512, 84.18839048711607, 84.18839048711607
95.23, 96.7381396711484, 98.47537229978136, 98.39356173019145, 92.05415312993682, 94.29990394497887, 93.09328587818379, 90.69412804800304, 91.47943115519638, 92.1789360087712, 87.85175273850047, 86.91490304401415, 87.00462012123364, 87.73543951524883, 88.56402778430785, 90.43614864178303, 87.92168223390786, 88.244896536966, 84.52382558249198, 85.8926009680988, 84.73326827916155, 85.4892350862232, 85.82486939312408, 87.15809690828641, 88.28766395809275, 88.28766395809275
96.17, 96.07579284247514, 95.98349350348552, 95.91191272689255, 93.58909588963932, 92.08005810203373, 91.60091555147623, 92.14927234007128, 92.91049946530404, 88.69232571943263, 87.72929764571776, 90.32811455299942, 90.40059673643117, 90.52767523504734, 91.09343757355325, 88.74746784038689, 87.28334967642118, 88.83406538037914, 89.73180854534812, 87.81088874643775, 87.48924165088954, 89.44941411013293, 87.80996804220399, 86.78439551534153, 87.60293833615526, 87.60293833615526
95.28, 95.82946939157738, 94.83123328559273, 95.70356314332288, 94.21328769491315, 94.28958614614822, 89.72827672529404, 87.9491401629222, 84.10845337987462, 85.25911298499855, 85.67588852209451, 85.09809827461586, 85.25062877802199, 85.33893047850759, 84.31369739456835, 85.1043094009016, 85.88922846168357, 86.24885321496548, 84.52382558249198, 85.8926009680988, 86.97758839983916, 86.62156276275644, 86.20104970211997, 84.98406826740512, 84.18839048711607, 84.18839048711607
96.23, 96.3266130555255, 90.57924262986737, 88.26709317379914, 88.62297195985869, 90.40826260064804, 85.48961899980043, 85.93809827130968, 84.10845337987462, 85.25911298499855, 85.20050786107748, 84.17834927434514, 85.00796617836136, 85.81502052580596, 86.6629590904049, 85.466137838276, 85.34862416778866, 84.50371598688248, 84.52382558249198, 85.8926009680988, 84.73326827916155, 84.32939815556858, 85.82486939312408, 84.98406826740512, 87.22153616571711, 87.22153616571711
95.36, 93.52861221511361, 91.24158489571576, 91.61451604882966, 90.65495469825188, 91.52259551174461, 90.46731887979725, 91.06904699234133, 88.52904295360327, 86.54277326907226, 86.2004283366171, 84.17834927434514, 85.7842777837495, 85.80963503586123, 86.05380942294015, 86.54993005552333, 85.14613602187475, 85.99808910454638, 86.01530872974634, 85.13089537196953, 85.9964926792849, 87.86429977096518, 88.19988635903626, 89.0672135012789, 89.58590643729646, 89.58590643729646
95.56, 96.46893503261413, 98.61755522519674, 96.65350857204405, 96.94748458781007, 98.91510682966172, 98.5191777034449, 98.93703527730705, 95.65540491195911, 95.48306147105598, 95.55477689692651, 88.77720418294756, 85.19315321894719, 85.81502052580596, 87.95464986657234, 88.88846546318378, 86.40441136674055, 85.75569760370415, 87.24726877376101, 85.74264122274494, 86.6857385786233, 87.06434893556956, 85.491847774437, 85.03186051687027, 84.18839048711607, 84.18839048711607
96.95, 98.17137021532287, 100.22246882046122, 100.58813375627932, 100.79718352021418, 100.29274183858918, 101.48181856210476, 98.83407351492015, 97.23408440494383, 94.29316818540143, 92.76869378718744, 93.00376996105531, 87.15239371205223, 85.6929921933433, 87.32040943566199, 86.59939706563551, 85.50585386364213, 84.50371598688248, 84.52382558249198, 85.8926009680988, 86.41663076005382, 87.33183109383543, 86.43169876955551, 85.25173897252067, 86.10703847607442, 86.10703847607442
95.53, 94.11560819977907, 89.05815447551946, 87.2012820101124, 85.74247826646429, 88.13626473112518, 88.82218244944598, 89.58000867745245, 90.52587793345457, 90.00621557322327, 87.62280266036699, 89.2100788644364, 89.98422869481867, 89.46300497174325, 91.621564089182, 91.50537907965474, 91.69609819455806, 92.24721038432818, 91.61203611496535, 86.91793179736466, 85.76536377381957, 85.95514498993062, 85.42612675390467, 85.17603964233582, 85.06619691895695, 85.06619691895695
96.77, 98.02605719198336, 96.32588373060157, 96.22830199164164, 92.03462041274896, 93.24868982558974, 91.78000165333292, 89.30894925158044, 88.86562469186542, 86.58028835937964, 87.54365334192047, 86.63809749755093, 87.82729671706194, 86.48864017526463, 86.82152815061198, 85.3455459476056, 85.88922846168357, 84.50371598688248, 84.52382558249198, 85.8926009680988, 87.33855838352513, 85.45268457565746, 85.82486939312408, 84.98406826740512, 85.89805195724723, 85.89805195724723
96.49, 95.62087288035225, 94.19448092936463, 92.33143006260843, 91.31916239348777, 89.40800238973476, 87.51948505629146, 86.22184520968236, 86.94243074623618, 88.04941171655243, 88.06330245049858, 90.53921621438988, 89.27802636131885, 85.81502052580596, 84.31369739456835, 84.75618479052292, 85.88922846168357, 88.02268780917323, 86.97592708409245, 85.8926009680988, 87.43631643660522, 88.9793790783918, 88.49297623926587, 87.9651755935488, 89.93362274530847, 89.93362274530847
97.04, 98.77469181182072, 100.6675501207069, 98.77380965622372, 96.64639452716403, 98.13391481249634, 97.51173657976791, 92.48958619455412, 87.41588816254794, 88.56856660717952, 88.15285596723069, 84.17834927434514, 85.00796617836136, 85.68909935725377, 84.31369739456835, 84.75618479052292, 85.88922846168357, 84.50371598688248, 84.52382558249198, 85.8926009680988, 87.55385347597804, 86.8304157822662, 85.82486939312408, 84.98406826740512, 85.56073765742191, 85.56073765742191
95.78, 95.98212635606924, 94.94242298018713, 93.69486140062114, 92.90483678773431, 94.82846748613659, 92.12705391963573, 90.99222207989756, 91.77409296155894, 90.33373175422591, 90.43262198716228, 91.28464200298654, 90.69211786003136, 90.63605316642011, 86.95301551726394, 88.42220112586047, 87.46918014051936, 85.63131666510823, 84.52382558249198, 85.8926009680988, 84.73326827916155, 84.32939815556858, 85.82486939312408, 85.89728462386148, 85.20310688540026, 85.20310688540026
96.99, 94.83706984900746, 92.65217058340667, 87.99348877098659, 88.63566194471481, 88.24819593299198, 85.00668920844339, 85.4829156262004, 84.10845337987462, 85.25911298499855, 85.66500823522638, 88.15415686064851, 88.973264866002, 86.2089513968402, 86.50944774256794, 87.29816115644785, 85.07461905245003, 84.50371598688248, 84.52382558249198, 85.8926009680988, 86.65013868330021, 84.32939815556858, 85.82486939312408, 84.98406826740512, 86.86108926979111, 86.86108926979111
96.92, 97.28836460398219, 97.18697287514922, 92.9181421718669, 91.56198525136003, 92.59926671072475, 91.99100950548154, 92.54273368507924, 91.05795558375621, 92.06335172383767, 88.56171304802297, 88.0141942234485, 86.17532284043989, 86.55661294656943, 86.5336589389868, 85.41982848010812, 85.88922846168357, 85.68006996485849, 84.52382558249198, 85.8926009680988, 85.78221385515486, 87.6172464348827, 87.68260543684715, 86.18553008480016, 84.18839048711607, 84.18839048711607
95.23, 93.83580898313915, 94.9725866581231, 94.2904716472761, 94.52790299776022, 96.51221910207236, 95.1988121877085, 93.70327956961853, 94.62799081895692, 87.40453506684446, 85.09299973156932, 84.17834927434514, 85.00796617836136, 85.81502052580596, 86.40878202023357, 85.0988103110114, 85.88922846168357, 86.26113347910965, 84.52382558249198, 85.8926009680988, 84.73326827916155, 84.32939815556858, 85.82486939312408, 86.77022027095339, 87.46571785919976, 87.46571785919976
97.17, 97.02704458420071, 97.5551710136811, 98.52779395388237, 95.37189414502909, 91.86735703993443, 90.63211532265356, 90.12226974666028, 91.89466587972537, 92.39530793853665, 92.14160800572941, 92.4663098284052, 93.50608999747632, 93.02994760865857, 90.97683957422558, 92.59744086252881, 92.4435800234173, 93.7358136608225, 87.57911676243558, 87.63158976331371, 88.66567363454531, 90.36332283945822, 89.88779602684006, 90.04020378198263, 90.70927868322443, 90.70927868322443
96.72, 95.79114692620873, 98.25084402213696, 96.8792007245118, 91.84927769097449, 93.7536685142056, 90.70847449221769, 85.4829156262004, 87.60063060019914, 85.25911298499855, 85.14364817058923, 85.07338869186596, 85.00796617836136, 85.00898458946091, 84.31369739456835, 84.75618479052292, 85.88922846168357, 84.50371598688248, 84.52382558249198, 85.8926009680988, 84.73326827916155, 84.32939815556858, 85.82486939312408, 85.97827650644957, 85.91198381847347, 85.91198381847347
95.7, 96.53510826916109, 96.27731285616015, 91.3423295981661, 92.27515919855877, 93.03368783678822, 90.31170699959974, 87.8847300124154, 90.2151499350778, 91.44263134481454, 88.57200253409316, 88.74661454940112, 85.0469921269713, 85.69047558209719, 85.84688680387077, 85.7285428532306, 85.88922846168357, 86.54737906983152, 87.53023658099255, 85.37803634417048, 84.73326827916155, 84.32939815556858, 85.27106666717322, 84.98406826740512, 84.18839048711607, 84.18839048711607
95.37, 95.00633122811925, 97.26807795672293, 95.63998301518201, 96.6728924881382, 95.43488357491222, 90.49351198084524, 86.26665401306322, 84.10845337987462, 85.25911298499855, 85.67588852209451, 87.03178419840597, 85.00796617836136, 85.81502052580596, 86.6700219286397, 87.82172960057805, 85.88922846168357, 86.7684187932738, 88.40228095814501, 88.06996032977527, 84.73326827916155, 86.54717023878607, 85.7077782535583, 86.01347799645654, 85.1909048905107, 85.1909048905107
95.87, 95.93819448032703, 98.13742844686352, 97.93282411432018, 96.31339046605127, 98.7682996993229, 91.14222576733546, 90.52316589906268, 91.1473133429458, 90.69265665686547, 90.929935527372, 93.3449527831737, 93.1805565767709, 89.64103960860186, 88.30255522642568, 88.68992308643564, 87.66509160852307, 87.91887771517102, 89.4813109680937, 88.26261621798915, 89.12582946760871, 89.6264399723465, 85.45006081707655, 84.98406826740512, 85.72121351927163, 85.72121351927163
96.58, 93.22572484620332, 94.79841706566422, 86.86235522922496, 86.60271357726252, 85.01778119145324, 85.48961899980043, 85.93214839419619, 84.10845337987462, 85.25911298499855, 85.67588852209451, 87.45059451177622, 85.00796617836136, 85.81502052580596, 84.31369739456835, 84.75618479052292, 85.43821994285295, 85.40071886948647, 84.52382558249198, 85.8926009680988, 86.49037324797537, 88.37343090465207, 88.32140731077435, 86.42683239218864, 87.5258919147644, 87.5258919147644
96.84, 95.05020084205675, 95.19566438855499, 93.80996049316242, 89.81208112654058, 89.92041418826963, 90.76785581677582, 89.6715537064578, 89.93889471730738, 90.69790776805984, 90.97257303638489, 90.37411571898373, 91.608685165478, 90.00434755828825, 91.47431176303499, 92.30066812147318, 88.70931834938105, 85.99522564069729, 87.28178066289264, 85.3329457890582, 84.73326827916155, 85.8147796216665, 85.82486939312408, 85.14214103182967, 84.18839048711607, 84.18839048711607
94.26, 95.1252411437627, 96.05317829596008, 92.12337855592553, 88.53818727983526, 87.04543211363524, 85.48961899980043, 85.4829156262004, 86.95973351932271, 87.0362570187711, 85.67588852209451, 84.17834927434514, 85.00796617836136, 85.81502052580596, 84.31369739456835, 84.75618479052292, 85.88922846168357, 84.50371598688248, 84.52382558249198, 85.8926009680988, 85.61194283930719, 84.32939815556858, 85.82486939312408, 84.98406826740512, 85.62281708206726, 85.62281708206726
96.32, 95.68976325658214, 97.75803788287324, 98.6706521224756, 96.02223960288686, 97.50473680411672, 97.39959177076146, 91.48345208434289, 93.66703575344246, 93.68093991108645, 88.37396129418565, 87.0604629132699, 87.68399169229082, 85.4429154251378, 85.19308264632092, 84.75618479052292, 85.1730758194815, 86.88495175283518, 87.12679170825943, 87.71412632594723, 86.26247801964597, 86.68666902715877, 87.06098691693474, 86.41428426624968, 87.91277682192762, 87.91277682192762
94.94, 93.06360991339075, 94.26735283871703, 93.82181121643197, 95.02279898089651, 95.28462721892083, 95.44115223004492, 93.71420402283988, 93.98987709128812, 92.12616104211155, 92.74673953659102, 93.7569688206493, 91.72405544772083, 89.36689433170729, 90.88674332469537, 91.89138306079663, 90.69132662022417, 92.78539858455017, 94.46196323976498, 94.98631032882983, 96.1512628756378, 98.20539309288768, 96.2574927881939, 94.40263209631625, 96.05945645496264, 96.05945645496264
96.43, 96.77674374564438, 95.08094902433149, 93.50986938057983, 92.8486754291061, 89.34745722417749, 85.48961899980043, 86.01291083286732, 85.6783218996788, 85.25911298499855, 86.15335807367934, 84.17834927434514, 85.00796617836136, 85.81502052580596, 86.17633474173388, 85.44457744914433, 85.54066051156805, 85.71558197483763, 87.26099424424112, 87.87777558926557, 87.40406648393817, 87.50095707827369, 86.7381671340555, 85.48168753911611, 86.35399092989269, 86.35399092989269
96.45, 96.17597538270493, 97.39988749310209, 96.10527561596612, 94.79223222685981, 93.68462823015729, 93.45145303013943, 94.30769481358647, 94.37166891636025, 93.23760664472599, 91.54430237658828, 93.86381451511534, 91.37890451060446, 87.9839377142424, 84.31369739456835, 84.75618479052292, 85.88922846168357, 88.00224489281747, 88.78908671752394, 88.36596554836808, 87.38190620477, 88.59703736138707, 85.62952818296118, 84.98406826740512, 85.74142494021969, 85.74142494021969
96.47, 97.54579455583911, 96.58467991008779, 96.34660414147032, 96.96610630147937, 99.37037252352332, 97.40361804754832, 98.35274614364408, 97.24796341874878, 96.27847316068846, 95.86252639414586, 97.36569617194178, 92.06995326201222, 92.04678196907753, 88.84192021198022, 89.1959006262629, 88.78653211661799, 89.41518136365761, 90.5516230693946, 85.2640080823744, 84.73326827916155, 85.00396354727388, 85.82486939312408, 84.98406826740512, 85.34317845929426, 85.34317845929426
96.26, 95.89160258188141, 98.32222710037604, 94.53263920070924, 94.96974090246619, 94.58267862765993, 94.12377530828186, 94.53696326191142, 94.62399738445329, 92.45547730066109, 90.18846811705913, 89.45097252726246, 90.59654296717969, 87.58877182318929, 87.869601826013, 88.70372772187942, 87.92108783873452, 87.51662849722887, 84.52382558249198, 85.8926009680988, 84.73326827916155, 86.68532632146837, 85.82486939312408, 87.01812430978909, 88.11703776651072, 88.11703776651072
96.85, 95.83467826336255, 93.72626491739379, 93.20721791715826, 85.32179143451559, 87.0251197704728, 86.99186367931706, 85.5281622966079, 86.83781451140968, 86.00420645107324, 85.96319935859115, 86.02562719812055, 85.99885605591052, 85.81502052580596, 84.31369739456835, 85.28567792397041, 85.88922846168357, 86.48574322612792, 85.86278420235776, 85.8926009680988, 85.2771504329275, 84.32939815556858, 85.82486939312408, 84.98406826740512, 86.10626136890511, 86.10626136890511
95.83, 95.6833749911849, 98.06876999076538, 97.52595141182066, 97.15248862635649, 99.04344545268, 96.97295047302744, 95.59908374326645, 96.8375058114319, 97.47882391435061, 97.19868312471873, 96.75494211874755, 96.66921896270404, 92.58018940906767, 92.89027065073648, 94.794788231527, 93.1704756615267, 91.11566035363902, 91.78715155927706, 91.7246667712532, 91.06897136659535, 91.3633737602035, 88.28219138651754, 89.32854556540708, 87.6727468231735, 87.6727468231735
95.92, 94.0495433661193, 92.92350694893955, 92.346523547468, 91.572930672405, 92.22536510394464, 92.38465732426718, 89.14303070794939, 88.11598726399565, 87.32531590334479, 86.40840197790361, 88.05700074068686, 88.40538404848517, 88.65102174462443, 89.56074623403092, 90.90222618174725, 88.25578499893281, 90.37795470787088, 85.73948817442981, 85.35881165720608, 84.73326827916155, 84.32939815556858, 85.82486939312408, 85.926257642916, 84.18839048711607, 84.18839048711607
96.24, 95.20488746101537, 97.22659648568514, 92.78165230804069, 91.87828797446643, 92.17859077537307, 90.6299030539334, 87.23438122190525, 88.0664597719142, 88.2216667494091, 85.67588852209451, 84.17834927434514, 85.00796617836136, 85.81502052580596, 86.61242993237788, 86.69618514536027, 85.88922846168357, 87.24299273121603, 85.923339791564, 85.8926009680988, 86.66795387655749, 88.74953829781217, 88.64356170093664, 85.9259012349471, 87.68725452289641, 87.68725452289641
95.91, 94.7231706117683, 96.89601270727529, 94.99995346825493, 95.79687576472197, 96.10709109310116, 95.82470994689746, 96.5131030913279, 95.32761390075439, 91.80238550339956, 88.56929990029748, 89.69436182889936, 88.46133619793005, 88.81436482824371, 88.73733232941619, 89.25154815046993, 87.66558390882042, 85.93627731033523, 87.73557479582547, 87.79243355894499, 85.78966052898062, 85.25771080238918, 85.82486939312408, 86.26183274411724, 84.18839048711607, 84.18839048711607
96.2, 96.68224727917236, 89.35892933099947, 88.67702831901559, 87.84782909373796, 89.94582756768351, 88.9795469946553, 87.23073386962037, 89.03690522530604, 85.10594322332909, 85.67588852209451, 84.17834927434514, 85.21798890796545, 86.06790287292552, 84.31369739456835, 84.75618479052292, 85.88922846168357, 86.1744638368981, 87.66940995633738, 85.8926009680988, 86.58672872049678, 84.32939815556858, 85.82486939312408, 84.98406826740512, 84.18839048711607, 84.18839048711607
95.23, 91.32643264491901, 87.94315274082713, 86.1139035437473, 85.25147394837903, 84.10957757803895, 85.48961899980043, 86.34951954464346, 88.4513647503686, 87.12250778737055, 86.01006223365616, 85.66235600797607, 85.00796617836136, 85.81502052580596, 85.09739579689739, 86.77212144543618, 85.88922846168357, 86.67453070416528, 88.8715916342153, 86.03565860972334, 84.73326827916155, 84.32939815556858, 85.82486939312408, 86.96325467144274, 84.18839048711607, 84.18839048711607
96.04, 96.22820957861751, 96.38049093588025, 95.48774769897416, 96.42591864548095, 96.86286750771376, 96.80824978664776, 97.92471285779902, 99.1189435152879, 99.15873927576772, 96.45851034143767, 97.27871416446732, 98.52854966492208, 97.82893091464109, 99.25887454923274, 98.6380193645096, 98.49664022916815, 97.77352753551202, 98.27455876917197, 98.15852774268376, 97.38375338648899, 94.02916112905429, 85.20813015255332, 84.98406826740512, 86.5511400384572, 86.5511400384572
96.3, 96.48044973326836, 97.41901726892755, 97.79747137554087, 97.77398867775985, 98.69530626628891, 94.66233873348204, 92.0338420473181, 92.55765704133408, 93.85548773466179, 94.19795916938124, 94.50493549061675, 94.93982668835093, 94.2122562078555, 92.92626892550781, 92.73410988299885, 89.63421146018061, 91.87442147475673, 89.91219313914209, 89.5326416398749, 89.95630149030575, 91.68633952428391, 90.49495422170874, 89.45413825755494, 89.03174379599658, 89.03174379599658
97.03, 98.34101060448266, 100.04002221846368, 99.64786689341827, 91.33900110834706, 92.52826334344874, 93.18042642732476, 93.5420834337832, 90.256098560521, 89.26171555226118, 90.11020185986193, 90.51929332590858, 88.4753532033451, 85.81502052580596, 85.91062759898996, 84.75618479052292, 85.88922846168357, 84.50371598688248, 84.52382558249198, 85.8926009680988, 85.4998976326671, 86.06963065284614, 86.42183436206152, 87.77445133316978, 86.69589697485054, 86.69589697485054
95.22, 96.44848212602255, 98.03761609602579, 95.69219749738481, 90.07255147011308, 87.27980214953142, 87.15235868540815, 86.59328135837582, 88.0937801287029, 85.74889102750394, 85.07528335064465, 87.11969506117845, 88.05706955324808, 87.63326954290362, 85.25750235535831, 85.82158246635156, 86.5241750359985, 88.3629101829987, 85.0811410713117, 85.8926009680988, 87.63582319098509, 88.12414310682409, 86.57913968847267, 85.82604752354223, 86.27080465873918, 86.27080465873918
96.15, 87.16756074663871, 87.19514165991563, 87.37317226698623, 87.10063811080101, 87.80197880952313, 85.98103796661022, 85.64773067722138, 85.64179187777673, 86.58150956401994, 85.67588852209451, 87.59473669779817, 87.23582896117209, 85.81502052580596, 84.31369739456835, 84.75618479052292, 85.88922846168357, 86.08869551667428, 84.52382558249198, 85.8926009680988, 87.8041281698746, 88.36997456776739, 88.79323525013803, 89.45688068858615, 90.77255978541278, 90.77255978541278
96.04, 94.56583923872603, 87.47144467389656, 85.81077393937677, 86.81934868056324, 88.07344039303693, 85.48961899980043, 85.4829156262004, 85.66985918335932, 85.25911298499855, 85.05397318952785, 86.46084564863786, 87.28031402533762, 85.58042860564761, 86.30772930474501, 87.58443337731222, 85.88922846168357, 87.28450601747947, 84.52382558249198, 85.8926009680988, 84.73326827916155, 84.32939815556858, 85.82486939312408, 85.95332227598814, 85.56197015071571, 85.56197015071571
96.22, 94.93411659805142, 94.77865503509287, 93.97019884419446, 93.36051566537077, 93.9283837148942, 88.53461243943643, 88.19064316070828, 89.50668457548592, 88.78284429380803, 86.42367034958686, 87.3065163302544, 85.00796617836136, 85.81502052580596, 86.22366913627366, 84.75618479052292, 85.88922846168357, 87.76753539818388, 89.07667741434949, 86.82414959671216, 85.86054878338898, 84.32939815556858, 85.82486939312408, 84.98406826740512, 86.98374214425927, 86.98374214425927
97.04, 98.60678916144678, 100.4689444846185, 101.2195854913818, 102.43161104404737, 102.7212139988679, 99.55452075491364, 97.55701505743833, 95.60110861185558, 91.2392375910531, 91.83734294568568, 93.57692325016707, 92.79669972165009, 89.48389896191469, 91.26334334180248, 92.97579036741492, 92.53163372746455, 93.7335051557952, 94.3081214484992, 93.93815816304286, 91.35049665105724, 92.75341991971314, 90.54329751603261, 90.90237743033617, 90.51750684954504, 90.51750684954504
95.1, 94.27141304035148, 96.07179796544915, 95.24813089485072, 91.33227039899093, 91.56322893945466, 90.85910327761412, 89.35764326077137, 91.68711593709413, 85.63509237724004, 85.67588852209451, 86.93522674635197, 85.57168398306301, 86.08426290752494, 85.8437714712539, 85.6658649753157, 85.88922846168357, 86.5217246443059, 86.64977376722895, 86.88368165549772, 86.71928507655103, 86.12402456176068, 85.0711210922439, 84.98406826740512, 84.18839048711607, 84.18839048711607
95.64, 96.6627061305908, 96.31088656797087, 95.81922432719088, 94.0254882637555, 91.79403339142563, 92.20923218545946, 92.5266723853467, 94.94344816341452, 94.25599001460833, 94.26002283276758, 96.65102728460785, 98.14439077557074, 94.75841851730209, 94.75083927461282, 95.93969401064348, 96.02423282231713, 93.20614182372536, 91.27270184278085, 91.55297855948892, 89.25734873619044, 89.1739914906445, 86.60307413887173, 88.23303622245035, 89.73397597182144, 89.73397597182144
96.84, 98.03171029664317, 98.07812622106022, 97.9997479793395, 97.29533554018074, 96.68309945389039, 96.46093204212276, 96.36919924570337, 98.40992730614317, 95.08190486989159, 94.30919227402957, 95.52108193770786, 96.36236487843144, 86.83583807460153, 85.26156879190661, 84.75618479052292, 85.88922846168357, 84.50371598688248, 84.52382558249198, 85.8926009680988, 84.73326827916155, 86.7590408443955, 85.17881302543559, 84.98406826740512, 85.23310435173391, 85.23310435173391
94.82, 92.24097307705539, 90.67467123322707, 89.61998749247606, 89.2519021378995, 90.32774937528032, 87.52148406609022, 87.46040348342584, 89.20070774473871, 86.98762388198766, 86.33497814188932, 87.85740412097596, 85.00796617836136, 85.81502052580596, 86.39155712910636, 86.66372101498521, 85.2309852326761, 86.58914524053877, 86.74374604711561, 86.17866576650492, 84.73326827916155, 85.43362634121142, 85.14106097543939, 85.25834217900649, 85.64232254571941, 85.64232254571941
96.45, 96.1903707740526, 98.61188749683255, 94.47825621534626, 91.60049896276404, 88.9182391349959, 88.77410253824397, 86.62075293767253, 86.97543075165179, 85.77032937508544, 86.25712169971506, 86.93476234582573, 88.43216035547434, 87.47015511775743, 85.6234586405655, 87.21248433215538, 85.88922846168357, 84.50371598688248, 84.52382558249198, 85.8926009680988, 85.97835318497386, 87.9771560762407, 88.7332586906483, 89.68765998931009, 88.35276663662398, 88.35276663662398
96.48, 96.47887615522613, 93.69865366446871, 93.69000729727735, 91.12387218758552, 89.30248775386777, 88.618065246288, 88.27390809949162, 85.32039935543116, 85.59198023191153, 85.67588852209451, 84.17834927434514, 85.00796617836136, 85.81502052580596, 85.57357389939148, 86.58355431507569, 86.1317750287724, 85.55567085029621, 84.52382558249198, 85.8926009680988, 86.75430613379781, 87.8683480151972, 88.64273805090772, 90.184142121321, 92.51112507991667, 92.51112507991667
95.8, 92.45878296854198, 92.01058250661652, 91.2431105486426, 87.70839794472158, 89.26731131885008, 89.17119109056893, 87.5054785316575, 88.07034483907412, 85.83859434504154, 85.51974588954323, 85.21565934655708, 85.32630003601295, 85.81502052580596, 84.31369739456835, 84.75618479052292, 85.88922846168357, 84.50371598688248, 85.88931000531167, 85.8926009680988, 86.4871044564632, 87.6003940898223, 87.45930652620038, 85.02000102345633, 84.18839048711607, 84.18839048711607
95.77, 96.30705275778092, 96.69672788843364, 97.45217756608288, 95.92877384965122, 97.47305765417458, 92.1857419412358, 92.36004653746026, 93.31787463264597, 93.65213406707012, 93.98246641858604, 93.60347868186973, 93.692214057136, 92.82530287799919, 91.2421529533052, 92.09772834504686, 91.05133717512247, 90.84655947162557, 89.07346348040079, 87.84900455113514, 84.73326827916155, 86.29555914428607, 85.82486939312408, 87.33760171145107, 85.87855744520641, 85.87855744520641
95.91, 96.58495132856466, 95.47903718142136, 96.08705566224204, 96.27789294543734, 97.42992612536528, 96.02169273359858, 90.0495265251349, 89.28917972336332, 89.00368053082536, 88.32101785103292, 90.45080700024357, 85.77378240322979, 85.81502052580596, 84.31369739456835, 84.75618479052292, 85.88922846168357, 85.51129464475595, 84.52382558249198, 85.8926009680988, 86.54412775712255, 88.51228754109944, 86.21792506644623, 85.01170684485285, 86.53897100439598, 86.53897100439598
95.72, 93.89560226115971, 93.49368030662792, 92.17272322848203, 91.82447661916248, 85.8731168675778, 85.99342966240525, 85.4829156262004, 87.8660254894234, 86.34063269231294, 85.67588852209451, 87.93825618148882, 85.39205104745862, 85.81502052580596, 86.67450189952014, 86.10178883206768, 85.88922846168357, 87.5569046699081, 86.74879889574164, 85.0834372140045, 84.73326827916155, 86.52026439721887, 86.0712461547412, 87.40622473214215, 84.18839048711607, 84.18839048711607
96.6, 96.96718874881044, 96.04104813384649, 94.92953986466044, 95.60557350215002, 94.89236446929347, 94.2627825241875, 93.70348016106364, 93.48582258307704, 90.62492334051142, 85.56003353192887, 87.43729710866207, 88.67712564515007, 89.49818041060668, 89.32661234880902, 84.75618479052292, 85.88922846168357, 86.54384309997282, 88.30923863982223, 88.97931537133508, 87.53821854977818, 88.34990687912635, 85.82486939312408, 85.4137777315544, 85.55809098150291, 85.55809098150291
97.4, 98.55578682183193, 97.8691954281026, 97.29826915592804, 97.30557239889504, 97.9261535458552, 97.1249960707125, 93.98523082427502, 95.96245211669256, 96.5257651342869, 97.55053206119712, 99.69702128450108, 100.76176348232978, 101.49741650247746, 101.60745250000255, 100.5461000830197, 100.96697354932299, 101.48379110045735, 103.32884048238475, 103.00109406588093, 99.95720905774958, 99.9513860549985, 98.48007460925226, 98.80807989843817, 99.45942589315474, 99.45942589315474
96.57, 95.43704620785489, 94.42787048469151, 93.5801237231314, 92.07002562891755, 88.78596284400454, 88.76419848598835, 88.98283613775968, 91.10277236280783, 91.46276928160863, 91.66632791200166, 89.92293367642866, 88.06588915530338, 87.19994716354604, 89.32124608765662, 88.56346996807653, 86.838965713824, 85.8275369992583, 84.52382558249198, 85.10401167802391, 86.84975454329435, 87.52451387238685, 87.9936736658105, 87.19905708257488, 88.00600290901893, 88.00600290901893
96.59, 95.29368918747468, 95.71823807808379, 96.08733199183419, 95.68563850208444, 96.68730624021543, 94.86471672923966, 92.40426115800737, 89.45409248998983, 88.9778308604537, 89.06907878764537, 91.22588635665451, 92.54018511363942, 93.4595176795401, 91.65093910921141, 92.98211201486635, 91.17730050424552, 92.30370644568796, 94.01490637172766, 92.9922832219759, 92.33011726180082, 90.50154720702133, 89.15814261326082, 84.98406826740512, 87.5327866241821, 87.5327866241821
97.27, 97.96394238118675, 100.46133761291813, 98.23770948122781, 97.90200982795176, 97.99711449868836, 98.68302171194847, 98.57809715744231, 99.35288222210815, 99.13733620577024, 96.00821283209639, 98.01679508504715, 92.31980270936815, 91.81906344563573, 92.23310748954422, 91.20789348245685, 90.75284718281705, 88.89128581296892, 89.30625072639212, 88.07507332314901, 88.71116756383486, 88.06793911929033, 86.08015678555563, 84.98406826740512, 86.91887409935825, 86.91887409935825
96.71, 94.47764525217784, 95.2452244254807, 94.50795106148483, 91.86743214870107, 93.88440710933982, 90.14764542304452, 90.28540463554292, 91.273448785686, 90.69035655593703, 89.17741060159295, 87.93942681643664, 88.66383020833044, 87.08636112839288, 88.53176143901547, 89.16405829033843, 87.0735374023353, 86.36786068382919, 84.52382558249198, 85.8926009680988, 86.38201156164003, 84.32939815556858, 85.82486939312408, 86.5049376603191, 87.42313898828776, 87.42313898828776
96.5, 95.04860757951667, 96.46878903569674, 96.20179633693738, 89.48398099996393, 89.86522837257425, 89.15407977658407, 87.96834385163469, 89.02014298887309, 89.0027591895251, 87.31044531863733, 88.0718897309336, 87.90879874825384, 87.44214357546161, 87.39050203535419, 86.96331933517432, 86.6247809255748, 88.22023322652456, 88.3712588641775, 88.44883690718311, 84.73326827916155, 84.32939815556858, 85.82486939312408, 84.98406826740512, 86.37454675857053, 86.37454675857053
95.27, 92.63656074925395, 91.6532852489581, 91.43438131234083, 91.1771134778085, 93.42746180335904, 91.92765733405959, 91.03611475508285, 92.44961502187785, 93.59420848238706, 85.6741529869249, 87.9229064334572, 87.50545756956448, 85.46732471494124, 84.31369739456835, 84.75618479052292, 85.88922846168357, 87.4117979388519, 89.10101909543376, 85.30804009902846, 84.73326827916155, 86.28093452480485, 85.35598463894293, 85.34151779501082, 84.18839048711607, 84.18839048711607
95.95, 95.05282784140718, 97.3836343830061, 97.78945649275337, 97.68744944695119, 99.19723419200777, 95.38078068222664, 95.58205927327874, 96.16901727784469, 94.0166122333199, 92.98460927658574, 94.98669190878421, 96.34195640118783, 93.54948561508519, 94.49723866887565, 94.44333255328124, 93.91602620766326, 92.74962539578296, 91.78724981232426, 90.49409398135738, 88.52590655570266, 87.61173195198057, 87.57452245414642, 86.16508735968908, 84.18839048711607, 84.18839048711607
97.03, 97.41414548641278, 96.3492612895702, 95.8010603542504, 94.62386797935636, 96.40938093674212, 96.1327400526883, 96.34174742349951, 96.60589260257943, 96.8769698932997, 97.19981392519493, 99.34699083466752, 98.65986005888577, 99.02602126056377, 100.30702004308728, 93.25357598132707, 91.86029991471644, 90.30222100305691, 91.47815595982071, 85.8926009680988, 84.73326827916155, 86.27366489709776, 85.82486939312408, 86.65587507583118, 88.24859614455984, 88.24859614455984
96.18, 95.6933885027021, 96.97458635266761, 96.62427730235945, 95.66765897768664, 97.09912414615084, 97.79217517440405, 96.66359395852496, 98.3949193917346, 96.2446479888458, 94.47895224547611, 93.04030456726566, 92.23337680203261, 86.58022568719069, 84.31369739456835, 84.75618479052292, 85.88922846168357, 85.79437867217503, 87.09531312987478, 86.0525016804986, 84.73326827916155, 84.32939815556858, 85.82486939312408, 85.77585748114973, 87.27703185984328, 87.27703185984328
96.39, 95.44468154745907, 96.50013741274408, 94.96909223283299, 90.62172464911953, 92.85803991064166, 91.3008361358673, 87.90911444452999, 89.1716895894394, 90.1391588759139, 90.52903467482025, 87.45973315927306, 87.0446332620038, 86.10643715228224, 85.07365266572211, 85.8311781562594, 85.3331066432589, 86.53538471855362, 88.23718540451063, 88.8828876271039, 90.47297997834791, 89.14288732987669, 89.51736198771238, 89.16359595897524, 88.44273840607525, 88.44273840607525
97.04, 95.66569159562056, 94.93648487931952, 94.45140306438827, 95.58040118908798, 96.23479054688451, 95.98726148535229, 96.87722946867973, 96.99932537321547, 98.45293124467732, 98.76550565105005, 99.01035369907102, 100.09248322131909, 99.20352560857177, 98.79596504620524, 97.9911882409623, 96.77457094726556, 95.92087040067901, 95.32364702993988, 91.46524117409689, 91.46831859935565, 93.06666843196086, 93.55066717242217, 93.03932779043382, 93.94270542886896, 93.94270542886896
96.13, 95.68753021729191, 92.5367138504274, 91.88781944611895, 90.723200515512, 90.52269578148899, 90.17047379703102, 88.89890294519314, 87.23187103848224, 85.25911298499855, 85.67588852209451, 84.17834927434514, 85.00796617836136, 85.81502052580596, 86.23051126488167, 86.14087413504116, 86.53388954630832, 87.65767307280578, 87.04414315814414, 87.28534337683594, 84.73326827916155, 84.32939815556858, 85.82486939312408, 85.53851032085078, 84.18839048711607, 84.18839048711607
95.6, 95.83365694109153, 97.86183287420448, 98.38516926649287, 98.21198714347273, 100.07941404215319, 96.64125821616389, 93.41219803770996, 95.13061933011751, 95.16184138945152, 94.1854821313961, 95.59860813385355, 92.48329500676418, 87.9377894229763, 89.08973059461898, 89.51283682048988, 88.00465138523002, 85.71110922223858, 85.57881746725441, 86.02515520672455, 87.9338598663676, 87.21122436162588, 87.38094468550393, 87.69368693541804, 86.93439426342906, 86.93439426342906
95.51, 93.987017095853, 92.403432431355, 92.4565138545183, 92.64889660467384, 93.4429998663671, 93.30281260710912, 90.15293562896105, 91.42982986661195, 89.96119870437519, 89.78110668701605, 90.95132493199287, 86.34035906354937, 85.56286603233208, 86.17766519366768, 86.18434564531489, 86.4280850230438, 84.50371598688248, 84.52382558249198, 85.8926009680988, 86.35190006852527, 88.60000999923598, 85.82486939312408, 87.26884146874264, 86.9535041487352, 86.9535041487352
95.34, 96.97682486582856, 94.80623383153828, 93.06896331502324, 91.47487633152421, 93.18051790342754, 91.81437562180069, 91.49065410799298, 91.72758147939405, 88.56853544969606, 87.66755512837882, 89.33501150864558, 88.04797840065716, 88.29015194069524, 84.31369739456835, 85.6293581601458, 85.88922846168357, 85.16525894502436, 84.52382558249198, 85.8926009680988, 84.73326827916155, 87.00668878910956, 85.82486939312408, 86.8280431395336, 87.78282097680993, 87.78282097680993
95.51, 95.84155291071413, 96.15804899516276, 94.89001425158064, 95.06690172749217, 90.76378552504312, 87.85544091954337, 85.31902227129171, 84.10845337987462, 85.25911298499855, 85.55661570789472, 86.56294954861939, 85.00796617836136, 85.81502052580596, 85.37265733281583, 84.75618479052292, 85.88922846168357, 84.50371598688248, 86.21836669267142, 86.12029571219958, 85.99079069323872, 87.57521140714196, 85.94343613641801, 85.26882630031662, 86.83609636162979, 86.83609636162979
96.14, 96.68695313024901, 96.93670372373728, 94.86530082232089, 95.24005174071324, 94.48579789899327, 95.14912906288734, 96.13425712126549, 97.99873000153423, 99.36974232746337, 97.12079545595896, 99.36650725764065, 96.77947118127243, 96.11255026567135, 96.33642535676162, 97.0313805926862, 97.10611647281777, 96.8482464386791, 98.17304106866557, 93.94207344686498, 95.30654272516239, 94.38545150366902, 92.22609410537676, 93.73770477031056, 94.69756689315149, 94.69756689315149
95.92, 96.43900404776699, 98.20077521263073, 98.10537056767953, 97.20895159861534, 98.14751347513976, 99.07939256757116, 98.2374719981902, 98.51461581677363, 94.49619907673433, 92.92391681899487, 93.77377071432143, 95.22218530512221, 94.5942865497371, 93.7841642279045, 95.71594294065459, 91.77800988386464, 88.76461945734542, 90.627065545587, 90.37909195793945, 88.28162332655481, 89.02007907864582, 88.19375170058362, 89.12307787110863, 89.989462614956, 89.989462614956
96.14, 91.68633647067014, 93.16213181578203, 88.05187608706119, 85.16543675941452, 84.10957757803895, 85.48961899980043, 85.94252311726797, 88.28054124481339, 87.43005490631862, 86.99943620656636, 87.66857888904599, 86.92326146291364, 85.81502052580596, 87.77251996844763, 85.19945224437818, 85.88922846168357, 88.11396581160517, 89.77882150612642, 85.8926009680988, 84.73326827916155, 87.09728733026097, 87.53726666578727, 84.98406826740512, 85.20563728904528, 85.20563728904528
95.39, 95.17373438791387, 94.49033206700243, 94.69121908565174, 93.56282339046408, 94.93263922018988, 96.10724160655153, 93.83590886663967, 95.17685551656332, 95.01393606135213, 91.77757302515421, 90.78132567487823, 90.69900182284361, 89.35805975008047, 91.45918885088047, 91.49269683777224, 90.92374656090765, 91.20617501038559, 84.52382558249198, 85.8926009680988, 84.73326827916155, 85.8085800079427, 85.82486939312408, 87.50534938831689, 89.5671806259485, 89.5671806259485
95.73, 96.71767289699646, 96.336482438182, 94.84481772422167, 95.51475150905009, 94.83458274896797, 90.85166337309549, 91.93891054866404, 88.49786825616196, 88.93229714683245, 87.17716580644282, 88.51067824680871, 88.86266238860001, 88.32108405394723, 87.76533219702046, 84.75618479052292, 85.88922846168357, 86.98293527684577, 88.92496021281305, 88.29338396077142, 88.11368802732076, 89.59808684180545, 89.49955416309483, 88.70867598490048, 88.97649707858616, 88.97649707858616
95.36, 94.46993105028437, 95.83387612543704, 92.48926011218954, 93.64878486518604, 87.6801291465761, 88.12368687809186, 87.94039218758937, 89.3706687623311, 86.71583833905801, 87.36724171523714, 89.16003501966954, 87.68143064031504, 85.79377283031371, 86.79257552081042, 85.82739244569366, 85.05421902386256, 87.01364863749892, 85.13722222435962, 85.8926009680988, 85.41285748748206, 87.38145148797452, 85.82486939312408, 85.71673575201912, 87.79675936141255, 87.79675936141255
97.42, 94.0285373847687, 96.02874598492075, 93.10299499305523, 94.06593925801155, 94.64469694445546, 92.47184366105292, 91.16318638668461, 91.84953344826825, 88.48280150709834, 85.67588852209451, 85.54977349936313, 86.42620064795605, 85.10901780319526, 85.31186631611082, 86.827920466731, 86.05978563870211, 84.50371598688248, 84.52382558249198, 85.8926009680988, 86.06099973574864, 86.63301124129175, 86.58669409570106, 86.65197617429203, 86.11054907897257, 86.11054907897257
96.64, 94.37504532072388, 95.97670916649221, 95.97342275853455, 94.12359504370387, 91.32072553298781, 92.01834815264337, 92.07898638567748, 92.5389432680514, 92.75342963580134, 91.47016467636666, 92.1472179132166, 93.39338718141867, 90.44593154821199, 91.96118594175495, 93.53387105200078, 93.92295638491551, 94.17354497845074, 92.67467317035474, 92.38482939981493, 94.17421235746451, 93.74667467670399, 92.40419109728242, 91.50843220755553, 93.77466739665336, 93.77466739665336
94.96, 95.80283699928118, 96.22828795832541, 94.92882083322628, 87.49942082724289, 86.63617153740158, 86.45729814599292, 86.06960044681087, 85.94877530634349, 85.25911298499855, 85.39323069888327, 84.17834927434514, 85.00796617836136, 85.81502052580596, 86.1963872287729, 87.60826965337385, 87.2524594774118, 84.50371598688248, 84.52382558249198, 85.8926009680988, 86.46648947475835, 87.6436801899795, 88.1783584919589, 87.52253300562026, 84.18839048711607, 84.18839048711607
97.36, 96.75141491571246, 97.84772064345682, 98.40832492904363, 97.80906668494305, 97.19183973722687, 96.18622926624309, 92.17414360667523, 92.50131919139187, 92.93519894107148, 92.16211300661892, 89.01025978908656, 90.03890729871853, 86.86344269985135, 88.06309084645548, 88.30075035175798, 86.70765458645319, 86.37758816290693, 86.26684140114497, 86.74573785261396, 85.71027683118731, 86.42842201727848, 85.82486939312408, 86.3340699138586, 87.68984846862419, 87.68984846862419
96.71, 96.82940380200033, 92.63701056143935, 86.84269276771187, 85.25147394837903, 85.21947878121806, 85.48961899980043, 85.4829156262004, 86.67159432307545, 85.65419852949728, 86.33960406464136, 85.32727427951254, 85.9712011583611, 86.65964985765874, 86.19947667831407, 87.70746136852844, 88.01075748232881, 90.13588651548608, 91.2713242215067, 89.89959429490897, 90.25942760394528, 90.72032714857998, 88.26600728139387, 85.51877667001523, 85.97876762062414, 85.97876762062414
96.98, 93.42819594187563, 90.04718322339681, 88.20169214763558, 86.780505288254, 86.81718619740084, 86.54384858875635, 85.4829156262004, 85.71889862552584, 86.56667362738685, 85.67588852209451, 87.20086057592864, 86.6853489336642, 85.81502052580596, 84.31369739456835, 84.75618479052292, 85.88922846168357, 87.64601073815666, 89.34555838115246, 88.13706841946345, 89.1707196701362, 89.46268158308317, 85.82486939312408, 85.15921629625299, 84.18839048711607, 84.18839048711607
95.35, 95.01881606735985, 92.61950918071646, 91.33371152629257, 91.53737247664519, 90.85714851212542, 89.20894254832459, 88.95753181727174, 89.80811345031704, 87.78805357422243, 87.02448660350069, 88.64980646925652, 85.00796617836136, 85.81502052580596, 86.46623401959624, 84.75618479052292, 85.88922846168357, 86.53478064440365, 84.52382558249198, 85.8926009680988, 84.73326827916155, 86.8654770361383, 85.82486939312408, 84.98406826740512, 87.42350080115577, 87.42350080115577
96.33, 88.39608794324752, 87.60052875840853, 86.63404927384416, 86.95167839479122, 86.78760037951217, 85.48961899980043, 85.3719738067957, 85.23212479390357, 85.76622954913249, 85.67588852209451, 84.17834927434514, 85.00796617836136, 85.81502052580596, 84.31369739456835, 85.54369797233949, 85.88922846168357, 84.50371598688248, 86.58901016420012, 85.96362596549075, 87.20790791404586, 87.34903920216355, 85.82486939312408, 85.78846138887779, 84.18839048711607, 84.18839048711607
96.11, 96.88742870828305, 95.55979019344608, 95.7840342546443, 92.76797443947974, 93.74871462999641, 93.60440887465057, 90.99239010836371, 92.15638246289865, 91.31129820376711, 89.7196392067291, 90.74809378873962, 85.61452525677893, 85.55862059468272, 84.31369739456835, 84.75618479052292, 85.88922846168357, 87.49677329344945, 89.53265418706404, 87.74835905594139, 87.91949980797749, 84.32939815556858, 85.82486939312408, 85.64716799866976, 84.18839048711607, 84.18839048711607
96.65, 95.12958950100456, 95.36812199336268, 95.16721227906778, 88.41640227329725, 84.10957757803895, 85.48961899980043, 85.4829156262004, 84.10845337987462, 85.25911298499855, 85.67588852209451, 84.17834927434514, 85.00796617836136, 85.81502052580596, 84.31369739456835, 85.38006307392473, 85.88922846168357, 86.37133892052967, 86.66178797190678, 86.2814795791956, 87.75697868974167, 88.44738619024545, 85.82486939312408, 84.98406826740512, 84.18839048711607, 84.18839048711607
96.0, 97.08398316584513, 96.0065006672537, 89.02926041078197, 88.37656678766062, 86.29644198029187, 86.21398015505733, 85.4829156262004, 86.35101025378736, 86.0737689732762, 85.67588852209451, 85.46544233329746, 85.42306784778461, 85.39214136914872, 86.97050385665321, 88.2590341693206, 88.4542246547726, 90.43633060775431, 90.09090591737805, 85.8926009680988, 85.85838361160856, 84.32939815556858, 85.82486939312408, 87.1826404235894, 84.18839048711607, 84.18839048711607
95.97, 97.28752473329357, 99.38617114374863, 95.84683580625651, 95.4787846884682, 97.71013407738957, 96.19172346164201, 94.98142873795831, 94.6655906194047, 92.88037255727374, 87.33453848317647, 88.55330114819168, 85.00796617836136, 85.29877095087963, 87.04490191132597, 85.62151312172647, 85.10593433716268, 85.57753847617957, 85.56661651351949, 85.8926009680988, 84.73326827916155, 84.32939815556858, 85.82486939312408, 86.38222461673597, 84.18839048711607, 84.18839048711607
96.15, 95.41464242158804, 96.56504986566743, 96.95810466989693, 96.49941005120326, 95.11200699437677, 95.32020728573977, 95.49461852475041, 96.49357420674038, 96.18128619555009, 96.04180014635106, 96.48109477796854, 95.15496321574659, 92.6173531151539, 92.66871909491744, 90.7923836990605, 88.33922834078898, 87.43795670612023, 88.0107997300771, 87.82121744237864, 87.58569412990998, 87.54309400766986, 85.65938686117077, 87.21850328321126, 88.98345660517846, 88.98345660517846
96.61, 95.61663483690049, 97.58697206339845, 92.7873418899704, 94.07124049746362, 96.25742878467067, 95.51940039100042, 92.93397777850659, 90.73909418177463, 88.03831598946357, 87.78088261279636, 89.66166803241357, 89.37504125640905, 89.6247317015438, 90.22051096178082, 84.75618479052292, 85.88922846168357, 86.86334720002944, 86.15534657313519, 85.45488978108415, 84.73326827916155, 84.32939815556858, 85.82486939312408, 85.43573409982831, 87.25248745218086, 87.25248745218086
96.14, 94.10896110161579, 93.21242430974921, 87.56247281335676, 85.45766346099215, 84.10957757803895, 85.29269601845353, 85.4829156262004, 85.55414971257152, 85.25911298499855, 85.67588852209451, 85.61585294735615, 85.11368120221185, 85.81502052580596, 84.31369739456835, 84.75618479052292, 85.88922846168357, 86.65923232947048, 87.0920507086061, 85.8926009680988, 86.03870919061451, 84.32939815556858, 85.82486939312408, 87.22497927502305, 89.45655036297255, 89.45655036297255
97.78, 91.8286543038538, 89.99763033622492, 87.32433735678812, 86.67646415309048, 88.49670931575072, 88.07437438843573, 86.47898955009515, 88.6318055661424, 88.77623465227578, 87.55818325564492, 89.35938122587007, 88.43133541633048, 87.58655208213251, 86.36614244304347, 85.94290579718641, 85.88922846168357, 86.31214134079123, 87.0338206136518, 87.43729872261656, 85.64641486878665, 85.33239874521031, 85.82486939312408, 86.79639476520988, 86.08442463586688, 86.08442463586688
94.18, 90.35533674373043, 90.49757868628097, 89.01815555881763, 89.95020975149662, 92.33311826793432, 86.72271061151666, 87.13342706934881, 88.38275322040906, 88.72816545012088, 87.21474597971287, 88.4214399049679, 89.17477768997631, 85.81502052580596, 87.1108532239914, 88.04962634863836, 85.25065706384743, 86.21557355662482, 84.52382558249198, 85.8926009680988, 84.73326827916155, 85.75588598551414, 86.07491508708863, 84.98406826740512, 84.18839048711607, 84.18839048711607
96.58, 97.8728771225703, 99.2371782704447, 100.14588995648968, 100.23308226649354, 100.66528022002998, 101.29049166329526, 93.46805681990975, 93.20932443476846, 92.80940027722794, 93.15463308029703, 93.38526193607044, 94.86835944828171, 95.1107441359863, 96.18378305919636, 96.07981485544111, 93.45929303250817, 95.34169668513343, 95.69014378968491, 93.16138858474207, 93.15149109300087, 94.5627540985583, 93.87817323339334, 94.08692977244125, 94.86190929937656, 94.86190929937656
96.1, 97.31852689965982, 96.58722393182343, 94.52204446327863, 94.86796412865895, 93.22315541096404, 92.30904382494231, 89.69399826292619, 91.57125654165644, 91.34119067017168, 91.03550391228958, 90.15552891185516, 85.00796617836136, 85.81502052580596, 84.31369739456835, 84.75618479052292, 85.88922846168357, 84.50371598688248, 84.52382558249198, 85.8926009680988, 87.52991138948607, 85.72878624199447, 85.82486939312408, 84.98406826740512, 86.39530652810195, 86.39530652810195
95.5, 93.80690517562618, 95.57012011836694, 93.95396352282668, 91.45800202716583, 93.60752128647263, 94.46886581256497, 95.11921414287352, 96.0564037494751, 92.81405611265605, 89.6249445955396, 91.58548462920162, 90.68695363301788, 91.32856347068997, 93.38503162748111, 92.70318365588341, 87.08211843744043, 88.67720739477897, 86.20612784907343, 85.8926009680988, 84.73326827916155, 85.95668277055306, 85.82486939312408, 85.44548890163857, 86.60005307989354, 86.60005307989354
95.11, 95.998549408087, 97.32908238719334, 95.70325687683405, 94.07494882894066, 91.80635316271515, 89.36312666373584, 85.45921438385528, 85.65713636014891, 85.25911298499855, 85.67588852209451, 84.17834927434514, 85.00796617836136, 85.81502052580596, 85.7082501827121, 85.5260016363925, 85.04542656332522, 85.68429088535288, 84.52382558249198, 85.8926009680988, 86.40866670390281, 88.74676784043749, 86.5621004685013, 88.09565312667915, 89.57740148033338, 89.57740148033338
97.06, 94.31336821812828, 93.16658986073216, 90.85827869884261, 91.52373666470834, 87.36503257925155, 86.67468984308827, 85.0909269990839, 86.63940364310186, 85.25911298499855, 85.67588852209451, 85.28433740630783, 86.39741110200335, 86.3427987900201, 84.31369739456835, 84.75618479052292, 85.88922846168357, 84.50371598688248, 84.52382558249198, 85.8926009680988, 86.320004701101, 87.46459657940164, 85.82486939312408, 87.13435611116026, 88.01367840245099, 88.01367840245099
94.8, 93.68472845530266, 93.11983132623355, 93.01725900706268, 93.5062550224274, 91.7046167448094, 90.79005301085725, 90.74139926984931, 92.4362933009205, 91.98886079308441, 92.0282831837685, 93.3495349613381, 93.87428723549459, 94.14319353854539, 95.38449595176623, 94.35738857518558, 88.69101662685064, 89.93121108075539, 89.61810110851512, 89.10890777105203, 88.97942314314646, 89.15762773113188, 89.78248868513148, 90.21822497264894, 91.72831288372295, 91.72831288372295
96.22, 96.57639538871172, 95.80069319928897, 94.99789207635588, 94.52898929266713, 96.71073061525398, 91.40381755708569, 88.91037266592951, 89.48720245936893, 90.16652477898887, 90.37435206203817, 89.41091724974974, 90.61503483205117, 90.48876687215198, 87.58442791007873, 85.1366956311656, 85.2973113911618, 87.08020049238577, 85.64116914176867, 86.28198244042645, 87.2812424007911, 89.31216007241632, 89.97801530333028, 89.67075408516654, 89.61242511992222, 89.61242511992222
96.85, 94.88988574556426, 92.069962976979, 91.15290039763711, 91.14528652348251, 88.95416308744704, 88.23826960274826, 85.4829156262004, 85.76536717476388, 86.2659957573737, 85.67588852209451, 87.22039105068943, 85.00796617836136, 85.81502052580596, 86.63462180081147, 87.96695590068902, 87.76315448696427, 84.50371598688248, 86.34639711329659, 86.54984995320069, 86.33013802774329, 84.32939815556858, 85.82486939312408, 86.16069076544777, 87.48099935365411, 87.48099935365411
96.67, 91.83212655770143, 90.06378048802927, 85.68112224577713, 85.25147394837903, 86.17858662286496, 85.63567752508435, 85.4829156262004, 86.1691623589567, 86.49490569417866, 86.31281500989851, 87.7244078951252, 85.00796617836136, 85.81502052580596, 86.9791655041087, 84.75618479052292, 85.88922846168357, 84.50371598688248, 85.73935876550885, 85.8926009680988, 86.77240711318822, 85.9959942843823, 85.82486939312408, 84.98406826740512, 87.20640127126146, 87.20640127126146
97.04, 97.34079177497401, 98.84549315682246, 98.75272317847389, 99.28361299271188, 100.02195449706691, 96.85158737737709, 92.07003012542928, 92.84305592957055, 92.71022278866991, 89.54215479144334, 87.81485895108361, 85.546541450196, 86.28275030978106, 86.08308149690482, 85.72897141443735, 85.88922846168357, 84.50371598688248, 84.52382558249198, 85.8926009680988, 84.73326827916155, 86.14867665338755, 85.21833092514034, 84.98406826740512, 84.18839048711607, 84.18839048711607
95.57, 94.06475832583814, 95.49151518206563, 95.5685777221858, 96.7668343777748, 96.53578681962723, 93.2584615904041, 93.07405855679839, 95.2386047819963, 90.56082010727863, 90.59599735968554, 91.46082240841115, 91.05001324862522, 87.8595324100415, 85.43274062118932, 86.95816233068385, 85.57955465372602, 84.50371598688248, 85.1962168190171, 85.8926009680988, 84.73326827916155, 85.45321895464112, 85.82486939312408, 84.98406826740512, 84.18839048711607, 84.18839048711607
95.82, 96.68555463319484, 98.1715079203348, 99.12142842582372, 98.57652979172038, 100.73607982547622, 97.47003599526677, 98.15180004299047, 97.99780529395912, 98.42743013553765, 98.08096357950166, 100.26995476692386, 100.53304479734979, 99.83280439525308, 100.45227458196742, 101.98725914050212, 100.99274055012988, 101.74818843290653, 98.76060849396141, 97.92693920945644, 93.56236382488262, 93.26229495845293, 91.69025448697894, 92.58448279948053, 85.53003581491944, 85.53003581491944
96.8, 96.53455204688416, 98.23787670380318, 97.93485139580572, 95.96885775149967, 96.67981644399255, 95.25916905633615, 94.80803252362149, 95.33361571073603, 94.06694464963384, 92.8344265603237, 92.84412419263197, 88.61723094890621, 88.41744158087849, 90.18024444315343, 88.87118152012577, 88.8347828861369, 89.3630216808603, 88.46450418399482, 86.60780037738012, 87.43476200036838, 88.04125067981514, 86.67169404259083, 84.98406826740512, 84.18839048711607, 84.18839048711607
96.25, 94.72441289233737, 94.29525132197594, 94.76335339439007, 91.14530654260092, 90.28285728717101, 90.39146783012079, 90.1440329252876, 91.29818506387632, 91.59575067650242, 90.0684416031951, 88.6892377979029, 89.85488636477685, 89.68954492876598, 86.77797396999229, 86.94313658022169, 87.11988081719456, 87.97781813141866, 86.19764145001056, 85.8926009680988, 87.26410763156893, 89.58159555931644, 90.36319818832567, 90.42949028282625, 91.8505008321915, 91.8505008321915
95.8, 95.51003420688028, 96.15865932147129, 94.17854039327001, 94.38790094368257, 94.29418261820295, 93.58502726300918, 94.0630925686715, 95.71706300795188, 94.73245689565377, 92.06986156150633, 91.542700218656, 92.6508167745482, 90.840222233648, 88.96408074761113, 85.44938861025953, 85.88922846168357, 86.59273926715233, 88.3489259698737, 87.53832192110218, 89.18120930179252, 90.77088496773105, 90.68554935553655, 87.2068175076802, 84.18839048711607, 84.18839048711607
96.12, 94.89543911765941, 94.58569119043996, 93.98499393462049, 92.99634115848055, 93.3894390426596, 92.06166246455516, 91.63979216510764, 89.39354874865728, 90.72832935835872, 86.76007152090612, 88.17911469363618, 88.15434629738608, 85.81502052580596, 84.31369739456835, 85.06195570211932, 85.18534683254333, 84.50371598688248, 84.52382558249198, 85.8926009680988, 86.39852727756346, 87.86513566661189, 86.40123611873001, 84.98406826740512, 84.18839048711607, 84.18839048711607
94.68, 91.82786717085746, 91.77698124196357, 90.41817950732347, 90.09258786467912, 91.45961140293714, 87.25049235287327, 87.59501511801028, 87.95358880539438, 85.25911298499855, 85.67588852209451, 84.17834927434514, 85.00796617836136, 85.81502052580596, 86.04851702873069, 87.30267548098037, 85.88922846168357, 84.50371598688248, 84.52382558249198, 85.8926009680988, 84.73326827916155, 86.00361215688132, 85.82486939312408, 84.98406826740512, 86.70440222594785, 86.70440222594785
95.69, 95.10840579250433, 91.50110541905914, 85.68112224577713, 85.25147394837903, 85.97764963294664, 85.81148861615344, 86.23803245763793, 87.17809196103225, 86.41485477516403, 85.59531442070818, 85.76306135772036, 85.00796617836136, 85.81502052580596, 84.31369739456835, 85.53934918144783, 86.42987030509529, 86.79249808906502, 84.52382558249198, 85.8926009680988, 85.28149809298284, 84.32939815556858, 85.82486939312408, 87.42935067534988, 88.98217432951215, 88.98217432951215
96.08, 97.11203587002132, 92.90338812884117, 93.52676775053995, 91.54922962731811, 92.85953626313471, 92.41046964495183, 92.8017715784097, 93.84210299628936, 93.64913102559284, 88.91934025883197, 89.96294394338928, 91.09461476098741, 89.97511497727616, 91.11688650098586, 91.90639584805096, 91.14367438357034, 91.16166388859153, 90.63093189908656, 90.1910750722884, 90.03795912883314, 90.41996965677036, 88.85161545657883, 90.50536720422757, 92.36153636654254, 92.36153636654254
95.25, 92.14894086729319, 93.25123117688644, 93.93926774523453, 94.98563769097942, 89.37848457376025, 89.69224615880783, 90.16594882926226, 89.42902224010582, 85.10946018767869, 85.67588852209451, 87.22057068225764, 86.3813291214946, 85.81502052580596, 86.8171430759345, 86.47183706623363, 85.57549556125427, 86.46597090114228, 87.66240822425033, 85.8926009680988, 87.12212858513467, 85.12571471727126, 85.82486939312408, 84.98406826740512, 86.1359385074672, 86.1359385074672
95.87, 91.75651729365077, 88.50395373955232, 87.85384124807064, 86.80490919182968, 87.95572717919032, 88.39198477527636, 87.50492287227323, 87.98834471283786, 87.81415529086195, 87.45812485611206, 87.8301920114276, 86.74101138198179, 85.81502052580596, 88.03253660989084, 88.67518301251954, 89.20091000747095, 91.18746917053654, 90.7134696260159, 88.38616317120865, 89.5125974615518, 88.57674957230162, 85.93599267909055, 86.52744237167022, 87.94475978992185, 87.94475978992185
95.91, 96.30378803688558, 95.95431915173748, 93.59186637936973, 92.76097479737503, 94.91953884748716, 93.61774860898397, 85.1366215959948, 84.10845337987462, 85.25911298499855, 85.67588852209451, 87.55042699029242, 89.08156809447603, 87.04525256473481, 89.33570213364607, 87.14186962918123, 86.21661984467832, 86.41432140653237, 85.46460621738854, 85.18945800258768, 85.32762365457415, 87.48518092287537, 86.2887496529843, 86.74563294964334, 87.31786103018601, 87.31786103018601
96.19, 93.6077702042767, 94.21984157439883, 94.99742089150905, 94.18801880477824, 94.88504014396355, 91.28991347364392, 85.60487399148887, 84.10845337987462, 85.25911298499855, 85.67588852209451, 87.94363353141348, 88.21472698577938, 85.81502052580596, 86.18711414765431, 87.61794358220435, 85.88922846168357, 85.40199950529436, 84.52382558249198, 85.8926009680988, 86.32909232606303, 85.58592437123623, 85.82486939312408, 84.98406826740512, 84.18839048711607, 84.18839048711607
96.09, 97.10391778886961, 94.25676861066606, 92.64953824736058, 92.23640963641438, 93.50473370050274, 94.00041866705968, 92.51915256768393, 91.39750776512565, 91.88899543499231, 85.67588852209451, 85.91040377575224, 86.42985145804187, 86.02390275691407, 86.8997532003429, 85.21140288777377, 85.88922846168357, 86.1147232531979, 84.52382558249198, 85.8926009680988, 86.40351730263485, 84.32939815556858, 85.82486939312408, 85.59010192185117, 84.18839048711607, 84.18839048711607
94.95, 95.54322870768505, 96.1173875783789, 96.36825980015904, 97.0802475644863, 99.4004922867483, 96.51772794151944, 97.00639224008893, 98.0375801442384, 98.45410058088217, 99.0752478875234, 97.36096121611233, 94.70627289273312, 92.28975775356902, 94.61342253272896, 91.61829347569748, 91.712595965424, 91.56293683794284, 90.99468836525578, 91.3943507748078, 88.06146125528909, 89.81513728061498, 90.31609173642677, 90.0393763536328, 87.49497586042419, 87.49497586042419
95.42, 96.06906568233917, 96.05128490737755, 90.67666295667237, 90.41898300901772, 89.83985849918707, 89.33449601887946, 89.8959887915804, 90.40181666076808, 90.60066017931729, 88.04099445607723, 89.81237094493338, 85.00796617836136, 85.81502052580596, 87.19773819217981, 86.75108463414313, 85.88922846168357, 85.47660240921711, 84.52382558249198, 85.8926009680988, 87.24706033677441, 88.10451113068757, 85.5443203373727, 84.98406826740512, 84.18839048711607, 84.18839048711607
96.97, 96.45205398854155, 93.61344895921232, 90.71760064793317, 89.59263734249932, 91.79347840478795, 91.31733855986737, 85.42345981749898, 84.10845337987462, 85.25911298499855, 85.81509814660524, 86.51082202202754, 86.82273578869157, 85.49915972071649, 84.31369739456835, 85.8610269879636, 85.88922846168357, 86.47586426746749, 86.42387834934881, 85.8926009680988, 86.65574811273257, 85.22097535626689, 85.82486939312408, 85.29458620972699, 87.00596009579324, 87.00596009579324
96.5, 96.91436666912865, 96.42065590934031, 95.43707085470176, 96.04993102731153, 97.39139898174956, 96.91808154508398, 91.64306109013468, 88.5654601732456, 86.13657258467542, 85.85302368650639, 85.19296212498797, 86.44192551226688, 86.83272260246854, 87.65467064068024, 88.98638894670937, 87.71528780494612, 84.50371598688248, 84.52382558249198, 85.8926009680988, 85.49404088816195, 87.5061420611143, 87.84903718225809, 88.77861342533582, 90.73083237088984, 90.73083237088984
96.38, 96.90174059771701, 97.2633317596667, 96.12411912593134, 96.38436863402312, 97.54660009647888, 96.38074839470129, 95.97941301489529, 94.71409554435462, 90.29990068032672, 89.03221162142434, 89.12887044180749, 87.48354168726365, 85.01399011068843, 84.31369739456835, 84.75618479052292, 85.88922846168357, 86.53574832521598, 86.73511151009463, 86.02856211716963, 84.73326827916155, 85.11691822167816, 85.82486939312408, 87.16889328919977, 86.33987470230477, 86.33987470230477
96.64, 94.0325450318871, 91.29571581428236, 89.20834675122721, 90.15736010869807, 90.61278479617361, 89.16638520975741, 88.05877229665633, 89.99403695257509, 88.90920302301411, 86.78530481032803, 88.48271478527562, 85.13588328955103, 85.81502052580596, 85.50336145808653, 84.75618479052292, 85.88922846168357, 86.46927436638539, 87.62265804210749, 85.8926009680988, 84.73326827916155, 84.32939815556858, 85.82486939312408, 84.98406826740512, 86.00752511713034, 86.00752511713034
96.81, 96.5531858989094, 97.81639215565782, 96.05088479267647, 93.85457101589408, 94.73157638870065, 88.95939379266329, 89.2128569415886, 88.5676504324976, 87.99581796781271, 85.00968683975391, 85.84380835973107, 85.00796617836136, 85.81502052580596, 84.31369739456835, 84.75618479052292, 85.88922846168357, 87.79800272087357, 86.92080160738023, 85.8926009680988, 87.61127078504289, 87.32150281712784, 87.92110736622462, 89.17070843401095, 88.01454721941602, 88.01454721941602
95.85, 94.69428296594332, 93.79709797338288, 93.46026550347206, 88.20266270391484, 87.7886970413655, 88.7342074204401, 88.5770266797938, 89.10959921896206, 89.17303138145697, 87.76840795270991, 87.08063401302938, 87.15020778767604, 85.1669488567755, 85.77308058781247, 87.28876804400663, 85.29533646619008, 84.50371598688248, 84.52382558249198, 85.8926009680988, 84.73326827916155, 86.79195340750309, 87.25163835473437, 88.15344002621565, 84.18839048711607, 84.18839048711607
95.65, 96.54680461891687, 95.81353568624375, 94.63717786421307, 93.91915851631786, 94.12104408855004, 94.01783232606337, 94.99483655103816, 95.35197898687976, 93.32331666203682, 92.70815242952614, 93.99784601546631, 92.73740402294413, 93.56924221751201, 95.32325636711612, 94.5239347204082, 94.50871245969932, 96.02822967367688, 95.49918790992882, 95.73378273242582, 93.18257467362984, 91.4909817713382, 89.47609911163957, 90.28277672086308, 91.24837691896373, 91.24837691896373
96.14, 91.14650174522004, 87.0378295229795, 86.49643566208492, 86.61345002622691, 87.57784782592448, 87.43804604262758, 85.4829156262004, 86.8725089904923, 85.25911298499855, 85.65770181613125, 85.034712280297, 85.00796617836136, 85.81502052580596, 86.86070806447829, 87.8820716615456, 85.88922846168357, 84.50371598688248, 84.52382558249198, 85.8926009680988, 84.73326827916155, 86.98919898051214, 85.82486939312408, 84.98406826740512, 86.15461896073667, 86.15461896073667
96.34, 97.77191949986212, 95.82700821915695, 94.6686514620869, 91.31785081374949, 91.60354709394962, 91.41641986434315, 90.59345341715508, 91.37946246288901, 88.80982385813803, 85.03289315539048, 85.93078469828167, 85.00796617836136, 85.81502052580596, 85.78549948030374, 85.53607265947132, 85.05958173310535, 86.24694270733087, 87.43785950060602, 86.28484660558861, 84.73326827916155, 85.96420324427638, 85.82486939312408, 84.98406826740512, 84.18839048711607, 84.18839048711607
96.44, 92.02682940850863, 92.45983760310577, 91.67690465113115, 91.60634218050296, 88.97680971286634, 87.07742400361283, 85.4829156262004, 84.10845337987462, 85.25911298499855, 85.67588852209451, 87.18105802467606, 88.8053420223972, 87.58803197953729, 87.9491321021749, 88.74118331708395, 85.88922846168357, 86.29607964847392, 87.2033139759199, 86.40031677246618, 84.73326827916155, 86.62246387273943, 86.22970215017921, 84.98406826740512, 84.18839048711607, 84.18839048711607
96.97, 97.23662056031473, 95.57741004572121, 94.15549329958523, 89.07189070311858, 84.10957757803895, 85.48961899980043, 86.50933032956759, 87.09927908294175, 87.99890422137216, 87.53028405530854, 87.31300605420039, 88.33315847857645, 85.81502052580596, 84.31369739456835, 84.75618479052292, 85.88922846168357, 87.91424574814239, 88.89977481863671, 85.8926009680988, 84.73326827916155, 84.32939815556858, 85.82486939312408, 84.98406826740512, 85.43140826803855, 85.43140826803855
96.13, 91.8525420705626, 91.56058294061542, 89.45428144125712, 89.28221576507289, 88.6752028047107, 85.59764594154471, 85.96737633876634, 87.88567071156116, 87.05709676007963, 85.0759863751842, 84.17834927434514, 85.00796617836136, 85.81502052580596, 84.31369739456835, 84.75618479052292, 85.88922846168357, 85.25968485655241, 84.52382558249198, 85.8926009680988, 87.65535344851475, 85.23644795560655, 85.82486939312408, 87.48203968558686, 88.75192057173574, 88.75192057173574
95.76, 96.12155231632276, 95.80830531497189, 94.47545236279801, 93.71612672705675, 95.39736148351604, 94.25388945073318, 88.36890597409032, 90.14537272045968, 85.25911298499855, 85.67588852209451, 86.5796422114847, 85.00796617836136, 85.81502052580596, 84.31369739456835, 84.75618479052292, 85.88922846168357, 84.50371598688248, 85.05382616627105, 85.8926009680988, 85.2649274330633, 85.78443835550814, 86.03167492895246, 85.5278521747396, 86.99291904256481, 86.99291904256481
96.5, 95.6308797042708, 95.34286693895669, 93.1352763433721, 92.4290022507822, 90.10121782847253, 90.01160118737333, 90.10607142255331, 90.59894314959001, 88.12037091548802, 88.2409736365568, 86.12385687636716, 85.85846990011065, 85.52052974909677, 86.19769985724541, 87.21094365594082, 87.68840644569063, 87.80537048847026, 89.72016925927015, 87.69512421206953, 88.55532045896871, 88.70263541709903, 86.67388130992589, 86.89339064338448, 86.88356539045782, 86.88356539045782
96.44, 94.79608460096732, 95.26315570849808, 95.24252741066483, 91.62750986637151, 93.5970076623481, 93.23489514530327, 91.30175580240939, 93.41214496264813, 94.1022446938505, 94.80229556202559, 96.40374785580312, 95.65453736346805, 93.90673958427183, 95.04393745297436, 96.35972535092426, 95.12104759175735, 96.91777183248163, 94.5597230109244, 92.401524178799, 91.47251113426444, 89.81332459131528, 87.41517994431089, 88.0848666333466, 86.56467503274807, 86.56467503274807
96.2, 91.27814168414056, 87.18695029399093, 85.68112224577713, 85.1140353800174, 85.81029364229477, 85.48961899980043, 85.4829156262004, 86.87260217399877, 85.25911298499855, 85.67588852209451, 85.88476689340754, 86.43194861949017, 86.52548954467441, 87.18676318716088, 87.00331374739977, 85.91888839728891, 86.78814006802791, 86.20117487185593, 85.8926009680988, 84.73326827916155, 86.20468381395845, 85.82486939312408, 84.98406826740512, 86.39683951170778, 86.39683951170778
96.44, 97.96935336060253, 100.41950455019207, 99.63850080960744, 100.16350124413088, 101.67572148943142, 101.69090354229085, 100.29318797483435, 102.03527287348093, 99.36121132090092, 100.08989468575304, 102.0427196856866, 103.05738037346534, 102.92926170898399, 103.60150841180469, 100.75159433731062, 101.0143617998607, 101.80821582703875, 101.0748870118992, 99.86259629278051, 101.05593524621746, 102.61098458041333, 100.2526893399474, 100.97914861275959, 100.51399972109954, 100.51399972109954
96.44, 97.15036237569728, 98.07893711359864, 97.6284253896179, 96.43624456575395, 96.93520086748345, 96.78091136837517, 96.3993412936928, 98.00109212997266, 98.44069110969174, 94.66819162543382, 95.02127367758554, 86.73978735168717, 85.81502052580596, 84.31369739456835, 84.75618479052292, 85.88922846168357, 84.50371598688248, 84.52382558249198, 85.8926009680988, 85.80663256621204, 84.32939815556858, 85.82486939312408, 86.59400361101976, 87.56175879526188, 87.56175879526188
96.37, 94.16108148139682, 95.10307683382011, 92.29824723987201, 93.27243440350416, 93.96414001782443, 91.36913833464818, 88.1596537658598, 90.3241559003588, 89.36485910406512, 86.44108911671113, 84.17834927434514, 85.00796617836136, 85.00648016232002, 84.31369739456835, 84.75618479052292, 85.88922846168357, 87.23288172771262, 88.44971498390689, 86.24472764884585, 87.6846633286314, 89.1061008050207, 88.53009718180287, 86.5100052335881, 85.61502371525614, 85.61502371525614
95.8, 87.93318320764631, 89.15702943338499, 87.16122067909531, 87.4214337633077, 87.9661705122564, 87.88453298332918, 87.90760449289554, 90.3976811873796, 90.28750007019056, 89.71669406268225, 91.07956434240508, 91.66134685479652, 89.52995920885353, 87.56762906744929, 87.3244244626249, 87.1700290239817, 84.50371598688248, 85.0985438713272, 85.8926009680988, 84.73326827916155, 84.32939815556858, 85.82486939312408, 86.83183179789111, 86.90113999149689, 86.90113999149689
96.0, 96.24878783110056, 96.99515253337027, 97.7945182165844, 97.14892350368552, 91.77324870789131, 88.3654051733104, 89.29168985448547, 87.9235171845315, 85.25911298499855, 85.67588852209451, 84.17834927434514, 85.00796617836136, 85.18521094158129, 84.31369739456835, 84.75618479052292, 85.88922846168357, 86.24055688166216, 86.8044102841772, 85.8926009680988, 84.73326827916155, 84.32939815556858, 85.82486939312408, 84.98406826740512, 86.30882068457164, 86.30882068457164
96.15, 96.12663401236689, 97.54025528515963, 97.44722705194873, 97.52789082597496, 99.52988950817537, 98.85607666407081, 98.91799259668981, 101.22686651667439, 102.13849286951131, 100.62432652513905, 97.64374226350371, 97.74037913145678, 97.83827487908091, 99.83037016245446, 99.57747511944477, 96.05563624314162, 97.09040487937676, 95.01424325595531, 92.85106310898634, 94.49991419398009, 94.9924125422666, 95.1958270470195, 96.45275158806525, 92.24999036971239, 92.24999036971239
95.76, 96.5510282285692, 98.45080737004946, 90.01720596021283, 87.61999035906109, 88.01155212370621, 85.48961899980043, 85.17129770808346, 84.10845337987462, 85.25911298499855, 85.67588852209451, 84.17834927434514, 85.00796617836136, 85.81502052580596, 87.0166793780089, 86.81488103315986, 87.06741177805912, 86.69100199056265, 84.52382558249198, 85.8926009680988, 84.73326827916155, 86.09913347426402, 86.04181948924942, 87.26614768532221, 87.845256532228, 87.845256532228
96.12, 94.36745953744214, 92.49243399766146, 90.36328990804238, 88.82406256057932, 89.80412528982374, 89.37498053571161, 86.7815583864868, 86.41353870196443, 86.71552454332385, 86.43782075591474, 86.2961939879824, 85.00796617836136, 85.81502052580596, 84.31369739456835, 84.75618479052292, 85.88922846168357, 84.50371598688248, 84.52382558249198, 85.8926009680988, 85.99085196210599, 87.64556524909251, 85.49744973778212, 85.59079272682789, 84.18839048711607, 84.18839048711607
94.51, 93.14263784910258, 95.17108704583643, 94.09547266325552, 93.59761546964047, 94.92211340522582, 91.69461340979156, 87.26777205035104, 85.90346674876811, 86.86174770365135, 87.37298281718186, 85.28647490285096, 85.00796617836136, 85.81502052580596, 88.01902463625959, 89.27058312759357, 87.47052367228554, 87.54209978670275, 87.11797923491706, 85.1167860456515, 86.94767763789817, 87.24300648668716, 86.6677574087797, 85.04433865613338, 85.91563504587575, 85.91563504587575
95.08, 95.04838368287123, 97.50194673963406, 97.86605287597493, 99.1492989402537, 95.00329604868114, 94.10847911523439, 93.0114895093314, 95.43048894284972, 95.99416558761276, 93.92361838151507, 93.66268206286743, 94.58294820883324, 93.41322939309703, 93.39048367246349, 91.49882246893816, 91.15238281727592, 91.35019263588953, 93.51884978788736, 91.85342794816358, 90.60946418956149, 89.95685472323814, 85.80271114378897, 87.26779304806018, 84.18839048711607, 84.18839048711607
96.25, 97.09547572117555, 97.83941594915335, 97.36535399018166, 98.3299866102104, 100.00714464610829, 98.55063192474714, 97.93064508262599, 99.25909977831414, 99.35651646513426, 99.19846067096593, 91.14968454494021, 89.5634722738915, 86.67784821973967, 86.06089951531791, 84.75618479052292, 85.88922846168357, 86.95147955853439, 88.50596023092987, 87.25882622030277, 87.83505616279942, 87.12383737107194, 85.82486939312408, 84.98406826740512, 84.18839048711607, 84.18839048711607
95.67, 94.5999259256599, 92.13997375497142, 88.18207137263697, 89.20098066368658, 89.92595690308043, 86.75465732121052, 85.4829156262004, 86.93345788040232, 85.97769205655793, 85.67588852209451, 85.94028616771921, 85.00796617836136, 85.81502052580596, 86.8781600613133, 84.75618479052292, 85.88922846168357, 86.49992763104898, 84.52382558249198, 85.8926009680988, 85.9415237321208, 85.36643795509796, 85.82486939312408, 85.36118257214291, 85.01942707012923, 85.01942707012923
95.24, 94.7396860187691, 94.52716175627678, 94.17473068219884, 93.98882335481066, 95.96063764605614, 95.39784168490091, 93.18253335548764, 90.22047103572562, 88.67904560473161, 88.70364004665564, 88.58713221995117, 87.01605096824576, 85.81502052580596, 87.46702919669102, 86.78118982180645, 87.15564582189005, 88.1387254445207, 84.52382558249198, 85.8926009680988, 84.73326827916155, 84.32939815556858, 85.82486939312408, 87.21003167637356, 88.16098913105274, 88.16098913105274
96.45, 93.46257250733086, 94.70104183060573, 94.86523594285718, 95.39641064505263, 91.81132827059336, 91.45453407432203, 91.5314780049735, 92.09576746203496, 90.14733621751813, 89.83701959764566, 90.49306679613308, 90.06390503868889, 89.86468666333388, 90.95070447791157, 88.94154438565792, 87.36624819234247, 85.91316647346844, 86.84668975407912, 85.8926009680988, 87.29544237748583, 87.04932133284663, 86.42376056922981, 87.11501440570683, 84.18839048711607, 84.18839048711607
96.05, 96.03016435709675, 96.2207520485389, 94.38577666321699, 93.61692975315279, 94.148844858465, 94.08628384711159, 93.33255489995895, 93.79902399882492, 94.16320303244144, 92.93881992737347, 90.19128708916736, 88.78842201866718, 87.45559090487019, 87.81964285867407, 89.48822362636227, 87.71703488274096, 88.53353689220074, 89.92606887058444, 89.2689053459825, 88.25815452341442, 88.96901191208103, 89.3194228828498, 89.33759445555417, 88.09550143626606, 88.09550143626606
96.74, 92.52005828310756, 93.058665711337, 88.57275846300128, 88.70330947407264, 90.44976227090912, 91.2994734702315, 86.43277258429289, 87.15533358692774, 87.78834208984055, 88.03045439719023, 87.69620225243295, 85.12674965129982, 85.81502052580596, 84.31369739456835, 84.75618479052292, 85.88922846168357, 84.50371598688248, 85.95863542023126, 85.8926009680988, 84.73326827916155, 86.587613923057, 85.82486939312408, 86.35323633644701, 87.99542530210522, 87.99542530210522
96.44, 95.41520135075208, 96.15656710117065, 96.56126073513036, 95.21789713067874, 93.14782207247438, 90.8130398971257, 91.73824238467121, 92.37796975734004, 92.03477894560211, 90.32422214373354, 91.87014966087803, 92.55877820775646, 88.48198705643557, 86.69626511304641, 88.05730239701893, 88.50295008511804, 90.12628676384816, 90.92317907284482, 88.10853530551162, 89.40106079848725, 91.42891743991956, 85.49956688572465, 85.26635177642527, 85.94315492629849, 85.94315492629849
96.76, 96.42561011201025, 93.22056988059748, 93.31750060395446, 94.51480147728037, 93.49510382297373, 91.66688949710407, 85.4829156262004, 84.10845337987462, 85.25911298499855, 85.67588852209451, 85.94153498012801, 85.00796617836136, 85.81502052580596, 84.31369739456835, 85.00835490330438, 85.88922846168357, 86.43622150186671, 84.52382558249198, 85.8926009680988, 84.73326827916155, 85.40547786763429, 85.82486939312408, 84.98406826740512, 84.18839048711607, 84.18839048711607
97.1, 85.09091437322287, 85.02210330719264, 85.68112224577713, 85.25147394837903, 84.10957757803895, 85.48961899980043, 85.4829156262004, 84.10845337987462, 85.25911298499855, 85.27409126572869, 84.17834927434514, 85.00796617836136, 85.81502052580596, 85.57212153938984, 85.37702331201635, 85.62851513561182, 86.15346824314, 86.71723707960253, 86.7367825391915, 85.30975178664902, 84.32939815556858, 85.82486939312408, 86.22920006059405, 84.18839048711607, 84.18839048711607
95.2, 95.72672272604795, 96.81726106017172, 92.7773254700718, 93.11070630193949, 95.40609496416785, 93.97336250925767, 93.13677913891924, 95.57428581595549, 95.7092371602167, 95.4526901346943, 97.03409517455805, 97.33707062266663, 97.81620295425748, 100.0968054712067, 97.28928665020992, 94.44854383654254, 91.08498911741611, 92.79660293725844, 93.16527577064285, 94.162192161544, 94.54669070512618, 94.46245105546764, 90.74352476902804, 91.0624990695029, 91.0624990695029
97.33, 95.1051254083274, 89.37692754015201, 87.15784332875587, 87.84949702218084, 90.02434945471857, 89.6551572123331, 88.21560455970184, 84.10845337987462, 85.25911298499855, 85.1648515097411, 86.54568155953532, 85.00796617836136, 85.81502052580596, 85.27836414573208, 86.81324956228649, 85.65398494241506, 86.3275470189736, 84.52382558249198, 85.8926009680988, 84.73326827916155, 86.51395045935101, 86.85212708317569, 87.74646213510053, 87.82588761911217, 87.82588761911217
95.13, 94.32412375890819, 94.79732180874602, 94.30951333244262, 91.44995867554978, 92.91980966000489, 91.55423767191124, 91.42725535378544, 92.09806291480747, 85.25911298499855, 85.67588852209451, 87.1722710592839, 86.9848833885562, 86.0586794156967, 85.58491287228985, 84.75618479052292, 85.88922846168357, 84.50371598688248, 86.47988630841945, 86.26654675654576, 87.4803462366664, 88.91973882095454, 85.82486939312408, 84.98406826740512, 84.18839048711607, 84.18839048711607
95.46, 94.83193258937531, 95.60931448964271, 96.18118675562067, 95.46831546997173, 96.26101380229713, 91.06447108884329, 85.93185825901618, 84.10845337987462, 85.25911298499855, 85.67588852209451, 84.17834927434514, 85.00796617836136, 85.20959330385926, 84.31369739456835, 84.75618479052292, 85.88922846168357, 84.50371598688248, 84.52382558249198, 85.8926009680988, 87.20873895615017, 88.68367168520057, 89.19588144365935, 89.23451368089164, 89.85917992492718, 89.85917992492718
95.39, 95.683102283722, 96.47177566132248, 95.5147042714398, 94.35181363255764, 96.23206328812769, 95.53240190336592, 92.02115099265818, 90.5427048806768, 91.0104221258279, 89.41759078814762, 90.87845355502166, 89.81576318974207, 87.71308313260622, 88.80890531821572, 90.03707325639033, 85.62571671305547, 86.37410249657385, 87.30782598300696, 85.47213358900598, 85.02253194205112, 84.32939815556858, 85.82486939312408, 84.98406826740512, 84.18839048711607, 84.18839048711607
96.93, 96.42262320673757, 95.9148065882119, 95.47960443194755, 96.32085533090701, 96.40168379287081, 90.51106458165256, 90.0008324033973, 89.88524895445146, 90.98763261563899, 90.57172458048657, 90.59315625999338, 92.01129067715883, 92.95159072485993, 91.53745126753195, 92.70790141284387, 89.2867943466289, 90.0244559674897, 84.52382558249198, 85.8926009680988, 87.3754099207815, 89.12349206141947, 85.9035914643831, 84.98406826740512, 85.84697607025802, 85.84697607025802
95.79, 95.5399813023808, 97.26643268245246, 96.64019856179645, 90.87882657870783, 91.45242794498343, 89.93695634592599, 90.07185358046262, 91.04219120614324, 85.25911298499855, 85.67588852209451, 84.17834927434514, 85.09230748248878, 85.81502052580596, 86.93375242368434, 85.07270550758005, 85.88922846168357, 86.59314178283522, 86.11893023035958, 85.8926009680988, 86.88280290325251, 85.19433461157087, 85.82486939312408, 85.30834439510525, 84.18839048711607, 84.18839048711607
96.48, 94.60355576149263, 96.35906174412993, 93.10005970736226, 89.58977019844163, 89.77171702906725, 87.30529637591147, 87.66702944549279, 88.15422516303643, 88.34979808714438, 87.95067871271044, 88.2527535006484, 87.98426763448275, 86.23910395352851, 87.14251042714625, 86.03698089662633, 85.54434188113623, 84.50371598688248, 85.60514782044373, 85.8926009680988, 85.68975167788358, 87.57054058521258, 88.0111712688367, 85.86904022504302, 85.70040439541486, 85.70040439541486
95.98, 96.11658010317153, 97.54705691727179, 96.66369272840903, 95.25962504936241, 97.80219016980456, 92.50874753288272, 89.04473492521686, 88.93575861911785, 88.5939497127078, 89.2657200655955, 89.89609182898593, 90.99406672467006, 89.44628148078657, 88.8488941709497, 90.41361045796607, 90.94411314480335, 90.33350461143363, 87.59587483397767, 85.08581274610695, 86.04006291662039, 85.18659550922425, 85.59956982639984, 85.17003636797153, 84.18839048711607, 84.18839048711607
96.78, 95.87592846037403, 93.47207186433299, 93.2773227938573, 89.58330480998855, 89.32849637967318, 85.2132787069623, 86.15868605353903, 88.6081928224504, 89.35810025236415, 86.88545728281585, 88.24524075789535, 88.82736969458972, 86.73028938187383, 88.16463661747956, 87.93919776124146, 88.23102541436464, 85.84624497080048, 87.37758223628529, 85.8926009680988, 86.44011136756968, 86.17767338991565, 85.82486939312408, 87.52190433101696, 89.88881526472933, 89.88881526472933
96.19, 96.50404907530091, 96.63356771600107, 96.36851357117378, 94.0864469769742, 92.29908355522662, 87.99249746104461, 86.56034628675073, 85.33410916066957, 85.25911298499855, 85.67588852209451, 86.84408281852917, 85.00796617836136, 85.81502052580596, 84.31369739456835, 84.75618479052292, 85.88922846168357, 87.286204203096, 86.80544337368495, 86.78859285813753, 88.37813817543132, 86.95564319923643, 85.82486939312408, 84.98406826740512, 85.63739414532196, 85.63739414532196
97.12, 96.19970607354644, 95.05058614846696, 89.22341666075336, 88.8341478832536, 90.0240674611219, 88.0585332193922, 85.4829156262004, 85.42327944333205, 86.28681831287275, 85.8806406381447, 86.15034349802903, 85.00796617836136, 85.81502052580596, 84.31369739456835, 84.75618479052292, 85.88922846168357, 86.04570179704962, 84.52382558249198, 85.8926009680988, 84.73326827916155, 85.8521923557695, 85.23414713819868, 84.98406826740512, 86.23732320488959, 86.23732320488959
96.69, 98.27023078720781, 97.18722972581499, 97.9071886064275, 95.80842655866228, 95.65909478026326, 94.75440183606065, 91.51545081181722, 93.12001324749743, 93.65945832298848, 92.77087807877328, 94.80718190364122, 95.4742526059132, 94.80406354958339, 92.53755488288468, 92.6868260247569, 92.44474888871156, 91.4133652227239, 90.28928772330731, 88.83441250535083, 88.67169108779112, 90.28122060830978, 89.97083339086824, 86.52531276023856, 88.02590969451145, 88.02590969451145
96.68, 93.5640658432207, 92.23003933414374, 91.73752261207962, 92.73185677913332, 92.28630723243056, 89.21997666607429, 89.79788950575944, 88.79761508773363, 86.5574490795995, 87.4154030646849, 87.64285456258571, 88.52587120962146, 88.71267524064771, 86.43542323980034, 85.83573565597919, 85.88922846168357, 85.5428898972445, 86.30172082795457, 85.95663218757564, 84.73326827916155, 85.95938498451677, 85.82486939312408, 87.37523318954833, 88.57378922424928, 88.57378922424928
96.56, 98.03951978620611, 99.49660474063803, 99.7747964509148, 96.50349098344451, 95.66972665346708, 96.09767095845739, 95.36990258077728, 95.0316937991262, 95.38776212928808, 91.54351947389836, 90.71102254338388, 91.4131631733062, 86.9269495662604, 87.30981304870762, 85.47854316170123, 85.88922846168357, 86.60323768444597, 87.7829510165457, 87.65107794916426, 87.07253795979338, 86.25552275957875, 85.25787152791659, 85.72230762541864, 86.8505837810449, 86.8505837810449
95.24, 93.79034329695264, 94.24530241094513, 94.24493739041452, 93.20580889349425, 91.57329443596593, 90.09399007576889, 88.6213211827098, 87.01882737470969, 87.11762499777831, 86.73266578325199, 86.0474050658129, 85.00796617836136, 85.81502052580596, 84.31369739456835, 84.75618479052292, 85.88922846168357, 84.50371598688248, 85.38293586689423, 85.8926009680988, 84.73326827916155, 85.65581178791527, 85.09681325878385, 84.98406826740512, 84.18839048711607, 84.18839048711607
94.94, 92.18128184376022, 85.04905363777576, 85.68112224577713, 85.25147394837903, 86.49467551394703, 85.48961899980043, 85.29415004630793, 85.34002897359686, 85.25911298499855, 85.45408331515765, 85.59300591518559, 85.00796617836136, 85.81502052580596, 87.50795328760886, 85.81265853336268, 85.88922846168357, 84.50371598688248, 84.52382558249198, 85.2215192141576, 85.82917102808749, 84.32939815556858, 85.82486939312408, 87.02865003644288, 87.91928519348953, 87.91928519348953
96.18, 96.66594097194967, 96.83142472027393, 97.41432446314074, 93.91963659586233, 94.92648498770492, 85.48961899980043, 85.4829156262004, 84.10845337987462, 85.25911298499855, 85.46184260642643, 86.69656342704684, 86.52566728445146, 85.71923829426514, 84.31369739456835, 85.98740486452509, 85.88922846168357, 84.50371598688248, 85.73024604641599, 85.8926009680988, 85.49241199729056, 84.32939815556858, 85.82486939312408, 86.01565841566742, 84.18839048711607, 84.18839048711607
96.11, 97.72631095285175, 95.89149699571621, 95.21426200755751, 96.31798528422851, 97.71667673887235, 98.32439233036077, 98.78365366295192, 100.0601818001474, 100.64855215032969, 96.68831932550087, 98.32913175961714, 98.12457740613256, 97.83799682025268, 99.43398992290966, 101.08937785761503, 99.36426281655065, 96.04907162385555, 96.49687631459953, 94.7536314123563, 92.96504634751004, 94.89180592213926, 93.93856046635874, 93.88181795295493, 95.83466838158473, 95.83466838158473
96.03, 97.70759013163325, 93.83787416995864, 92.84606608435146, 92.27120933526587, 94.15397715629402, 95.28353146886045, 93.86477624875303, 95.18527000799865, 93.06747669096876, 93.13840724618115, 94.46019889135886, 95.26533380187131, 93.69788131850615, 94.06913858441486, 92.28159527797375, 89.16721161135573, 84.50371598688248, 86.58300369605722, 86.8346631851195, 86.03620273902776, 84.32939815556858, 85.82486939312408, 86.3648114117317, 88.32218084746745, 88.32218084746745
96.0, 96.87757247865812, 96.05423633757304, 92.93891421178175, 93.63640795457343, 93.78551209429124, 92.06754456269263, 88.06483760336977, 90.1303403978628, 89.77480745415426, 90.7770199656927, 90.41184205550493, 91.9560088311484, 90.30005228866352, 91.56231271460008, 91.44962782287269, 89.84469220952087, 87.36984698131455, 85.95621045019955, 85.8926009680988, 87.3450975878727, 84.32939815556858, 85.82486939312408, 86.26238877094981, 86.3431004904488, 86.3431004904488
95.43, 94.08047031997401, 95.82272149924853, 95.95494361010965, 96.63582613417083, 98.54460107865015, 98.60426019882206, 98.1848246917321, 99.26908549034198, 96.22960116117959, 92.90569338790222, 92.14177442540296, 90.61304446372897, 88.45139109835742, 88.84920968708536, 84.75618479052292, 85.88922846168357, 87.8057263602016, 87.80669874251332, 87.1071189081965, 86.10536188485047, 88.16542060827334, 85.82486939312408, 86.59226667583312, 86.3734495276003, 86.3734495276003
96.3, 96.69538597809414, 96.95820663370351, 95.06116250346331, 95.16341499392497, 94.83166144266917, 92.62786951281247, 92.78672144525716, 92.91866071488754, 91.65303542823655, 90.3454612902683, 91.60208882928555, 90.91285697833645, 89.66580143388053, 87.58577598066196, 87.19359474648468, 85.88922846168357, 85.45514713009355, 86.36533007479657, 85.8926009680988, 84.73326827916155, 84.32939815556858, 85.82486939312408, 86.00728512013973, 86.3676828503402, 86.3676828503402
96.33, 96.702144471396, 97.86870231932363, 93.61565464847946, 88.8577836884355, 88.38628663434, 86.5277108313088, 85.4829156262004, 87.72346935098432, 85.40003934374046, 85.67588852209451, 86.39483779881714, 87.80602067167749, 86.82344429714432, 86.74905420408011, 87.17150271671429, 85.88922846168357, 86.17445790892691, 84.52382558249198, 85.1513523312885, 84.73326827916155, 84.32939815556858, 85.82486939312408, 86.68116479661711, 87.02812353927749, 87.02812353927749
95.09, 96.77280630181333, 95.85115775418166, 94.8237621435037, 94.92206377796786, 96.4529085281466, 97.22399411106827, 98.08487454329513, 99.2674367664046, 99.04367275957053, 97.39764879585793, 96.74858478346027, 97.61468935958625, 96.17159102472041, 93.1282524455741, 92.55626623573012, 92.66720826493656, 92.67198054436537, 92.78474951480554, 93.12698854518115, 91.73781923111294, 91.44327013486749, 87.9681353177209, 86.85482036290186, 84.18839048711607, 84.18839048711607
95.97, 94.66962682673446, 96.65607858600173, 93.26250905116444, 87.0906459508348, 88.35948907071212, 86.8607654195876, 86.2838934482181, 88.60243585499073, 88.72891482411808, 87.71770074887198, 89.07581804556413, 88.57363749569296, 87.56440133202038, 89.13661113925761, 86.6716364963649, 85.88922846168357, 87.86503478058988, 88.95643830315429, 88.0419837288868, 88.19448907385387, 87.40881046236429, 87.78085594840572, 84.98406826740512, 85.54086675880836, 85.54086675880836
96.18, 93.9194825668481, 92.65788392456363, 93.07088766867871, 90.46701057721641, 91.63554440269058, 90.74318299589821, 90.6393161141642, 90.20211496987908, 89.95903308892457, 88.56401542982209, 90.04427993571532, 90.71373686958772, 91.18745932583151, 90.78684465995097, 89.42746093261026, 88.07127445876331, 84.50371598688248, 85.6107587487258, 85.28517687272492, 85.45667801082989, 87.15712679030105, 86.83050875933012, 87.00542444837313, 87.62755747585376, 87.62755747585376
94.94, 96.445087051103, 97.46875633750935, 96.20368710513206, 94.35068725022563, 95.02014303599599, 94.46767963858348, 91.93027385606311, 91.46946771831828, 91.06288156010032, 91.08467153085486, 89.60667725276726, 90.31152085751836, 89.68713876426642, 88.2013236086478, 85.47975230425591, 85.38566553699731, 86.73214835562146, 86.8685209416523, 85.8926009680988, 84.73326827916155, 86.0898502982154, 85.55409601801347, 86.05996934725614, 84.18839048711607, 84.18839048711607
96.81, 96.41250811978699, 98.27169168249125, 96.06304694934249, 94.16203055426409, 95.42998398072912, 94.9574789718082, 93.6975180434856, 94.1943396435164, 92.12063678836331, 90.63493619074458, 91.86646161650388, 90.81873038312061, 86.83281294528386, 84.31369739456835, 85.70110328510934, 85.88922846168357, 85.47650834958628, 84.52382558249198, 85.8926009680988, 86.26782417733601, 86.43704014646053, 85.9028018369152, 86.51586292750783, 84.18839048711607, 84.18839048711607
96.29, 88.55304426125026, 88.90745889097656, 85.70550901399294, 86.2183345872639, 87.10781234300758, 87.65904338052174, 88.34129753606003, 87.04895750637485, 86.26616691365399, 86.46205342940043, 85.58726721917684, 85.00796617836136, 85.81502052580596, 85.82542478957583, 86.64596300297598, 86.96879031070246, 87.00289006248845, 85.38571569423083, 85.8926009680988, 87.27604971416446, 87.5467168911728, 85.20418582518539, 86.18474833800589, 87.32707237605159, 87.32707237605159
95.87, 95.76061321798811, 97.46065710295711, 96.38439496597874, 95.13497624332979, 97.01032756032575, 97.13817870898163, 97.31031449173489, 97.39503848837417, 96.80785847757478, 96.3058364893832, 97.91850797489955, 95.63881052241831, 96.47050350080688, 96.48095154384727, 90.49431449943627, 88.47688195025286, 85.19742661606087, 84.52382558249198, 85.8926009680988, 86.18146492879386, 87.2229901258986, 86.719680632861, 85.36327275212244, 84.18839048711607, 84.18839048711607
95.34, 90.34746312281152, 92.46359880953348, 91.90756000316799, 92.03574396184042, 84.10957757803895, 85.48961899980043, 85.37243154454814, 87.52175996364068, 87.82323669035789, 86.91746177335972, 88.29107189006416, 89.12532968323661, 89.34719786431003, 91.01922388287997, 90.02088653031679, 89.37715471565983, 90.34803265830804, 90.640178392284, 89.64596224214398, 90.53580948504998, 90.80656652846469, 88.9895184146809, 85.91175834388397, 85.78836319686758, 85.78836319686758
96.75, 96.19562486688154, 94.18857131772002, 92.48680274079669, 91.57468727430387, 93.03268500673487, 91.42068425978157, 87.1949504040407, 88.79171594529593, 85.86580084057711, 85.88042530437559, 86.58671542925195, 86.7118605398308, 85.81502052580596, 87.78046269715341, 87.42726190394116, 85.88922846168357, 84.50371598688248, 84.52382558249198, 85.8926009680988, 86.82248297825446, 84.32939815556858, 85.82486939312408, 85.91981301227351, 88.00325762784104, 88.00325762784104
96.24, 94.8251702662939, 94.95528851024208, 94.91357325750536, 92.93454808776299, 94.21501910852393, 93.16825705129013, 93.69309093877136, 95.32792966280522, 92.99409467767181, 93.70573220779457, 89.40653814633653, 89.92301108066214, 87.70699416976554, 84.31369739456835, 84.75618479052292, 85.88922846168357, 87.54289160819829, 87.52394316341159, 87.10277234605711, 87.39081317189444, 88.5331301746363, 86.77148832568315, 87.51319006737594, 84.18839048711607, 84.18839048711607
96.17, 95.31751170285862, 96.01459579146466, 96.76547951022134, 94.49706254979611, 95.946182933952, 95.99771856546151, 95.79046111106663, 92.09837981978507, 90.67425610601447, 87.70017233537348, 88.98615580580928, 85.00796617836136, 85.81502052580596, 84.31369739456835, 84.75618479052292, 85.88922846168357, 86.34110725241199, 86.57358942370595, 85.8926009680988, 84.73326827916155, 84.32939815556858, 85.82486939312408, 85.99705716838297, 88.06937403902623, 88.06937403902623
96.01, 97.50471065076513, 99.89882446276675, 98.25170206260935, 99.67542911441383, 99.66138381825648, 100.27706307301523, 99.6493232514794, 100.68085861980558, 98.91790662703158, 98.35498609479885, 99.67799466376623, 98.7875955166663, 97.26482340001694, 94.28561978523463, 92.00539190811588, 91.06333230610171, 92.37330939338084, 90.91357886260678, 89.30591928440964, 88.19960811806332, 89.41587285427252, 87.99155801980777, 86.46431774883672, 85.23386642247682, 85.23386642247682
96.24, 90.2822306795252, 84.18163231585689, 85.68112224577713, 85.25147394837903, 84.10957757803895, 85.48961899980043, 85.14055108893646, 86.75112591925931, 85.83700995260916, 85.67588852209451, 85.76916102106732, 85.00796617836136, 85.81502052580596, 85.2194742293788, 84.75618479052292, 85.88922846168357, 86.29410951668866, 84.52382558249198, 85.8926009680988, 86.08496487425614, 86.98514963935274, 85.59298203471356, 84.98406826740512, 85.08637394776063, 85.08637394776063
96.54, 97.23970723544501, 99.26624668290417, 98.87078048491021, 97.39327158283196, 97.80258890712818, 95.74409140603342, 94.1386456486754, 94.21965694394332, 94.00562492252874, 94.04415027081146, 93.64772179775912, 93.73273256868985, 94.67135170919379, 94.85240101761474, 95.04168910454314, 94.5431210673676, 96.26870680090782, 97.60474169023385, 96.84529756158862, 95.02075876893922, 91.86206891445524, 91.86174673455375, 92.81241323106347, 93.99196521794424, 93.99196521794424
97.22, 95.89065110337127, 93.03927640701085, 93.85311511880705, 94.2219120428632, 95.91667825747992, 92.1062788688673, 91.29918058702825, 93.39159703884094, 91.93953163243441, 90.99669089027152, 92.2464128940847, 85.58751841972969, 85.81502052580596, 86.94578442250736, 84.75618479052292, 85.88922846168357, 85.49042638182175, 86.16494492914893, 85.8926009680988, 85.23226932591854, 84.32939815556858, 85.82486939312408, 84.98406826740512, 86.0186191420339, 86.0186191420339
97.03, 97.0698233139064, 94.70624985124876, 91.08387462868781, 91.32219403226325, 93.0982866396953, 91.47266405915511, 92.60932147906364, 93.37402914134638, 89.97628197433839, 90.02464460480628, 87.95043476304724, 87.17393717087253, 85.07006052541908, 86.81827192866332, 84.75618479052292, 85.88922846168357, 84.50371598688248, 85.78709753773262, 85.8926009680988, 86.33088978861491, 84.32939815556858, 85.12646644954567, 84.98406826740512, 85.61740280060621, 85.61740280060621
96.95, 94.76109581138716, 96.66922975116672, 97.45232671056064, 96.82317143550979, 98.7090035263459, 95.23672455036022, 94.63155341378852, 96.15675595834884, 96.24157843850946, 88.79737684871355, 88.91356130022277, 85.3179904766263, 85.53713221562094, 87.74548538435445, 88.32914125936448, 85.88922846168357, 86.25613026658266, 84.52382558249198, 85.8926009680988, 84.73326827916155, 86.18041302290212, 85.82486939312408, 84.98406826740512, 84.18839048711607, 84.18839048711607
96.08, 93.40517023040293, 92.60763035774099, 92.81825998339706, 93.32353817562267, 92.93586349598243, 89.09683668806612, 86.9611494720019, 86.31684543497421, 85.2446552579027, 85.61519332843464, 88.04189626487089, 85.73502197950647, 85.81502052580596, 84.31369739456835, 84.75618479052292, 85.88922846168357, 87.43350228554468, 87.26629748083474, 85.72099780662741, 84.73326827916155, 84.32939815556858, 85.82486939312408, 85.63684671081693, 85.3601572140652, 85.3601572140652
96.41, 96.98099172097612, 95.16717190089692, 90.53746995408497, 89.47275163290385, 91.82742398740781, 91.95535254811873, 92.95961290856226, 95.11177581105444, 91.56897940099516, 91.51374900064437, 92.16496203998838, 89.92112883604096, 87.03807286772968, 86.66824673404527, 85.06920326680797, 85.88922846168357, 84.50371598688248, 84.52382558249198, 85.16852184369935, 84.73326827916155, 84.32939815556858, 85.82486939312408, 85.9276155557368, 86.54429201994786, 86.54429201994786
95.16, 95.82840614661545, 97.81194616357247, 96.27403816022552, 94.13455909803082, 94.82940403218836, 95.78150633411482, 95.23004942595549, 95.44912242392736, 92.66545249844847, 89.2610852859484, 90.6132381156927, 86.83304197874232, 87.10235060668235, 84.31369739456835, 85.9734171368976, 85.29253449974063, 84.50371598688248, 85.20515430725757, 85.8926009680988, 86.0198965410639, 84.32939815556858, 85.01448502172288, 85.64342322346687, 86.72798951490563, 86.72798951490563
97.14, 95.55441762433915, 96.52917522764848, 96.91396504566973, 98.18477115724205, 98.61821243264059, 96.96851251211035, 93.05962176503793, 95.32369277732998, 94.9528041517014, 92.26988866510293, 92.5481741684467, 85.00796617836136, 85.81502052580596, 85.10508417715316, 84.75618479052292, 85.88922846168357, 87.30892395135423, 88.2023741700226, 85.8926009680988, 86.50720767958673, 86.87506452493746, 87.255159157612, 87.98190972026539, 90.29882268414478, 90.29882268414478
95.04, 91.01967240087966, 93.34225954872808, 92.13286818016093, 85.25147394837903, 84.10957757803895, 85.48961899980043, 85.4829156262004, 85.79785307192459, 87.0066455614152, 87.14138293386293, 84.17834927434514, 85.00796617836136, 85.48973082166299, 86.91785720575915, 86.53278980084866, 85.88922846168357, 87.08173199880757, 84.52382558249198, 85.8926009680988, 84.73326827916155, 84.32939815556858, 85.82486939312408, 84.98406826740512, 85.83120156130013, 85.83120156130013
96.07, 97.54550180289353, 98.78286108233611, 98.07270027736841, 96.70046034507244, 98.82945241832849, 98.35510057399063, 95.43763842562836, 98.0416183624704, 97.1424410824105, 97.86436813465708, 99.01287719634493, 94.54813863291267, 93.6269250356578, 94.8408731680345, 94.65422821254988, 94.57224428437378, 95.53709639690925, 97.25722268011505, 97.44368470505485, 96.84078645605194, 98.63468600962598, 92.91658327140611, 94.07208188097755, 95.44662905325345, 95.44662905325345
95.05, 94.43166470354876, 92.90019708706734, 91.31028713030523, 88.2967733767023, 89.30541286945643, 87.72410749678492, 88.18106939514135, 88.24405590940547, 88.28499637524348, 88.66915769575503, 84.17834927434514, 85.00796617836136, 85.85513420002941, 87.79497645501382, 88.44900184795735, 88.40078521180754, 89.81851111370632, 85.64940268807715, 85.90543670091301, 84.73326827916155, 85.79990098056176, 85.82486939312408, 85.70211892004156, 86.7282216718099, 86.7282216718099
96.31, 94.32146403288587, 96.45723719658493, 97.14323609955406, 94.5327222762036, 94.76318988203889, 95.6850226850607, 95.98961162476932, 96.77869081246085, 97.82048194244904, 96.91621324370183, 96.52495172443824, 96.10015920744831, 90.84111722413797, 88.42377413835099, 89.23298762470176, 87.91448627999961, 87.33028229135736, 87.72629407299702, 85.8926009680988, 85.32957878922053, 86.96415388645612, 85.79545285540154, 86.36460341538232, 88.01616173742084, 88.01616173742084
95.68, 96.81748287620334, 98.76045337406906, 97.7858824928291, 98.6836984216991, 100.97734741246319, 98.04179313293449, 94.96071110793504, 95.77421446048342, 96.18147854763203, 95.84386212013577, 94.98331831238191, 94.17938406120594, 86.94527680783283, 84.31369739456835, 84.75618479052292, 85.88922846168357, 85.84185983615312, 84.52382558249198, 85.8926009680988, 86.55358284548687, 86.71183973466854, 86.24722862275004, 86.7581572739859, 89.17648196900338, 89.17648196900338
95.82, 95.48580043662106, 94.81291503386029, 92.89743221756655, 91.53128720792546, 88.23512383770246, 86.18544492241784, 85.3971732587531, 86.546585596419, 86.7133363838797, 85.67588852209451, 87.41083277447677, 87.60494521416337, 88.4334907814317, 90.52099616311023, 89.26131020005742, 86.09906965930708, 85.979292502939, 87.14404126588576, 86.3640524332976, 84.73326827916155, 85.62839411405818, 86.477434080387, 87.57594153070931, 86.82498429452477, 86.82498429452477
96.61, 95.57048991866618, 96.50108674090627, 96.60715671966712, 96.31885849081938, 96.86612067441037, 95.48214458771038, 94.15844343236436, 94.52338224253678, 93.94097698754203, 94.43322593342063, 94.57597726237265, 94.14869983129701, 92.87096315426892, 91.87541285243533, 93.2317555476404, 92.23453453384725, 90.48306034942532, 92.17269868466315, 88.17019088314025, 87.20413951123595, 88.93271215051686, 88.2046396278649, 88.86560391675982, 86.86128434997777, 86.86128434997777
96.99, 96.78947353309768, 98.54357736700959, 99.23829173528958, 99.3219242669479, 100.14259815496547, 100.15137558649454, 100.63524265405397, 102.98193957598056, 101.77925792719567, 100.08585983675054, 99.83006064410243, 97.68465050671941, 96.69094229003736, 97.18088409223094, 98.35584418949426, 96.87852415071187, 97.34987376637345, 99.19138025670846, 96.81092028661944, 96.93369163855458, 97.2993531797561, 95.33928584966252, 93.6914277102336, 94.43594942353394, 94.43594942353394
95.53, 94.0964735053411, 96.24748817612719, 95.2501083749165, 95.05187740441464, 95.71337352164055, 96.47411046519356, 91.2108403430733, 92.55633739189065, 93.60152144528817, 93.87338104560412, 89.40193810695521, 91.01754858837974, 90.12044665723705, 88.23084522241105, 87.11673079238905, 86.97150858854474, 88.5905139000504, 89.54391199803011, 89.86266507201489, 88.46747696027947, 85.96940939454267, 85.9715942217362, 85.27979000964898, 86.13529696774927, 86.13529696774927
96.3, 95.01512297281165, 95.53704249843402, 95.39928475286345, 95.33416981498976, 95.1804955368977, 95.34213575464345, 90.27759467303633, 89.67374219446533, 88.87663543671171, 87.83458179615332, 88.58049020858398, 86.27244404891738, 86.97515622535744, 86.11226231353882, 85.98317602894804, 85.3482733757159, 86.63455818215381, 84.52382558249198, 85.8926009680988, 86.21078383261037, 85.68470896026074, 86.0230136012452, 87.54102329291487, 87.92321042965702, 87.92321042965702
96.86, 97.57002929538935, 98.86081249202297, 99.7836229717918, 99.2156093896001, 94.47998836277316, 89.48910257518389, 85.4829156262004, 86.85608858289605, 85.03836336244045, 86.14107675928838, 87.23585025966435, 85.00796617836136, 85.81502052580596, 86.48041092404152, 85.7691668833446, 85.79566784314952, 84.50371598688248, 84.52382558249198, 85.8926009680988, 84.73326827916155, 86.10528912548061, 86.23716555123345, 84.98406826740512, 86.46003525252293, 86.46003525252293
96.82, 97.73377757346006, 95.76265312958246, 93.55833612198273, 89.74034412054506, 90.3437957862255, 85.48961899980043, 85.96709338617872, 85.23923374299298, 85.25911298499855, 85.67588852209451, 86.35977713506902, 87.7730162507929, 87.26449711441747, 87.91611433328843, 89.135234933026, 87.45353954719687, 89.44392054332238, 88.69930578917334, 87.057225682612, 87.76314136358874, 84.32939815556858, 85.19922823395217, 84.98406826740512, 85.46774087367436, 85.46774087367436
96.47, 92.67403080405245, 93.30435569610076, 92.95702819468158, 94.3755470549649, 96.5120613155761, 94.43746893355954, 90.17423725010303, 91.39298226845393, 88.227670021402, 87.692984974938, 89.29338174067594, 86.51849991485355, 85.81502052580596, 86.42504527357676, 85.14377041716105, 85.88922846168357, 87.35226936212109, 88.46577991721044, 88.11920662250408, 87.94870535489528, 89.26655078113762, 85.02193962960753, 84.98406826740512, 85.58049524812097, 85.58049524812097
94.73, 94.1139395456704, 95.64895477090204, 94.354774830465, 85.01199810653995, 85.11708591546285, 85.48961899980043, 85.90310509702677, 87.21048947188957, 85.7133997529189, 85.67588852209451, 86.28437752566867, 85.00796617836136, 85.81502052580596, 84.31369739456835, 85.10958597929871, 85.88922846168357, 87.60680903021854, 88.92362290487043, 87.41179656717875, 89.06454279492662, 89.18189006596069, 87.8679851997868, 87.86552455537267, 85.73117533294281, 85.73117533294281
96.38, 97.06638390802169, 98.40761306097957, 97.01321391725978, 95.16994293419951, 95.35482115856352, 95.33510590544464, 94.47917759799986, 96.61282893584048, 97.4446537996325, 97.16914888997646, 95.95495708314346, 93.98517642540145, 91.37146672586866, 93.5109196827998, 94.28222243049896, 92.3765773032905, 90.78167371703292, 91.04807530383412, 90.95389751597533, 90.00672719541679, 91.1285705939677, 89.68533427530103, 89.6866569449196, 88.58702525876502, 88.58702525876502
95.42, 95.43902073862989, 95.95433531738675, 96.47009979804028, 97.812112568773, 100.1132285784828, 100.18982238402464, 98.15077852962692, 94.96368737833096, 95.27248889749127, 95.63649684502725, 96.16763315428089, 92.80738505768768, 90.44103682586014, 87.02780698014348, 84.75618479052292, 85.88922846168357, 86.66559999134728, 86.19287649866253, 86.41545910989439, 84.73326827916155, 84.32939815556858, 85.82486939312408, 86.39787119732279, 87.70898933218844, 87.70898933218844
96.12, 93.27810656851707, 93.9826082181819, 89.0797996233626, 90.21418644877173, 88.36953187269911, 86.7631417946209, 86.93214381771888, 87.82058485115802, 85.25911298499855, 85.0320254476518, 85.47908814737995, 85.00796617836136, 85.81502052580596, 87.20750505187206, 88.26317950180781, 85.88922846168357, 86.19543720271254, 85.6312925292568, 85.8926009680988, 86.66950664623171, 87.35068122911458, 85.82486939312408, 84.98406826740512, 86.73459511317444, 86.73459511317444
97.18, 96.37852989594015, 98.78047104579029, 97.2188953874219, 96.75423951959976, 96.43088131301238, 95.98700117658049, 93.9126723832378, 95.1940125083398, 94.17651998273868, 94.90418326139584, 96.83153262200256, 94.4314550854101, 93.11939916509671, 93.64269696766475, 88.94721888839128, 87.7741001838379, 88.09308224953539, 89.81801302284885, 87.70795905936312, 89.46569516772371, 91.25501680935794, 91.37955102094068, 92.55484447277615, 94.28545219586476, 94.28545219586476
95.31, 94.23262313553091, 94.19102845835997, 93.56383121068833, 91.56428959156706, 87.82052138218201, 88.50512557602602, 89.37807604190829, 90.37023449855918, 89.68699092540804, 89.35838123436054, 90.84593976048241, 91.86428254738624, 89.59147401015571, 89.30976088799812, 87.59638351252087, 85.88922846168357, 86.54150223312901, 87.08870836170497, 86.85328393196083, 85.94315712016706, 86.03660952580978, 85.82486939312408, 86.97609672658746, 88.56904556047976, 88.56904556047976
95.72, 95.31084891897098, 96.43811811301202, 95.96234718880964, 94.8139684278991, 94.02581586060889, 93.94836749774693, 91.15016165450045, 91.88155100663555, 93.17685637399482, 93.05229649132221, 93.5924296285712, 95.04061112236613, 94.5142149890381, 93.8382708847044, 94.98373130095544, 95.28167372147661, 96.28304055654175, 97.35663682741475, 96.33928301706635, 97.90561661598797, 99.86642387042197, 99.27430266359721, 97.57344172799243, 95.17048307325115, 95.17048307325115
97.02, 96.88981200183716, 95.5478495562799, 95.22705152664237, 96.30314563663842, 97.2823009834278, 95.93938891730753, 95.96676061422723, 98.44381372997726, 96.04327542717743, 96.86493593893883, 91.22663600015457, 92.05282103636385, 92.08527848445227, 93.77084807672253, 94.47149369712477, 93.62511316457208, 94.47557126927485, 93.06651562809084, 92.37499757995971, 92.98861581437149, 93.59517500799822, 93.22097513092035, 93.583697030715, 91.88214480955266, 91.88214480955266
95.26, 95.34410361038022, 94.76932563065144, 89.78252959010972, 90.37984643452543, 84.10957757803895, 85.48961899980043, 85.4829156262004, 85.27982426407591, 85.25911298499855, 85.8087481168974, 85.41308044699838, 86.07698086025499, 85.81502052580596, 87.85287573468236, 86.39376462202482, 85.88922846168357, 87.50560005789396, 85.934126864187, 85.8926009680988, 86.77845757024605, 88.89466864240173, 85.76587451976978, 84.98406826740512, 86.44384411168815, 86.44384411168815
96.61, 96.06484601846745, 97.1115154079639, 96.82769865831003, 93.30698840349858, 91.50466608064691, 89.35394028641377, 85.25729821264781, 86.17001573429779, 85.25911298499855, 85.53725683218232, 86.9590467444207, 88.049425676641, 88.08124356801423, 89.54457201300428, 88.66897343459895, 85.88922846168357, 84.50371598688248, 85.03074348317436, 85.8926009680988, 86.91018312343222, 87.01329056349024, 85.82486939312408, 84.98406826740512, 84.18839048711607, 84.18839048711607
96.02, 96.26158912689262, 98.47126465736255, 99.07142403398214, 100.44220207631307, 101.70143055116434, 100.1923806331501, 96.12306336015735, 97.18576586198647, 97.89802264438671, 96.94777335038269, 91.93023230731679, 91.74951980247452, 91.31151020966811, 91.48493248907073, 92.34816043713172, 89.12401483804265, 88.98763594658314, 89.63459340948161, 89.56350559722681, 89.2002739027728, 88.15817450377922, 88.57756190718015, 90.01464771924886, 90.7544107289259, 90.7544107289259
95.36, 94.84033406643228, 95.4332761418549, 96.14733792025699, 95.32714469512432, 95.36430225844308, 92.97989917472945, 91.53522247258843, 92.13447887961419, 92.61764380961888, 93.33356491099671, 93.93963321686353, 94.49412016569326, 94.49462678049085, 95.68521973769741, 92.43448816573061, 92.84279058958087, 92.96378033029458, 90.78751986712517, 89.20988502469667, 89.46238745734378, 89.77062224955623, 89.97169111363598, 90.34394821541511, 87.53018636141074, 87.53018636141074
95.0, 91.39563342419648, 93.18973467701299, 92.78822637971558, 93.10257456501319, 85.61986416539912, 85.55983034840634, 85.07344165012138, 86.70473800338772, 85.99410488961473, 85.37435476760709, 84.17834927434514, 85.00694058607067, 85.81502052580596, 85.11423614493147, 86.9639761702365, 86.86205934328174, 87.7134716167421, 89.26940191507808, 86.93510951669347, 88.45136395999096, 89.38449597778501, 89.06791545962342, 88.76953550258345, 90.42736717191076, 90.42736717191076
96.82, 97.94862543183429, 99.28984923120547, 98.29862312566918, 99.23225237454668, 101.37454009796312, 100.99187148034852, 101.16838687448495, 98.81805549671095, 97.65038600682347, 95.34841771235614, 96.10537890511183, 96.69472124338418, 93.73318161907657, 94.81942733264894, 94.51613258941224, 94.71361653883704, 93.78347245820399, 90.00939360930013, 88.1108000408633, 87.31291379805711, 84.32939815556858, 85.82486939312408, 84.98406826740512, 84.18839048711607, 84.18839048711607
96.34, 96.71848774678422, 98.99160615722526, 98.38250193343339, 95.51616761928679, 96.37025967597798, 96.09570883487245, 95.78347638784251, 97.63369859041917, 92.36204913041371, 90.09598603829963, 90.57638091588989, 90.46938271730077, 90.15471310955388, 91.70672134249908, 88.42197073876001, 85.05652330267729, 86.17648961235876, 87.178866382273, 87.20367162797407, 86.54605623717387, 88.40876141013098, 87.61464912885661, 88.75539374159698, 88.80997395789264, 88.80997395789264
96.04, 95.80541916795744, 95.6649723611454, 93.50794384014618, 92.51530540185742, 93.36580112172834, 93.53723030653661, 88.81010447920829, 90.77461161691286, 89.64412294401784, 85.72377865512422, 86.51777787879864, 87.85929323700586, 87.43591151340175, 84.31369739456835, 84.75618479052292, 85.13490917838332, 85.84047134088956, 84.52382558249198, 85.8926009680988, 84.73326827916155, 84.32939815556858, 85.82486939312408, 86.75222257192621, 84.18839048711607, 84.18839048711607
96.13, 96.0182164283051, 94.73004689357356, 91.09879771548668, 90.00708581942595, 89.71145324061375, 88.44609242939427, 85.4829156262004, 87.64456309891045, 85.25911298499855, 85.17373728289868, 87.21548140044436, 87.36155066374499, 86.5405472782213, 84.31369739456835, 84.75618479052292, 85.88922846168357, 84.50371598688248, 86.57316035045167, 85.91993477896821, 87.56269843642103, 85.61635936968943, 85.82486939312408, 84.98406826740512, 84.18839048711607, 84.18839048711607
96.24, 97.41370946654672, 95.44710753440262, 94.88440591361287, 94.72918214142621, 93.15919301980101, 93.17299257216742, 93.57816903794782, 92.81470404711011, 92.1870443992769, 92.87642546059804, 93.65474439619787, 93.8331858208111, 92.28643467308864, 90.23123307294453, 89.97656383971832, 85.88922846168357, 84.50371598688248, 85.28955681980257, 85.8926009680988, 84.73326827916155, 84.32939815556858, 85.82486939312408, 84.98406826740512, 84.18839048711607, 84.18839048711607
95.99, 93.92944657726386, 88.73895509829119, 89.28580407255569, 89.71248471616008, 89.8008701826078, 85.94590633133416, 86.29394765117803, 87.64748394552598, 88.08062254165952, 88.55724614233003, 84.17834927434514, 85.00796617836136, 85.14652527813463, 84.31369739456835, 85.37020160413537, 85.88922846168357, 86.70005207790321, 85.4443696168328, 85.8222272147266, 86.73671850190577, 88.71149987880752, 86.06621662057219, 85.08773305407628, 86.02626246433532, 86.02626246433532
96.42, 90.7665304436253, 92.1509016673326, 92.99344654475924, 90.61223175467124, 92.924594672915, 93.43954182757996, 92.58969334514482, 89.790213903232, 91.27179358428155, 87.3521785138599, 84.17834927434514, 85.00796617836136, 85.81502052580596, 86.29012457089055, 87.6589341413267, 86.56037486759716, 84.50371598688248, 84.52382558249198, 85.8926009680988, 84.73326827916155, 85.30818756412172, 85.82486939312408, 87.0129253008054, 87.14225323229765, 87.14225323229765
96.51, 94.22631420989343, 96.47255332618934, 97.00250372640032, 97.04971958271202, 97.28604163353498, 98.22674752268289, 98.2848278562582, 99.81645982156262, 97.76246563595437, 97.40853881575428, 97.68809004920898, 97.24806167208072, 95.25699007785575, 96.81340992577445, 93.27730066128827, 92.46427616009399, 93.54288560556192, 90.6394600562575, 89.94742658001154, 89.44773390054111, 90.08639821643713, 90.10014459422925, 89.66557211325899, 87.58865589801336, 87.58865589801336
95.78, 90.51917671201304, 86.14546949331006, 85.68112224577713, 85.25147394837903, 85.67028232494332, 86.42403970512225, 86.50524671191985, 85.68467102200444, 85.25911298499855, 85.67588852209451, 86.89097488537264, 85.73606977503002, 85.7999342800376, 85.45526775057306, 84.75618479052292, 85.88922846168357, 87.64106275557877, 88.53125614618573, 88.47279425941186, 89.57200083632483, 91.93870299733467, 88.48562966921949, 87.44602821064056, 84.18839048711607, 84.18839048711607
96.59, 97.15478531460643, 98.54503196129839, 99.23782251553097, 99.09110542789698, 99.9681370504226, 97.35875152285368, 95.38770403673573, 97.5822598877099, 98.81716924160872, 99.17087289762847, 100.88649407631654, 98.02267916257642, 97.26426972268081, 95.36292948431021, 94.40982359595527, 93.64931867154976, 94.9329519270461, 95.67004351371703, 95.18112294608049, 97.03721269073907, 97.78712745386558, 96.77884339835093, 97.08042079908262, 97.9522656663863, 97.9522656663863
95.72, 94.0029570209399, 91.0397435426952, 91.1282833262366, 89.73385088216668, 87.74542491823412, 86.68716432057388, 86.70445888199833, 85.23672303309102, 85.25911298499855, 85.67588852209451, 87.02688645835478, 85.57878914377059, 85.81502052580596, 87.33442184374817, 84.75618479052292, 85.88922846168357, 87.15406024002742, 87.93182634900388, 86.34151531870639, 86.95665564358575, 87.28435510223132, 85.82486939312408, 84.98406826740512, 84.18839048711607, 84.18839048711607
95.82, 95.42721548417092, 93.93849933407056, 93.61337586499707, 91.41795785577094, 91.65723497786793, 92.13628084409685, 89.94511970684188, 90.64814345361026, 90.8140979340228, 89.38321335262043, 89.47054440943403, 89.19216459272869, 89.41610374560196, 90.12067374570837, 91.99684398308581, 92.13743259010604, 93.9600741762815, 91.2100776195121, 90.57256973098173, 89.85190489958828, 90.69818382962552, 90.99927992631638, 90.33898514884545, 91.445751881974, 91.445751881974
96.8, 94.07890044301088, 96.43180440080377, 96.94700782793234, 98.12151670611078, 98.1907994564135, 96.53924719496597, 95.54507337634276, 96.20878524957995, 94.1276922279224, 89.32571443216685, 86.03381233817016, 86.74400504990608, 86.41708383294657, 84.31369739456835, 84.75618479052292, 85.88922846168357, 84.50371598688248, 84.52382558249198, 85.8926009680988, 84.73326827916155, 84.32939815556858, 85.82486939312408, 87.50242191421955, 87.58171269714471, 87.58171269714471
96.19, 95.04055842368597, 88.52309744283966, 87.98378278052236, 86.05984778005055, 86.24401640267168, 85.48961899980043, 85.4829156262004, 84.10845337987462, 85.25911298499855, 85.67588852209451, 87.88907371451515, 88.40867455288873, 85.81502052580596, 87.04672453764843, 87.59913219672109, 85.45611136322903, 86.37544122185916, 84.52382558249198, 85.8926009680988, 84.73326827916155, 84.32939815556858, 85.82486939312408, 84.98406826740512, 84.18839048711607, 84.18839048711607
96.28, 97.81210910549342, 96.56580512649452, 96.51349998204759, 97.63365107574413, 97.69249128189665, 98.6921502443748, 97.62677083245032, 99.12319721449613, 100.39250207450668, 96.14975092656425, 98.27618914391374, 99.02712917989673, 97.3068278852012, 89.94186628367687, 90.94189133912921, 89.73757532465537, 89.59815120076821, 90.11306503896103, 88.37584793503315, 84.73326827916155, 84.32939815556858, 85.82486939312408, 84.98406826740512, 86.36100174928, 86.36100174928
96.13, 97.0603265005739, 95.81273276463719, 96.02142853058874, 97.51049422956066, 97.7214707702719, 97.88687900046482, 98.50987753254704, 100.48126364521934, 100.39869573387531, 100.70268833944714, 101.88262393532652, 101.87622237541689, 101.95707943474649, 102.30765077255656, 101.66353898266176, 101.4277164569993, 102.77885946807949, 103.0681802834017, 103.50922445535392, 103.30204627386178, 103.04204737252759, 103.3640075983672, 104.60202268999984, 106.68379218980184, 106.68379218980184
95.54, 96.24101928288863, 97.66197646077507, 98.63613006683761, 99.12513301166153, 99.05379533463189, 97.90231170994461, 92.15357348532417, 92.75865421605099, 89.90106818075324, 89.74189896815602, 91.9843118380502, 91.05041724328721, 90.30798997719272, 87.99045441152221, 84.75618479052292, 85.88922846168357, 85.53930750320706, 87.57397802904427, 86.32381862185512, 86.7860917124061, 86.49003694948185, 86.45942815078457, 86.01405240601781, 84.18839048711607, 84.18839048711607
96.79, 98.19492571286536, 98.74487390271634, 99.04207206277582, 99.37378220575657, 100.91249963060545, 101.88766394893963, 97.7137582719732, 98.65243722596273, 99.31969949140876, 99.69378550495416, 95.21057975795597, 96.31480518322626, 94.82515039975624, 96.72298159241788, 96.85121068461986, 94.20745139503988, 94.26439654611622, 95.86004768023778, 96.25263498616482, 96.12767644621393, 96.6224238240851, 93.55110583492392, 93.8680857046927, 95.4152677117513, 95.4152677117513
95.16, 96.53275856122649, 94.12655940616932, 91.94615060582564, 91.63805141184675, 92.28829554939452, 93.52781216894545, 88.52447769119628, 88.01166728526306, 88.67779270810017, 86.00398568495507, 87.80001624144158, 88.75620685946772, 87.15592020109464, 85.63483441447299, 85.14518674745565, 85.88922846168357, 86.69586343584935, 87.88073142995198, 88.77018826817846, 87.3413055510283, 88.28210034096779, 88.17900561664538, 88.78823817944887, 89.92405988766713, 89.92405988766713
97.35, 96.18912065578466, 95.94601945881067, 95.01040825345423, 93.57150856267126, 94.7006119266285, 94.52866299284156, 91.631806117606, 89.63627507205055, 89.38074464082337, 86.22836312245803, 84.17834927434514, 85.00796617836136, 85.81502052580596, 86.01650133331425, 84.75618479052292, 85.88922846168357, 85.91694342557916, 87.33842029205397, 86.95510567957426, 84.73326827916155, 86.66167762669428, 86.35855884248261, 87.48591297894639, 86.33103248285539, 86.33103248285539
96.51, 97.01689989525104, 97.22878003592841, 95.09548969831728, 94.94406616066675, 97.08296499934923, 95.79010058522378, 94.7702778261338, 95.06020253273054, 92.58906642908947, 92.03202339620836, 92.88111829724014, 87.44081761602854, 86.79509894236607, 88.4755498567897, 89.41373192905, 88.72086808843132, 88.1811724474817, 84.52382558249198, 85.8926009680988, 86.88151323905544, 84.32939815556858, 85.82486939312408, 87.03584318878299, 85.97120358646528, 85.97120358646528
96.25, 97.24015044041546, 99.02182983216859, 93.34345661252182, 94.32861268981922, 95.14215820420402, 92.96553326561977, 91.31223835868693, 92.53967407368546, 92.84095582020782, 93.85097460464742, 90.30171448129045, 89.63633048102449, 87.20663817740567, 88.17634791759797, 88.27009854107627, 85.1103628744206, 84.50371598688248, 85.3685215575424, 85.8926009680988, 87.08909630644504, 88.98123850940016, 89.39952878924521, 90.3852521887402, 90.94241253518575, 90.94241253518575
95.46, 96.83032244475994, 97.75969221757495, 91.69676002657448, 91.39370647038858, 91.33717405011414, 91.52879143687716, 90.56528556101377, 90.06271885745223, 86.29914824913438, 86.92970813714278, 89.24822555961575, 85.69855716195055, 85.81502052580596, 85.35792488848632, 86.57621283484139, 85.19828790622067, 86.98680807770887, 87.7440553842699, 87.02657207097104, 88.06347465275883, 90.25008104107776, 89.06926138432982, 89.66191601523208, 89.34731609230374, 89.34731609230374
95.33, 93.74624037246043, 96.10197102696631, 94.00414545309381, 93.2181478995853, 89.74244026555988, 90.8467046206485, 88.69860917248583, 84.10845337987462, 85.09172979747105, 85.67588852209451, 84.17834927434514, 85.28730389251503, 85.81502052580596, 85.84317409742522, 84.75618479052292, 85.88922846168357, 87.13016653881148, 84.52382558249198, 85.8926009680988, 85.59485614422218, 84.32939815556858, 85.82486939312408, 84.98406826740512, 84.18839048711607, 84.18839048711607
96.76, 93.78960645959478, 93.05513438763883, 92.32830531248719, 88.03446400114802, 88.04673147960155, 85.35544399358315, 85.4829156262004, 84.10845337987462, 85.25911298499855, 85.96991261874219, 87.70874566567817, 89.29294050661217, 87.22109667915022, 89.00306333069805, 88.43972015102263, 87.50271710871513, 88.78310096839836, 86.35195094522929, 85.08380243230185, 86.40914452192669, 84.32939815556858, 85.82486939312408, 87.24387999178188, 86.33284580793328, 86.33284580793328
95.67, 96.24978611977069, 95.33386198149586, 95.54243533693412, 91.29756731559043, 92.3543183574264, 91.72832929289108, 88.34380088945855, 90.96443945179254, 91.09264140940238, 90.88852988413264, 89.02713948381378, 89.38966039607143, 86.81400734528313, 88.16044609753322, 85.16120205786342, 85.88922846168357, 84.50371598688248, 86.14538040358234, 85.339314824046, 87.32154664352502, 88.34027383224976, 87.5012748874767, 88.24709468066195, 86.6006894462805, 86.6006894462805
96.89, 95.11324925116853, 94.46811324879451, 94.58856074326211, 94.93284730004358, 94.13233770666258, 93.09418316154972, 93.83939426454033, 95.39467004479363, 94.59626024593187, 91.65464100082086, 88.86380816562976, 86.9881809493942, 85.81502052580596, 87.81169312342749, 85.77079851760112, 85.88922846168357, 84.50371598688248, 84.52382558249198, 85.8926009680988, 86.17914435287487, 86.8084340089183, 85.82486939312408, 85.3669744585107, 87.03810453094663, 87.03810453094663
96.39, 95.76910564650913, 92.99334640747446, 92.08361426411231, 87.96001715094599, 89.90551734219409, 88.67917179405418, 88.20621217880046, 84.10845337987462, 85.25911298499855, 85.67588852209451, 84.17834927434514, 85.38712484441857, 85.3271546258723, 86.2253353097918, 87.7507522111182, 86.2993438747717, 86.70987717286188, 85.8633657982864, 86.29366946565776, 86.80482579827499, 88.12780505616455, 86.70327326452127, 85.53640805172253, 84.18839048711607, 84.18839048711607
95.56, 95.05741463801073, 94.17253481278826, 92.45934443214695, 89.59377570583094, 87.56358245089285, 86.94645140483192, 85.4829156262004, 84.10845337987462, 85.25911298499855, 85.67588852209451, 86.46410922254861, 87.40119265530144, 87.63984958458418, 88.56926740059657, 87.04906510357594, 86.41356890618725, 87.96904153988926, 84.52382558249198, 85.8926009680988, 84.73326827916155, 86.77930909737618, 86.33305170115496, 84.98406826740512, 87.47029763195586, 87.47029763195586
96.77, 93.94078505180303, 89.4659549672506, 88.06277404596956, 89.47300491124297, 90.04933921153902, 87.43986911874737, 86.44316380215142, 84.10845337987462, 85.25911298499855, 85.67588852209451, 84.17834927434514, 85.00796617836136, 85.81502052580596, 84.31369739456835, 84.75618479052292, 85.4888181594667, 84.50371598688248, 84.52382558249198, 85.8926009680988, 85.08864330338895, 85.36602908247002, 85.82486939312408, 84.98406826740512, 86.3578127890928, 86.3578127890928
96.55, 94.21894810941828, 96.29485555217525, 91.115699892558, 91.82423693140733, 90.29054204675519, 90.24960597254336, 91.20008724554214, 89.2857801897192, 90.23164565599279, 90.48842144262936, 91.42096789689099, 90.25302148882609, 89.1161045576394, 88.53282728884164, 90.24761826499912, 88.9746776534885, 90.06514854024081, 88.12716442983691, 85.97235718995884, 87.76080683302382, 89.83120049143052, 88.41374371742522, 88.70396839727482, 90.52864148124308, 90.52864148124308
95.67, 94.00575820656614, 95.8349411070207, 95.78520899342921, 94.23233686215988, 96.27816650551623, 96.7747386134599, 95.98550854043667, 96.28243799910227, 96.97877487781736, 97.2951666463538, 94.82387172401879, 90.32286683902704, 89.08686768332515, 90.5136616623976, 90.03018621169538, 89.78695558249002, 89.8905416016062, 88.30302813337802, 88.85134405644646, 87.3079839184791, 88.57622750889034, 88.7241817251877, 89.65212587927597, 89.38073793774835, 89.38073793774835
96.19, 95.07023097318537, 93.31958046625769, 93.51101059769057, 93.85164058746697, 95.7944496582359, 96.79026087831306, 97.31375367999256, 92.23667981054159, 92.78613723270134, 91.43413103357526, 91.42976718634996, 86.72126770907495, 85.10645897310118, 87.03009173277529, 88.23290617241756, 88.18855674256467, 89.48445850436286, 84.52382558249198, 85.8926009680988, 85.81167819453408, 88.08470769811098, 86.64309424048325, 85.57727481396493, 86.91798289057012, 86.91798289057012
95.74, 95.60589661374576, 94.87702247605813, 91.82028785350792, 92.56007036313278, 89.53176570943607, 86.86167209276992, 85.69312891117367, 88.02359859852915, 86.48456162579186, 86.47693823202047, 87.81380642301376, 89.27453218573069, 88.62763313639103, 89.87997182281366, 87.60636856270791, 86.23201152878723, 85.33013602609829, 86.22217035741788, 85.8926009680988, 86.5066256806317, 86.10662234238539, 86.205014384422, 84.98406826740512, 84.18839048711607, 84.18839048711607
96.35, 96.65155123620815, 91.90580986941222, 90.19521393529554, 90.33655886263378, 89.16249121576719, 87.24618470483944, 86.04123771738983, 86.27208917944616, 85.25911298499855, 85.67588852209451, 85.9032819635008, 85.81800079684419, 85.81502052580596, 85.095201436274, 84.75618479052292, 85.88922846168357, 87.99751325378242, 84.52382558249198, 85.8926009680988, 84.73326827916155, 84.32939815556858, 85.82486939312408, 85.30986647565885, 84.18839048711607, 84.18839048711607
96.16, 97.10033186665363, 96.20714374924108, 96.36124928011351, 94.68057332693469, 96.41792040589586, 95.74119973406783, 93.19503806963377, 95.80257149373698, 94.13401526388083, 90.65476781102993, 92.38040833335177, 91.11272507116055, 85.81502052580596, 86.5607882327226, 85.29648057869865, 85.30052480197979, 86.32352845383438, 84.52382558249198, 85.8926009680988, 84.73326827916155, 84.32939815556858, 85.82486939312408, 84.98406826740512, 84.18839048711607, 84.18839048711607
94.3, 94.97983057220371, 96.71779446774521, 96.16402503125428, 97.30832366983519, 99.0882258262242, 98.75565946285919, 95.99110797773884, 98.18422107797983, 98.96354305154728, 98.91900754805704, 98.91448699277836, 99.87578143000842, 95.06818800498242, 95.16667779456884, 96.8058705343181, 95.64605505946044, 95.81270451277385, 96.25036560202003, 95.41783064213857, 91.72831000422543, 90.2009508694574, 88.20019667547061, 88.5950818450841, 87.33902085148483, 87.33902085148483
95.74, 94.81947469119243, 96.72353679547037, 95.5829000437826, 92.14308853188882, 91.0028315968728, 87.96719079302156, 88.3594751010308, 90.48626924337904, 88.9757547420502, 87.24774466228588, 86.62793337930326, 85.13963349523473, 85.81502052580596, 86.15199287648765, 85.17281455504494, 85.88922846168357, 87.7535951895677, 86.68259957250919, 85.8926009680988, 86.92219512280276, 86.57235566591962, 85.82486939312408, 84.98406826740512, 84.18839048711607, 84.18839048711607
95.48, 89.24651643295489, 89.46253862229658, 88.45814868234602, 88.41641065235156, 89.92917162296911, 89.44058821059794, 88.00589863462254, 89.9824211944127, 90.93671303994505, 85.82448641915313, 86.423881478586, 86.10298290572437, 85.81502052580596, 86.52134587101713, 85.0947445513443, 85.88922846168357, 84.50371598688248, 85.74012522075971, 85.8926009680988, 85.6681028365435, 87.72431937990885, 87.36488145757161, 85.86521275745264, 86.2656766723218, 86.2656766723218
95.79, 94.71829381655677, 94.59125418883437, 89.13999188971468, 90.247031863936, 91.96099240119476, 92.73268126147696, 91.64201849727101, 93.1989094046394, 92.26071427715752, 90.35217178745822, 90.3643540050748, 87.21927294416481, 87.16812369026937, 84.31369739456835, 84.75618479052292, 85.88922846168357, 85.02852747650871, 84.52382558249198, 85.8926009680988, 85.98889975262243, 87.49120689854853, 86.473327426297, 86.75867836095689, 86.1399660782907, 86.1399660782907
96.59, 95.87732124833244, 98.05093287129884, 93.47172979804006, 93.19684656267259, 95.23760201270406, 95.24183232738415, 93.66859099849543, 94.26590097031384, 95.1412662030947, 93.1112812242473, 89.05827028506815, 87.96112772438792, 88.12277826909639, 84.31369739456835, 84.75618479052292, 85.88922846168357, 87.06766569492484, 84.52382558249198, 85.8926009680988, 84.73326827916155, 85.58243823508002, 85.8442857049468, 86.64149806800773, 86.87035314213819, 86.87035314213819
96.51, 96.37136407944374, 93.9914911224258, 94.63922057460694, 91.48655765808338, 85.71423777730428, 85.48961899980043, 85.4829156262004, 84.10845337987462, 85.25911298499855, 85.67588852209451, 86.52454206106667, 87.0854671939429, 85.81502052580596, 87.20983234031877, 86.2145982204147, 85.93317340889979, 87.63751810413288, 84.52382558249198, 85.8926009680988, 84.73326827916155, 84.32939815556858, 85.82486939312408, 84.98406826740512, 85.75373432554032, 85.75373432554032
95.92, 97.07754567828147, 97.91964962438756, 96.90817471367987, 93.38195680171928, 89.7990325092514, 89.23489730236743, 89.02095731275541, 84.10845337987462, 85.25911298499855, 85.67588852209451, 87.88322324286887, 89.30358064702826, 85.81502052580596, 84.31369739456835, 84.75618479052292, 85.88922846168357, 88.03114415323567, 87.04887891285983, 85.8926009680988, 87.03499661690283, 84.32939815556858, 85.82486939312408, 84.98406826740512, 85.63235192350587, 85.63235192350587
96.68, 85.0, 84.18163231585689, 85.68112224577713, 85.25147394837903, 85.01154366022934, 85.48961899980043, 85.4829156262004, 86.56014117229726, 85.25911298499855, 85.67588852209451, 86.65944253295285, 87.18308014545354, 85.59966138215518, 85.12864395718904, 85.68310578160728, 85.88922846168357, 87.32152002391825, 86.27174576925734, 85.76041923746249, 86.41878702365536, 88.26225392803869, 85.82486939312408, 87.38400530691499, 88.25498773965391, 88.25498773965391
96.09, 94.22463371929227, 93.3549552103787, 93.39315750437991, 91.802627700208, 91.70820068941693, 89.55248536349268, 86.26926606668239, 88.63949591306076, 85.14227433434269, 85.67588852209451, 85.54295344833511, 85.00796617836136, 85.81502052580596, 84.31369739456835, 84.75618479052292, 85.88922846168357, 84.50371598688248, 84.52382558249198, 85.8926009680988, 84.73326827916155, 86.37605988838182, 86.1198707230456, 86.73446789843567, 87.8908106014676, 87.8908106014676
95.57, 95.48091948890942, 94.33706451283065, 94.38702491264858, 92.61361996322842, 94.79090054857265, 95.28080054053594, 96.35527699646516, 97.77419953282148, 98.73003645913585, 94.9910128793155, 96.8100011714689, 90.1640467302899, 90.25768688656157, 84.31369739456835, 85.60123906247284, 85.59354520374067, 87.21196537433391, 88.3060134543708, 88.06572780300323, 85.53654808932232, 85.3963848621101, 85.82486939312408, 85.02034934368693, 84.18839048711607, 84.18839048711607
96.62, 97.03964706676626, 92.34094097510322, 90.17343223989161, 90.23221767629856, 89.8568313024274, 87.82291422547821, 85.4829156262004, 84.10845337987462, 85.25911298499855, 85.67588852209451, 84.17834927434514, 85.38362809074732, 85.38397930572837, 85.3025959459068, 85.72158030841649, 85.88922846168357, 85.32324717496029, 86.2724254276996, 85.20708183514832, 86.38005180663926, 86.84293363035435, 86.46476574782471, 84.98406826740512, 86.93137379125768, 86.93137379125768
95.43, 95.32058746537656, 94.32207041861416, 93.90150103684753, 91.15632116532986, 91.59836528943472, 90.6704141227754, 89.13687380541322, 88.27974415361572, 88.32886281623757, 89.27196696797606, 89.12038450798596, 86.31403278215143, 87.13216323045691, 87.17802114959164, 86.99947438701047, 85.1250051053523, 85.0047492314266, 86.62831983691771, 85.8926009680988, 87.28253712394475, 88.77960017819723, 86.88203961642142, 87.48865407961136, 89.10604817334286, 89.10604817334286
96.14, 85.64771643428405, 87.86985416172213, 86.87284489901467, 85.25147394837903, 85.78296233092716, 85.48961899980043, 85.4829156262004, 87.85145433029649, 88.5251039435562, 88.54364502899108, 89.30572232597757, 87.54117019956698, 86.18514292947484, 87.35958087313716, 85.58221345977503, 85.88922846168357, 85.8213805473493, 84.52382558249198, 85.8926009680988, 84.73326827916155, 84.32939815556858, 85.82486939312408, 84.98406826740512, 84.18839048711607, 84.18839048711607
95.95, 96.78940850663211, 95.82294715808439, 93.94215759495084, 93.97834580749644, 94.60786450924452, 90.88686807613044, 90.780843650612, 88.18092876218284, 85.31226842641577, 85.67588852209451, 84.17834927434514, 85.27556010547315, 85.83893460261751, 87.7963651035188, 89.19902887791704, 87.09496570795727, 87.29292240222385, 84.52382558249198, 85.8926009680988, 86.24588643624787, 87.28343058888778, 88.02987545949706, 88.90982069537073, 90.9442029346832, 90.9442029346832
94.99, 95.57929800992075, 96.11320037161066, 97.07575304511276, 97.2227178000733, 95.86006209984282, 94.40102738529369, 95.52627434480809, 97.9302335895232, 99.22687493934276, 99.67735007028863, 101.1533365719977, 98.90722383242209, 96.099982977061, 93.72978996556286, 93.92409763424297, 93.20512007485385, 84.50371598688248, 84.52382558249198, 85.8926009680988, 87.48499086073879, 88.330180237789, 87.94561279776931, 89.29687880093793, 89.40291075712372, 89.40291075712372
95.4, 93.57512937629629, 94.50124733218365, 90.56744722060158, 91.25975369369716, 93.15860372428449, 92.75650759738271, 93.92360259356519, 93.79462209439126, 91.57469099008699, 92.12847786274591, 94.04571054162098, 93.38018093580304, 94.09298962904444, 88.56350585558849, 88.3744501705658, 88.27517502910895, 90.17097915035686, 85.06083675113226, 85.8926009680988, 86.96857951654252, 87.20849226727206, 86.70774705008722, 88.08810350038875, 86.98248772591909, 86.98248772591909
96.41, 96.57842906364164, 93.6400831940395, 93.35078834649576, 92.57434181133519, 92.15491790341403, 91.47250143985131, 92.55148397778773, 91.95046214083115, 87.77769741828904, 87.49874261128492, 88.92444854032344, 85.00796617836136, 85.81502052580596, 84.31369739456835, 84.75618479052292, 85.88922846168357, 86.80680798320509, 84.52382558249198, 85.8926009680988, 84.73326827916155, 84.32939815556858, 85.82486939312408, 86.1526152064289, 86.26376833143611, 86.26376833143611
95.85, 95.97133889300416, 97.3088028207684, 96.59300716612395, 96.23803466190782, 91.89290941483026, 89.09864594574655, 89.12573299535141, 90.07304682800533, 89.78187795171296, 90.02028333202101, 87.39938156451043, 88.57868072697075, 88.81594864371037, 86.12671249494073, 84.75618479052292, 85.88922846168357, 87.08154897413196, 85.88618228215242, 85.8926009680988, 87.30376080778537, 87.9775040454682, 85.72474007334084, 86.03688006349998, 86.05091175412535, 86.05091175412535
96.04, 96.54455758542635, 97.55539058858622, 96.71144937725163, 95.67000888213138, 98.10114797182989, 98.44468336710568, 96.5876732590295, 97.90624974927388, 97.94848761972735, 98.3058737288491, 100.89974845448873, 99.34203544854797, 92.88886836309814, 87.56739408713483, 87.4118109166311, 88.06214052955964, 88.90840165639311, 89.5838314260269, 89.4779045072521, 88.44828286001099, 84.32939815556858, 85.82486939312408, 86.56133271441902, 88.63465868702129, 88.63465868702129
95.72, 96.53627737662524, 97.03048414747263, 97.33752947641645, 96.93447893691003, 97.57422334192867, 94.06953862372077, 94.34073408806368, 94.55662428726563, 93.87384323806313, 90.46443979834676, 91.54831080453408, 91.4718219977176, 91.89040185258749, 93.68909756914235, 91.70698098717281, 91.73473750100077, 87.3494740617499, 88.55629954992361, 86.63805879042899, 85.1243444932703, 84.32939815556858, 85.82486939312408, 84.98406826740512, 84.18839048711607, 84.18839048711607
96.04, 96.74574949664668, 98.47853283618913, 97.22697329331632, 97.20578575912228, 98.29708300533605, 96.82998207843987, 94.6303555301282, 96.53324227019279, 94.89694504105624, 93.70514572411894, 91.45554548633076, 90.58711184164721, 90.0898685011497, 90.76915459472774, 89.02378697741939, 86.6939984076331, 88.49870961778555, 89.92119989811565, 90.63901884154136, 89.78906255853214, 91.49855674746792, 92.16915706007886, 90.86023113419171, 90.58750981059028, 90.58750981059028
95.49, 94.89579026938137, 93.82390291486713, 92.30034358649709, 91.90968701487381, 90.64375170373586, 85.83667696725935, 86.35195048908899, 84.10845337987462, 85.56830314193623, 85.67588852209451, 84.17834927434514, 85.00796617836136, 85.41061920570431, 86.68797672149272, 85.88592641969933, 85.35758765765726, 84.50371598688248, 84.52382558249198, 85.8926009680988, 86.40370815914514, 88.26888974033301, 87.83869598122634, 85.9121641692935, 86.99199523278658, 86.99199523278658
95.96, 95.20690885120352, 94.48422876489224, 92.32676072617618, 90.1587549010199, 89.58818729225413, 90.51869735196443, 85.2755981406413, 84.10845337987462, 85.25911298499855, 85.67588852209451, 84.17834927434514, 85.00796617836136, 85.03445364297599, 85.50266160278605, 87.3359003199608, 87.49701038757549, 89.3106283181773, 87.67934150590203, 85.8926009680988, 85.68302334858792, 84.32939815556858, 85.82486939312408, 86.44599218327276, 85.49787655032308, 85.49787655032308
97.39, 97.34281552341002, 98.41921941770978, 93.58653144151461, 92.79718782329913, 93.50736683804011, 92.7063018256822, 87.46092101569681, 88.72636140731652, 86.2963897248541, 85.67588852209451, 87.25796191483713, 87.08897736752587, 87.47411487342379, 87.47315185491202, 84.75618479052292, 85.88922846168357, 85.72882525679698, 84.52382558249198, 85.8926009680988, 87.49062361252294, 88.77349800393402, 86.70221076044729, 87.42741698134823, 89.42908372948108, 89.42908372948108
96.26, 93.79234507937342, 93.88256967959722, 90.13912835093491, 88.7864727821824, 90.18047077701422, 85.48961899980043, 85.4829156262004, 87.75887137841369, 88.57441856613148, 86.37438513161766, 86.97826544620769, 87.39093996626966, 87.44869235563216, 89.1486060473108, 88.71908038310374, 87.82631768200825, 89.5143432161574, 90.21768287946817, 87.25365810630646, 87.98141415306742, 88.57365316693286, 88.28938335526935, 88.27698891043006, 89.65898883726115, 89.65898883726115
96.94, 96.0067412928856, 93.1804387777986, 91.57456967005055, 88.68829837696255, 85.58847485132785, 85.48961899980043, 85.4829156262004, 87.12493630630267, 87.3977436178984, 88.36469393484703, 84.17834927434514, 85.8584122597882, 85.81502052580596, 85.5724738890364, 84.75618479052292, 85.88922846168357, 84.50371598688248, 85.65562003004116, 85.8926009680988, 87.08519503639265, 88.0974007688191, 88.81393849760754, 88.39700273526793, 90.3154523662943, 90.3154523662943
95.79, 94.7947808923518, 95.22283560653581, 95.61118919163751, 95.22447345350892, 96.8686118465363, 94.11909945390394, 93.37967467383483, 94.59954568858018, 95.42449179608438, 94.357507202683, 94.80164213659948, 89.87674819053292, 88.30675607316768, 86.15625860386449, 84.75618479052292, 85.88922846168357, 84.50371598688248, 85.06498405310543, 85.6312978357289, 84.73326827916155, 84.32939815556858, 85.82486939312408, 85.77921692156016, 85.43644948980857, 85.43644948980857
97.22, 98.0063386572586, 85.6731363467224, 85.85870835299869, 85.25147394837903, 85.19534226581396, 85.48177899320947, 85.46934411515863, 88.00262759775889, 88.33170950298913, 85.67588852209451, 84.17834927434514, 85.00796617836136, 85.81502052580596, 87.11289609684809, 86.59278580802751, 85.17971662328026, 86.17285855141913, 84.52382558249198, 85.8926009680988, 84.73326827916155, 85.76606500447744, 86.20754153051163, 86.62045957064078, 86.7144352367411, 86.7144352367411
94.82, 94.02762223828547, 96.24685343909375, 95.6907686841042, 95.23548629718121, 95.94927434150269, 96.23462546436774, 96.63502476542511, 97.33745852821174, 97.97519905420123, 96.81694074879383, 98.36838678468906, 97.82166499971657, 93.27539736565559, 94.129790439648, 92.07867051422792, 92.62642988007984, 90.18975277112114, 91.79277706543935, 90.352451776861, 89.7285256896352, 89.25985555249605, 89.15991572456564, 89.57577593313167, 90.82491057540962, 90.82491057540962
95.32, 93.59842261439138, 94.8939650053973, 93.96747141204747, 93.06592281238495, 95.17100537014733, 94.23959022367359, 94.47548734694317, 96.72333916569654, 94.12484960609453, 94.64468385746432, 93.96674201100417, 93.73223857206924, 86.93396168659832, 88.44765559151215, 90.03801771015596, 89.22485898585938, 90.47748899065436, 92.01989930746338, 92.1113255770462, 91.57088475833002, 89.4260777997256, 88.09058213504977, 89.54024898074411, 90.08612176536359, 90.08612176536359
95.62, 93.1504659554121, 95.25880568618032, 94.69083580419945, 94.01623464660885, 95.94312723185554, 94.38998073438151, 92.48327733745874, 91.55866861709912, 89.77895037492634, 85.64446865532653, 86.7970801163404, 87.38605182042016, 85.81502052580596, 84.31369739456835, 84.75618479052292, 85.88922846168357, 84.50371598688248, 86.0134310144771, 86.16616088449453, 86.61562684961585, 86.63379273471664, 85.25805079225492, 84.98406826740512, 84.18839048711607, 84.18839048711607
96.65, 94.5188388033482, 94.95835467354918, 95.21557809503801, 95.13901146570291, 94.63723010016012, 94.97496447790017, 95.9951858860402, 96.7371042935979, 96.17646888602751, 95.23871165153065, 94.4225232742858, 88.96699125121276, 89.63971875685955, 88.64210837259014, 88.41369332021692, 87.35184937699587, 84.50371598688248, 84.52382558249198, 85.8926009680988, 86.08263314470013, 87.44033201336258, 85.47215821695353, 84.98406826740512, 86.45918709183914, 86.45918709183914
95.24, 94.34859872022516, 96.77485500527145, 95.09705050299965, 90.88694790190404, 92.6758799786698, 89.69725244825015, 88.46346096427432, 85.47914767985955, 85.25911298499855, 85.93131599560782, 85.2456006429085, 86.92783971625181, 85.81502052580596, 88.27180824502094, 88.8236084902108, 88.9810790895829, 90.48457937432832, 89.55761623581483, 88.60646920057643, 87.96518511855922, 86.50775792092236, 85.82486939312408, 87.56360922747976, 87.72326469711605, 87.72326469711605
95.79, 95.2386400321635, 95.15388138569772, 91.75332964292969, 85.25147394837903, 85.3819457611442, 85.48961899980043, 85.4829156262004, 86.47604064789272, 85.25911298499855, 85.67588852209451, 84.17834927434514, 85.14669445417707, 85.81502052580596, 87.35691342833061, 84.75618479052292, 85.88922846168357, 87.16304546594657, 89.00593672579367, 87.742522444276, 87.97189122990828, 89.20117526769829, 87.24735931113855, 88.17760262295005, 87.92269349229444, 87.92269349229444
95.73, 96.07356359674583, 98.21103471906234, 96.99612116963739, 96.38679551232892, 97.47793031471069, 97.35995727454747, 97.71593340206607, 98.36548033947821, 96.27548011305716, 95.99708601358157, 93.91755858900895, 90.48978743757635, 91.14313085963163, 93.04925077068951, 94.43917033938827, 93.60104320350423, 94.98534638360837, 96.21909974530917, 94.36761637368198, 92.47910547126175, 93.25532255363544, 92.13574943461302, 91.57681957787699, 84.18839048711607, 84.18839048711607
96.03, 95.04392021670834, 95.12757003328785, 93.68355772779185, 93.80749535769526, 95.14456373876372, 95.11919531712057, 92.21488349057981, 89.5731951068171, 86.72921661495512, 85.67588852209451, 87.60246584166006, 85.55178422339472, 85.81502052580596, 86.97198166599338, 88.68688611685343, 86.49005826418933, 88.68714558068623, 90.59142973265372, 91.16059739912589, 90.52362589858168, 86.92285019861488, 85.34425715156685, 86.63188520011967, 87.63105041405208, 87.63105041405208
95.9, 95.1858836937465, 95.03192068562059, 95.63441802096506, 93.8598262240045, 95.57281277730249, 91.16443815176488, 88.93292518967105, 86.90724670537791, 85.66215750386567, 86.36591750317969, 88.16944763676405, 88.21807582486434, 88.7835183235037, 90.2478990831062, 88.15793797599959, 85.9386717165879, 87.05558239570678, 84.52382558249198, 85.8926009680988, 86.64000894404144, 86.80237826093847, 86.73696470454445, 86.51210775521626, 87.17263527857733, 87.17263527857733
95.37, 94.88846658428504, 92.3296015511836, 91.90002030694491, 91.19739176833082, 93.19733913604053, 92.8493500409128, 89.1482330584625, 90.97322883234912, 91.06458136361236, 91.4773818934754, 93.26174337723047, 93.91093816432029, 90.36023250560977, 91.76601295607908, 93.44681005500227, 94.01583117878846, 89.75041209942579, 91.51137902902911, 85.8926009680988, 86.19645262133143, 87.9651749753336, 87.9990996814499, 87.59600348390669, 89.43054702165904, 89.43054702165904
95.83, 96.91919010802677, 94.61241842769473, 92.70339855452482, 91.53894191452024, 90.34541646528626, 91.06151812268973, 88.29290587013544, 88.1961862509843, 86.3558754486852, 86.45493890222737, 86.71680074657503, 87.07177998942103, 85.81502052580596, 85.82418909320226, 86.0462433660933, 85.88922846168357, 87.299918085721, 87.07862797357234, 85.58658762780571, 86.27714461744877, 84.32939815556858, 85.82486939312408, 84.98406826740512, 84.18839048711607, 84.18839048711607
96.42, 96.78274485009496, 98.62308213252871, 97.24363351792269, 87.81637590852819, 87.18229399568621, 86.93957964772774, 86.79979062079065, 85.59093970853117, 85.25911298499855, 85.79871765643463, 88.26358256378273, 88.5979626289737, 86.44270824485523, 85.45892076637146, 86.47945320491463, 85.87445014158226, 87.20451026443043, 87.8552841513214, 85.8926009680988, 87.30422166801785, 85.02844031751258, 85.82486939312408, 84.98406826740512, 86.16659396582162, 86.16659396582162
96.1, 97.14858212947154, 96.44120324493855, 93.42446604716427, 94.56588001967802, 95.55331613902942, 94.57829283945743, 95.83308251084128, 96.39790242450033, 94.37337716489525, 93.54261055352353, 91.4451313691429, 91.18344149970902, 85.81502052580596, 85.5368171535882, 86.30828968122421, 85.88922846168357, 87.0525706693512, 87.95697446631821, 85.8926009680988, 86.9709739156422, 88.24680821919284, 87.98949182259923, 89.19312791874324, 88.43995290728296, 88.43995290728296
95.59, 96.56535923229075, 97.04921797702146, 96.31689535689631, 97.24691387950145, 96.40051261431405, 94.74760365077994, 95.14960704540678, 96.03204301987304, 94.19218772700195, 87.03818696954727, 89.20261208582235, 87.90520134672286, 85.55202762562202, 87.12153150603399, 88.684042689933, 86.67184801948073, 86.3766834699701, 86.60344824051414, 86.5679221163792, 86.31196955914346, 84.32939815556858, 85.82486939312408, 84.98406826740512, 85.41858661199053, 85.41858661199053
96.04, 96.83638782816017, 95.50718519242774, 95.97984162668384, 96.70617633075486, 95.7907494036731, 93.63638870816139, 92.46112155274133, 94.29418698554429, 89.96985188675293, 89.21934087946491, 90.56023896795932, 86.88998756251961, 85.18809502489457, 87.02433280390858, 87.87732912928382, 86.67506753544932, 88.67275904280918, 89.54830112795538, 88.59597897866314, 87.94768927569511, 86.31289297319164, 86.6622047259491, 84.98406826740512, 85.94914881794644, 85.94914881794644
96.1, 96.57565304056885, 90.00625226347785, 90.20193287830739, 88.23790521070796, 89.75340419574019, 90.31067338278083, 89.52299102053084, 88.4662439913621, 88.2632535734927, 88.1630916777238, 84.17834927434514, 85.72968996676099, 85.81502052580596, 87.3686551083641, 84.75618479052292, 85.88922846168357, 84.50371598688248, 85.40154640793226, 85.8926009680988, 86.22204369231112, 87.27900652676944, 86.1767556103568, 85.89410789632234, 88.40195678012226, 88.40195678012226
96.43, 96.72214337506254, 92.50745908920294, 88.5612573594731, 89.17870046352375, 90.2559173971471, 90.12043715068225, 89.51083384586649, 89.20480077134643, 87.92691709888776, 88.29663317249924, 86.85101849560083, 85.00796617836136, 85.81502052580596, 84.31369739456835, 85.99156561293002, 86.01252375584131, 87.94566286173858, 89.3403937975132, 85.8926009680988, 85.82093888888406, 86.66178785935416, 87.10350155176955, 86.41329775041115, 88.36386643496091, 88.36386643496091
96.06, 97.60462376818604, 99.58387984307764, 100.20055148136558, 99.46595113517799, 97.4759136317773, 96.44671275748776, 93.96350862441462, 92.77353847165631, 91.14704166235381, 87.941693163385, 88.01609175860929, 85.00796617836136, 85.81502052580596, 87.27896895813228, 84.75618479052292, 85.88922846168357, 84.50371598688248, 86.24256463317842, 85.167725144107, 86.65937188049516, 84.32939815556858, 85.82486939312408, 84.98406826740512, 84.18839048711607, 84.18839048711607
95.87, 94.49920362970781, 95.83060391112866, 91.83319852610954, 91.26097699147373, 91.69096649696115, 90.69030550588376, 91.36155033311543, 91.87561910053329, 93.12126246954364, 86.82179141729694, 85.45366225713168, 86.6436074928777, 85.81502052580596, 84.31369739456835, 84.75618479052292, 85.88922846168357, 88.0414035106053, 88.40775143347761, 86.6345608402727, 84.73326827916155, 85.87151972245833, 85.82486939312408, 84.98406826740512, 84.18839048711607, 84.18839048711607
95.78, 95.07095069770546, 91.13615674182262, 90.01659497477947, 89.57106441531957, 87.31530239053207, 85.48961899980043, 85.4829156262004, 85.56248515697914, 85.40983506635108, 85.67588852209451, 86.56524811502183, 87.42865244835359, 87.66372576704518, 89.1524416579514, 89.91426047995965, 89.9513621079918, 86.82090879436532, 87.32394761572613, 86.55888563719046, 84.73326827916155, 85.97920088441562, 85.82486939312408, 86.87819963450082, 84.18839048711607, 84.18839048711607
96.53, 96.61175728447903, 98.75648925712004, 98.40684636804062, 97.86902169141935, 97.60824435695314, 96.45391730951461, 93.79881926731899, 95.80374569425847, 93.94754037533919, 93.14305123750901, 93.49375713730413, 90.54843751977741, 85.41764234320064, 87.61591525219094, 86.77501122263537, 86.32112990626705, 84.50371598688248, 85.29046147155142, 85.8926009680988, 87.03538778757921, 84.32939815556858, 85.82486939312408, 86.33695560394735, 87.68673121711952, 87.68673121711952
95.73, 95.09123127573298, 96.54917636199238, 95.12302726857749, 94.67702106321944, 95.7136000959658, 94.16298642260118, 93.17912481812903, 95.77792953543876, 94.9192504131524, 93.70809060415196, 94.95470101712554, 95.24300395257524, 93.30355099644406, 90.35816510441859, 90.16978329240166, 85.88922846168357, 84.50371598688248, 84.52382558249198, 85.8926009680988, 86.65238791155491, 86.92107982417572, 86.36266809481903, 87.46707667556407, 89.13578491595186, 89.13578491595186
95.92, 93.36211387022081, 89.24028953397043, 88.36975687228254, 89.31980007693572, 91.3395527166937, 90.42302038489366, 90.2269578340055, 89.57969497382297, 89.88017807649015, 88.8767087482804, 89.80020953372369, 87.20359354733944, 85.81502052580596, 85.35094622810583, 85.94021156308938, 86.04222391600318, 87.74644213418514, 84.52382558249198, 85.8926009680988, 86.16503571040835, 84.32939815556858, 85.82486939312408, 85.3931787372592, 84.18839048711607, 84.18839048711607
96.8, 97.58195154070395, 98.4577408805323, 98.75466547320613, 97.87928307574732, 96.94681776875832, 97.59346797435113, 95.94495131242702, 97.77957996515714, 94.95821432694969, 93.96406491888818, 95.34905026151104, 92.90044413742241, 89.41906094542824, 87.38041913906116, 88.51280312677119, 88.85688999476164, 87.11362312857618, 87.22436069918191, 86.27200815794447, 88.17967488445234, 90.47411031537091, 86.2044298316702, 85.06385140808186, 85.71855225548302, 85.71855225548302
94.68, 94.09043195682167, 95.93355684231102, 94.31534834588533, 94.18800558049634, 95.70029285637588, 94.43662110987883, 95.48125754685574, 95.91791690975832, 97.37305944423436, 97.12749274001662, 99.37188748869247, 96.60763915193337, 94.17583450092594, 87.5990571398192, 87.4699664211985, 87.30375990870746, 87.26729390383508, 86.9238537299476, 85.8926009680988, 84.73326827916155, 84.32939815556858, 85.82486939312408, 86.28645901523701, 86.30189546049726, 86.30189546049726
96.65, 96.12845368996842, 98.05993948907994, 96.88616309268453, 95.53652509020804, 96.70874198094977, 94.23986012750967, 88.75096799417486, 90.66966204912374, 91.4092637484988, 88.09431621568939, 84.17834927434514, 85.00796617836136, 85.81502052580596, 85.44137345751724, 86.4283342578302, 85.88922846168357, 86.2181120434468, 84.52382558249198, 85.8926009680988, 84.73326827916155, 85.2595174383652, 85.12227968326403, 84.98406826740512, 84.18839048711607, 84.18839048711607
96.26, 91.58991360557525, 93.2938213971555, 93.78316609445541, 94.09654845232411, 95.06471379351495, 94.2052607351739, 92.63471946276324, 92.68094780234868, 91.2025189749383, 89.15930735070393, 90.71902497162958, 90.79970390309735, 91.73950318649241, 91.35323422696119, 91.25818978549034, 91.0801498314099, 92.50494284353087, 90.45827935819086, 85.8926009680988, 87.73542814743095, 89.61872671348485, 89.36913877551241, 86.92597751333032, 84.18839048711607, 84.18839048711607
95.83, 91.72243387798413, 93.76384857519734, 92.38670838894458, 90.5291449264522, 89.98392546228737, 90.76921580433766, 89.02774151539343, 86.72950012871463, 87.82143484584071, 86.51342228429105, 87.2139590976468, 85.29114338451615, 85.81502052580596, 86.22218119671082, 84.75618479052292, 85.88922846168357, 87.03133208554634, 85.49690431383006, 85.8926009680988, 84.73326827916155, 84.32939815556858, 85.82486939312408, 86.95784524113238, 88.82106915438087, 88.82106915438087
96.46, 96.82008851165611, 97.00570221358298, 96.61563824563673, 95.033482288016, 96.34322800566387, 96.22547162775811, 96.93999256820773, 98.38559142717135, 99.79399708018553, 91.39950916377386, 91.21276925367539, 91.27088505378723, 91.23575247320393, 92.31855593568072, 91.716619233202, 91.17713435721393, 91.28609249542644, 91.47024005916285, 85.80108676946374, 86.8087807232056, 88.68551371867424, 88.47819453607065, 87.46982141462789, 84.18839048711607, 84.18839048711607
96.49, 95.62799295554558, 97.31571865447904, 94.70884736037668, 94.09531280978013, 94.32094363672441, 94.87469677212776, 93.26470926996177, 94.43709442903422, 95.36569066573003, 95.80239380747093, 94.62124063278367, 94.5600931344491, 92.43137895060879, 90.98238068438785, 91.43904052073142, 88.1608660747336, 88.8479941059879, 87.77886258074697, 86.66267991372165, 86.14648762534802, 86.81960634694835, 87.63370555160324, 87.40730913908588, 84.18839048711607, 84.18839048711607
96.61, 93.96736757684992, 95.2975749890318, 92.55770912556419, 90.68908576417286, 90.54257305310375, 90.66751128178072, 88.85695911139115, 85.68640424662668, 85.25911298499855, 85.67588852209451, 84.17834927434514, 85.00796617836136, 85.81502052580596, 86.32595402520607, 85.91042938645086, 85.88922846168357, 84.50371598688248, 85.89343008400026, 85.8926009680988, 84.73326827916155, 84.32939815556858, 85.82486939312408, 84.98406826740512, 84.18839048711607, 84.18839048711607
96.03, 96.85610111295915, 96.00434947862728, 95.32503247425034, 95.21920177143899, 93.72402323615208, 93.0532190653703, 91.30043993918703, 89.18503001613175, 89.61669775531166, 90.56649500332796, 91.78075883444671, 91.04691876700699, 88.88929187298564, 90.77903336417795, 91.98825455206938, 87.7834665474212, 87.4234831464573, 86.86436141247232, 87.15824800028908, 88.10285398282146, 88.50651910682713, 88.60014470484444, 90.17854315184374, 88.3475745246017, 88.3475745246017
95.43, 90.41232194318297, 92.64997069402676, 91.8317864428394, 91.5683329447902, 93.90314212464372, 94.23575062063983, 93.99736446125897, 94.19631347038376, 92.31189297803014, 88.85278282280017, 88.08080157714235, 85.79445752879046, 85.81502052580596, 86.45108058252814, 87.78107224563539, 85.88922846168357, 84.50371598688248, 84.52382558249198, 85.8926009680988, 86.97718322184159, 84.32939815556858, 85.82486939312408, 84.98406826740512, 84.18839048711607, 84.18839048711607
96.2, 96.45418751762989, 93.40299954103514, 92.15979018687999, 88.3810030378287, 88.78224053010798, 89.03626523116084, 90.21937713870038, 92.61299273062828, 88.64808404306356, 85.67588852209451, 84.17834927434514, 85.00796617836136, 85.81502052580596, 86.00985016429604, 84.75618479052292, 85.30815082357805, 86.90147590887094, 85.33914819629398, 85.3916028489689, 85.98865332020303, 87.87490596945842, 86.32399936458809, 87.19638986828053, 87.8997972709588, 87.8997972709588
95.38, 94.35825760590299, 96.2533176888127, 94.54089075687672, 93.83782106962785, 95.12745601206096, 95.21939175526182, 93.83956179032612, 95.1252163282657, 95.10282016446516, 95.63149764334707, 97.73827534503128, 98.4482960550949, 97.4658259355517, 97.32707920523951, 96.66447344732615, 93.42241343327836, 91.95050526015848, 93.87843052445312, 91.38846389255298, 91.22719947804073, 89.41105117847066, 88.6609542119621, 90.38058977643071, 87.75132737053302, 87.75132737053302
96.22, 97.31539911010339, 99.70797239770789, 98.6294523678724, 98.80332183002764, 97.95095955213007, 91.00125646270725, 87.07896305134345, 86.72798494600127, 85.25911298499855, 85.67588852209451, 87.48943250228815, 88.61174809676848, 87.25409635065922, 88.97547825409167, 84.75618479052292, 85.88922846168357, 85.26129694571775, 84.52382558249198, 85.8926009680988, 87.71221856828969, 88.2101650837854, 88.91864161390072, 89.30256803220017, 89.49364451135206, 89.49364451135206
95.9, 97.01812201250485, 97.94434595085794, 98.45939372981725, 99.73576186699532, 101.17260781902162, 100.51498836960383, 99.44692071572655, 99.08889384016842, 95.07312704370347, 95.60661332554417, 96.66057722591394, 96.99022858345262, 96.46262268430469, 97.9808560034227, 98.53488217432118, 99.34601060904319, 101.15262483838353, 102.68155607704317, 102.54778588099573, 97.44552281654599, 99.28055642714946, 98.58915637119819, 97.72856507658021, 96.25424152750817, 96.25424152750817
95.16, 95.14698113309213, 97.24481590693543, 95.0431225035663, 93.38149250541929, 85.99460166912033, 85.48961899980043, 85.4829156262004, 84.10845337987462, 85.25911298499855, 85.67588852209451, 87.4288432390824, 88.92906940602893, 88.33644649406567, 84.31369739456835, 85.10700300713857, 85.88922846168357, 85.54373695704818, 84.52382558249198, 85.8926009680988, 87.81544396007887, 86.72324594294345, 86.18045935250578, 86.5752862099964, 86.42037277155733, 86.42037277155733
95.94, 95.86383479018181, 96.2415714877063, 94.81764244490881, 93.96187278495302, 92.29454241436548, 92.90318350488992, 88.938016116807, 84.10845337987462, 85.15885895683819, 85.67588852209451, 88.15570617334002, 88.07348814498715, 88.12860464849359, 90.24041458151179, 90.93943997264454, 89.84922443775146, 88.83197740084418, 89.70502671601037, 89.87246321724346, 91.58112837044831, 93.51625340044849, 92.36018336240805, 93.50552873494586, 93.65107900918468, 93.65107900918468
96.62, 89.90343690394957, 90.27097799711125, 90.14077618990255, 85.25147394837903, 84.10957757803895, 85.48961899980043, 85.4829156262004, 86.59711932926174, 85.25911298499855, 85.67588852209451, 88.13100931014033, 89.60006070213853, 87.05578277083316, 88.67434251484019, 88.16740283562537, 85.88922846168357, 86.11164979432291, 88.17241000468626, 88.32912669918679, 87.09342560463807, 89.13879371961615, 88.97912332661794, 87.85619349766169, 86.33645027622869, 86.33645027622869
96.16, 96.31110711306374, 97.2167238338858, 97.9154922135884, 97.08636924329747, 97.25019395829884, 97.75912061692232, 95.3453389078842, 94.33812511507891, 94.68465760430836, 93.63842149152607, 96.23305991758463, 97.00245687736785, 95.9686894222914, 97.62623037515336, 94.94734043558655, 86.65159571233998, 87.11676281564208, 88.336579127936, 88.78260029870424, 90.6828550936729, 89.37314220474101, 89.636853811662, 90.38237948146781, 91.24382927676315, 91.24382927676315
95.98, 94.51365168021812, 96.36018183596032, 89.84464566726774, 90.82665152893188, 86.14247815399906, 86.47709494739094, 85.4829156262004, 84.10845337987462, 85.25911298499855, 85.67588852209451, 84.17834927434514, 85.22892532511018, 85.81502052580596, 86.16861715920454, 86.04560453431164, 85.88922846168357, 84.50371598688248, 85.65677351476597, 85.8926009680988, 86.11869483804078, 87.58695981704369, 86.51465555548732, 84.98406826740512, 85.90818501457417, 85.90818501457417
96.38, 96.52448907186316, 95.94560180545416, 93.56116379205997, 94.17132727210681, 90.28386547817655, 89.3337545862773, 88.50944045987362, 90.82189948535472, 92.02564336374729, 93.00314740556838, 94.20439527936536, 95.51195975207867, 90.30941276285643, 91.06161544009585, 91.84229862537923, 91.28471742919498, 92.55471763408404, 92.88717484830262, 89.58849067851804, 88.97917004594825, 88.96050817701544, 88.29023964705137, 86.73179489355095, 88.38127192783462, 88.38127192783462
95.85, 96.18087920504014, 97.09976240084059, 96.3511353171071, 96.83617501628436, 96.47920408438598, 96.06915439657524, 96.11511330027044, 95.82429371287218, 96.01327858796147, 95.77522894413545, 94.98716505645191, 96.43231911538327, 93.92778319529887, 91.99604547344727, 90.8129342821034, 87.7551000016362, 85.67352160574006, 85.89605261731421, 85.8926009680988, 85.9259898517238, 86.90364462388894, 85.82486939312408, 85.13571762786357, 84.18839048711607, 84.18839048711607
96.59, 98.22520782498722, 98.611890974163, 97.55268274269429, 97.32816073441643, 98.64609256493519, 98.39493103701612, 96.9409897908314, 96.95701394807668, 91.7349784408064, 92.50404653603334, 91.9385063756418, 91.25019746629513, 89.71834200830132, 87.97293820005142, 86.83527023326882, 85.88922846168357, 84.50371598688248, 85.03198979135175, 85.14582579277639, 85.70095946566126, 85.9732138996358, 85.82486939312408, 84.98406826740512, 86.85549156711507, 86.85549156711507
95.94, 96.22986242151526, 92.77552051622969, 93.35495214947385, 87.12583157989486, 86.67519428748523, 87.06340544918851, 85.50556077401467, 87.60598811358982, 85.25911298499855, 85.67588852209451, 84.17834927434514, 85.7602907213191, 85.81502052580596, 86.29017403068326, 84.75618479052292, 85.1381606343841, 84.50371598688248, 84.52382558249198, 85.8926009680988, 86.75240723308876, 86.99025440714686, 85.82486939312408, 86.96920065300303, 86.68414225567135, 86.68414225567135
96.64, 95.01489477346186, 96.07658574256799, 94.53084708051269, 93.07421081909547, 91.78317525617109, 91.96447644876079, 89.4266805821136, 91.86710715024674, 92.7209632129674, 91.45661297527884, 92.059385447891, 91.90595508052506, 91.98858187715446, 93.98298320900389, 93.67864224867641, 92.57072152890794, 90.83818011380812, 86.29395198392977, 85.8926009680988, 86.15316185880774, 85.4090824931821, 85.82486939312408, 84.98406826740512, 86.74729435416852, 86.74729435416852
97.34, 98.67120473604422, 98.919834493062, 99.2942938184036, 97.26311508574278, 95.09865599750039, 94.92947145785172, 94.15115423340971, 94.30556111572992, 92.72368025542313, 87.189992014571, 86.02252529992148, 86.88271783443692, 85.81502052580596, 87.17609681797666, 87.86177677205681, 85.88922846168357, 84.50371598688248, 84.52382558249198, 85.8926009680988, 87.17938432277664, 87.99781145715245, 85.78934384164573, 84.98406826740512, 85.1973486299939, 85.1973486299939
96.07, 96.32431278359726, 95.22875499920438, 96.0275635744124, 96.45035335811347, 91.5584082629914, 91.3143882068365, 89.69867576625967, 86.67035582812886, 86.67240151877529, 87.03539704413937, 86.84819796675411, 85.62318431829489, 85.81502052580596, 87.7162852491973, 87.0754051600227, 85.45924707871416, 84.50371598688248, 84.52382558249198, 85.8926009680988, 86.58812811990738, 88.89401000820484, 85.82486939312408, 86.11027832032642, 84.18839048711607, 84.18839048711607
96.23, 97.79390421162009, 98.34816882644645, 97.50389626206066, 95.13716297795989, 95.34721191340219, 94.92187070760185, 93.67426330554567, 93.02516914682882, 91.96683747989653, 92.99479160883922, 93.50705639097772, 92.0978773406515, 87.69980026817622, 88.6321888512309, 88.68370856361516, 88.95179998310843, 90.30322678584632, 92.10095248740322, 85.8926009680988, 86.68712905697825, 87.3818469654014, 86.66359140226831, 85.31973741364742, 85.35410997437191, 85.35410997437191
96.74, 97.5529872196518, 98.3110688681285, 97.92720065757715, 98.27749459471853, 98.2535686535772, 98.85269110353582, 98.31033332733058, 100.02631663959653, 100.77134258263732, 100.19531257594683, 100.59518782140356, 98.46259760517276, 98.11246306356584, 93.50201570304866, 91.460706260731, 90.51618660042939, 91.61396166362441, 89.99406347635228, 85.8926009680988, 85.31711225514837, 85.4439102474373, 85.82486939312408, 86.17527386200445, 86.99869604394134, 86.99869604394134
95.26, 96.82494106609826, 99.06219206392615, 96.24891347824264, 91.605711093438, 93.59969152345231, 89.18776698279692, 90.03292199656353, 88.62562401584205, 87.79682713835007, 85.67588852209451, 87.40260098151066, 86.2552472594597, 85.85495852159747, 86.13502267711279, 86.091978329827, 85.88922846168357, 87.50643018752507, 88.55483955784025, 87.66022055692444, 88.31712568324313, 88.0555014829429, 88.0626964367031, 84.98406826740512, 84.18839048711607, 84.18839048711607
96.11, 95.47892249134868, 94.03086529345363, 93.57659953980829, 94.51763816441441, 96.23714146022976, 95.81324060968618, 95.76094342099735, 98.16428539897844, 97.22938253446272, 94.54625776169246, 94.25827952771505, 95.19431281077044, 93.51769919357525, 93.94122101280188, 94.02059193855013, 91.29676000464163, 93.23093528275041, 93.99997945549099, 94.30801493209711, 95.07224044345237, 95.40962346937344, 92.56987051429697, 90.5651278238511, 89.97216646310244, 89.97216646310244
95.19, 90.90036186573049, 92.9427842875206, 93.35880958234304, 87.40505321888155, 87.34489828708293, 85.48961899980043, 85.4829156262004, 84.10845337987462, 85.25911298499855, 85.98936115517738, 85.73145713286998, 85.73297325740377, 85.81502052580596, 84.31369739456835, 85.52997697643823, 85.49792943970844, 86.15383550935388, 87.1799655903811, 85.8926009680988, 86.00185029287107, 86.25563948324583, 85.82486939312408, 84.98406826740512, 85.08672751333769, 85.08672751333769
96.18, 96.33382363010166, 97.01045135651952, 94.95863370695525, 95.20383543447389, 92.83854284415649, 92.08330285239737, 92.2011804049342, 92.2692789222262, 92.43670124565638, 85.67588852209451, 87.77314075207765, 88.16167765539745, 87.85747888340849, 84.31369739456835, 84.75618479052292, 85.88922846168357, 84.50371598688248, 84.52382558249198, 85.8926009680988, 86.91239292883024, 86.46494089675691, 85.39530272780688, 84.98406826740512, 86.97143173349097, 86.97143173349097
95.64, 95.41445910251292, 93.3517269503907, 91.80921786889246, 91.1049791152123, 92.80710911919918, 91.65452791071188, 91.16312263845238, 90.01992383070035, 90.84823651237356, 90.72230510897712, 91.69105010688823, 91.77496122781123, 89.62217353902702, 86.20013957056607, 86.6833348104622, 86.85275082157047, 84.50371598688248, 84.52382558249198, 85.8926009680988, 86.52694136065263, 84.32939815556858, 85.82486939312408, 86.20840182901146, 84.18839048711607, 84.18839048711607
96.07, 95.18560948695836, 94.96404689758248, 92.0780811487512, 91.50552990063048, 92.89044568877549, 91.86572326939073, 89.64308565900161, 89.95626709479056, 86.20813893157822, 85.67588852209451, 84.17834927434514, 85.00796617836136, 85.81502052580596, 84.31369739456835, 85.00501978196046, 85.57944855567236, 87.36590669838162, 85.85389962118785, 85.8926009680988, 87.3570068736933, 84.32939815556858, 85.82486939312408, 84.98406826740512, 85.47186096221198, 85.47186096221198
95.72, 94.2114766537723, 91.8072177446719, 91.90421972903549, 92.86401852806331, 94.34500883648852, 92.89179032129468, 92.86783750597723, 93.3713184305081, 92.93748248949157, 93.50409158587549, 93.65830566559524, 93.03906125142628, 92.37828299178959, 92.92656335588126, 94.4150426478472, 93.34239845912288, 94.02481773763823, 91.78380516227355, 90.63494858756138, 92.01461007471673, 93.13523636298436, 90.85738862503797, 92.04787466008393, 91.38026867035977, 91.38026867035977
96.23, 91.47770529944168, 91.95166310945126, 91.68440087094878, 93.01534219246443, 88.79581575759416, 87.19344302324014, 85.6532727128956, 85.07762146440366, 85.25911298499855, 85.67588852209451, 87.68184511027232, 85.86143939332662, 85.81502052580596, 87.5830940057288, 88.4521750251078, 85.69460352663172, 85.59941449188253, 84.52382558249198, 85.8926009680988, 86.73283446545301, 88.12613531311234, 85.82486939312408, 85.58967353922452, 86.80014537039568, 86.80014537039568
96.95, 91.59446276542344, 93.29708493704186, 89.21629113402037, 85.85912945272882, 84.10957757803895, 85.48961899980043, 85.4829156262004, 84.10845337987462, 85.25911298499855, 86.08126374683955, 87.0046392979326, 85.00796617836136, 85.81502052580596, 87.63885501604078, 88.24195353828138, 85.88922846168357, 86.2955059635195, 86.88819017916427, 85.8926009680988, 85.86180687534396, 84.32939815556858, 85.82486939312408, 86.26287809033474, 86.12826146617263, 86.12826146617263
96.07, 93.1683622358387, 90.5052313065472, 89.61146031086177, 87.92386801124641, 89.15065474819355, 86.6617093498204, 86.81589345797634, 86.91274900019279, 85.52355979163949, 86.12428941765106, 85.1503581087757, 85.59315705544928, 85.21290402831254, 85.41290348082114, 86.46783229239661, 85.88922846168357, 87.10712304480568, 87.05811272182056, 87.65978065208012, 84.73326827916155, 84.32939815556858, 85.82486939312408, 84.98406826740512, 84.18839048711607, 84.18839048711607
96.34, 95.39686626614011, 91.27494728295709, 90.7409870795833, 91.62996133881438, 91.10092503278098, 87.21395279444121, 88.30501429462353, 86.77738810478246, 87.5325387560006, 87.7864195196989, 88.21318875219048, 85.82737622056925, 86.52026968222441, 88.8830543228676, 89.76104516211346, 89.5700685728333, 89.42000373954373, 89.65444808304895, 89.8829917289512, 89.54337557260696, 91.11597274982162, 91.0006030140607, 90.52740713782993, 92.66755025631265, 92.66755025631265
95.49, 95.27938218073032, 95.34681003598028, 94.50525677500917, 93.11553845665814, 94.67528641556703, 95.0960821979215, 94.01264313817148, 95.57023339940173, 93.90060227140289, 91.26209342464028, 92.35183093025069, 91.32014959203458, 89.6400395325575, 90.11249653107447, 89.66182650246283, 85.34192915450622, 86.85529808927994, 86.79977601231745, 85.8926009680988, 84.73326827916155, 86.53387994565473, 85.54271326919331, 85.43998206752319, 86.80484186475908, 86.80484186475908
96.07, 89.81156173981493, 90.80506082933456, 91.14397389960853, 88.68538534645839, 84.10957757803895, 85.48961899980043, 85.4829156262004, 86.61092328188137, 87.56380051122223, 86.62067258268581, 87.75941061938191, 87.37734498675269, 85.81502052580596, 86.43994284986297, 87.74633780831417, 86.66732822509782, 87.45901616434887, 86.8830207367668, 87.03506402797132, 87.53585576611003, 85.6617939332051, 85.82486939312408, 87.33315969399291, 88.05149843052985, 88.05149843052985
95.56, 97.05289438435602, 99.21141364643191, 98.60856804735012, 100.12776103567282, 100.41646450973998, 91.37198219447448, 87.81003455928939, 89.64459003652182, 85.94197261981395, 85.75201115225671, 84.17834927434514, 85.00796617836136, 85.81502052580596, 84.31369739456835, 84.75618479052292, 85.88922846168357, 86.7022004769769, 86.76447672203636, 85.85645502280055, 87.62695732707674, 84.32939815556858, 85.82486939312408, 84.98406826740512, 85.0563680077246, 85.0563680077246
95.19, 91.2070897050092, 92.84026494120745, 88.72016900019682, 88.24537038638302, 88.76228708863444, 89.33571922288817, 90.5243179398141, 89.92225463299782, 91.09510521504363, 87.03874510430661, 84.17834927434514, 85.00796617836136, 85.81502052580596, 85.55163811052923, 86.25441210618432, 85.88922846168357, 86.69394883199584, 88.09926219357905, 85.71765115446216, 85.53808549876638, 84.32939815556858, 85.82486939312408, 86.9668786186416, 87.27976234392152, 87.27976234392152
97.01, 96.43426911577286, 94.71398768247475, 90.75651006251972, 88.45923388067617, 89.18024880589924, 86.90679697262395, 85.80221981233193, 86.69540484015948, 86.74395213226781, 86.07869257201273, 85.89254983217842, 85.00796617836136, 85.81502052580596, 87.13224578480626, 84.75618479052292, 85.88922846168357, 85.24798680319742, 86.81193495007696, 85.8926009680988, 87.03274674399499, 87.3889340555093, 86.67499260719609, 87.11056176502191, 88.59487258645999, 88.59487258645999
95.55, 96.20205652853267, 98.60084056005566, 92.21228590331337, 92.04391254652413, 92.98514304865434, 93.10754874223, 90.5232521336706, 92.05754072478877, 92.7189339175595, 93.54670298191854, 93.7293187399474, 93.96686396339399, 93.66125498644871, 95.62277926965935, 94.30617749135307, 91.50588791187208, 90.48869843051705, 91.32005388776872, 90.42925606265322, 90.75934813803484, 92.3306633285086, 92.45644232910982, 87.64624357051638, 86.53051886352317, 86.53051886352317
95.92, 94.37793284934874, 94.11990720755895, 94.90464068889031, 93.51158820795271, 94.9957998982102, 92.4824284505258, 91.12775568185937, 90.00033064036184, 87.07418955636373, 85.67588852209451, 86.84660222277715, 85.42585244673565, 85.81502052580596, 84.31369739456835, 85.38987481265198, 85.88922846168357, 84.50371598688248, 86.41234790767942, 85.8926009680988, 84.73326827916155, 86.43150963750395, 85.79458086872755, 84.98406826740512, 84.18839048711607, 84.18839048711607
95.78, 95.70657102190138, 94.7207373674523, 95.1374021830492, 95.71167464134821, 94.83453657882752, 95.19548276576711, 92.23897529981794, 93.39405089093518, 94.13001259759947, 90.73050621335473, 92.89631024900895, 91.09864409501988, 90.54535627857433, 91.05806395366275, 89.89612141841496, 87.6193451276419, 84.50371598688248, 84.52382558249198, 85.12386235332228, 84.73326827916155, 84.32939815556858, 85.82486939312408, 86.22942221977138, 86.67326231333593, 86.67326231333593
96.05, 94.87658754571397, 94.43897639928892, 94.33291462637708, 95.01988257570767, 94.40578848173105, 94.50237618632438, 86.8153038619868, 85.13733162554087, 85.51421095907119, 86.137543418062, 87.46214941899237, 86.78559104612815, 87.1681983424132, 86.26859978108072, 84.75618479052292, 85.88922846168357, 87.82055518511702, 87.77719675074471, 87.03599551750683, 87.90303111008974, 89.01001983225589, 88.09167787885724, 87.47913992527369, 88.93048276565955, 88.93048276565955
96.62, 94.35761169554178, 95.94818830031736, 94.8031129466736, 90.01364319700639, 91.20170575900926, 86.5579693866756, 85.4829156262004, 86.03967085480214, 85.25911298499855, 85.67588852209451, 86.84121204699639, 87.8266811468376, 85.81502052580596, 85.83548822007872, 87.20971055122138, 85.23343482643344, 86.71209268018075, 87.70634461220291, 87.90734207326301, 84.73326827916155, 85.65419465817705, 85.82486939312408, 87.44162655673281, 87.57662098926008, 87.57662098926008
95.17, 95.4756409162606, 91.76479579712472, 92.12836923053048, 90.89988303053084, 92.90114694622149, 90.78575863088311, 90.63846621408187, 90.6101526547656, 87.01616620676114, 85.67588852209451, 84.17834927434514, 85.36425331397298, 85.81502052580596, 86.45630481518556, 85.34442642391446, 85.88922846168357, 84.50371598688248, 84.52382558249198, 85.8926009680988, 84.73326827916155, 86.4329458364631, 85.08964408330759, 84.98406826740512, 85.15409356699612, 85.15409356699612
95.87, 95.78561031233887, 96.66245107084768, 94.64866519975918, 93.55268354939128, 94.63194063682758, 95.03211890653947, 93.46751936978883, 93.36176642750095, 92.02833127275538, 92.18737454081375, 94.38324911903857, 91.464048920518, 91.11776672160418, 90.87689832831606, 92.24908425148904, 92.56391454709508, 90.42757730657351, 90.21064300149993, 87.89666633405993, 89.09304056968337, 84.32939815556858, 85.82486939312408, 84.98406826740512, 86.25671888829483, 86.25671888829483
95.72, 94.8897126716179, 94.66087934302381, 93.7601280971012, 92.75508296733402, 94.3807121756982, 92.58818712152174, 93.21995151535273, 92.6905050765321, 91.61386977225887, 90.21559133734092, 90.85238620092933, 90.68003408433765, 91.52225883949404, 91.00855970749322, 90.15414712199568, 89.71353783487069, 90.11945272404445, 90.54066831309434, 85.8926009680988, 85.59058670772504, 84.32939815556858, 85.82486939312408, 86.5293112112609, 84.18839048711607, 84.18839048711607
95.85, 97.45211937341024, 99.7261844784583, 98.3740983315239, 94.81173747737442, 95.48930869053117, 95.1901018352742, 95.52652475901131, 97.09928100513186, 95.67682575357169, 95.87854895851095, 94.0469670278567, 90.643179076751, 87.82437107539684, 88.03099008428484, 89.42825301074986, 88.72046362579225, 88.13487330441315, 89.01978738036969, 87.85652127359272, 89.73726619680504, 90.06523110409564, 89.64983284681085, 90.7213654052772, 93.0445508565674, 93.0445508565674
96.7, 97.86005360163541, 98.87726845543689, 98.6992621262342, 98.72648672237362, 100.21899079010963, 97.75612849293118, 96.35862423926135, 98.65377404749951, 97.2073390127829, 96.84764078886585, 98.49346088138714, 98.91062691862513, 96.38629217369497, 96.58303875332571, 97.49416144625539, 96.42320232187323, 96.12495816097301, 96.64460671445961, 96.61907790150333, 97.9932771045578, 99.53783756956285, 96.58795807229701, 98.23452498482992, 96.47511812540665, 96.47511812540665
96.7, 96.06637282625736, 94.94270524610602, 91.85921072617036, 90.74493966632646, 92.2911334258796, 92.73484566466111, 93.27229642603919, 92.22232312970469, 92.66534373057115, 91.59360550996202, 92.75295465334064, 90.58299621810922, 89.5176164404754, 91.02012986806301, 92.94064054670106, 91.00064282667911, 92.89199187889228, 94.54838255640604, 91.42647962917005, 89.61371926196966, 90.49836163336299, 89.87060176499818, 90.57968744563638, 92.71898404695548, 92.71898404695548
96.6, 95.6575232277099, 95.51317768835993, 96.12175767435194, 95.36438349781035, 96.48348128600064, 95.96759734196513, 95.31112281477019, 97.19134821242837, 98.36355490656273, 96.34102433995126, 90.04571780810998, 89.10091128335864, 85.81502052580596, 86.15338402638753, 87.05764324832364, 86.11232251668696, 85.03421921808832, 84.52382558249198, 85.8926009680988, 86.56364873517558, 85.07663483145475, 85.16235821807064, 86.29303492797085, 84.18839048711607, 84.18839048711607
97.01, 94.60383577607435, 93.31480029271816, 93.10991817412209, 89.47652727116257, 90.43010994625948, 90.02793775583532, 85.72392076163743, 84.10845337987462, 85.25911298499855, 85.08525718537607, 87.23693247031926, 85.00796617836136, 85.81502052580596, 85.91269596264073, 84.75618479052292, 85.88922846168357, 87.74484776422291, 87.72592607760541, 85.8926009680988, 84.73326827916155, 84.32939815556858, 85.82486939312408, 86.96988610436163, 87.00259869806634, 87.00259869806634
96.36, 95.04136194067786, 96.36197481411014, 96.08783023903007, 95.52591105248469, 93.17502440734745, 87.91312527142134, 85.82835517185653, 87.29546057252942, 87.22233980890391, 85.67588852209451, 86.56730094890708, 85.00796617836136, 85.81502052580596, 85.44866935582206, 84.75618479052292, 85.88922846168357, 85.14244475306573, 87.06912712412984, 85.8926009680988, 86.29846544856811, 85.21600200724569, 85.2712596963635, 84.98406826740512, 85.49949685133956, 85.49949685133956
96.89, 95.35022728609543, 97.80608196131901, 95.73322490971789, 94.72842263992857, 93.98976017407003, 92.48052938306982, 91.64966673440838, 92.40274419204307, 90.29764658714416, 87.61511486053041, 88.10487371718054, 88.01588563404864, 85.97988747381494, 84.31369739456835, 86.01995341416954, 85.88922846168357, 86.21775563102075, 86.81570100914408, 86.61863587094729, 86.71554333862048, 87.58029991505182, 87.57611564019878, 86.72038428382177, 87.5769723782472, 87.5769723782472
96.33, 95.88281558338448, 98.17783228145137, 96.39390024054063, 93.29668043063425, 90.59584565354577, 85.67811797012006, 85.4829156262004, 85.93299404923695, 85.25911298499855, 85.67588852209451, 84.17834927434514, 85.00796617836136, 85.81502052580596, 87.89493958257596, 89.16922578115778, 88.21863564318181, 87.41888619039378, 86.48501727346387, 85.8926009680988, 84.73326827916155, 85.80917190512439, 85.82486939312408, 84.98406826740512, 85.12380629934393, 85.12380629934393
97.01, 93.00257720482243, 84.18163231585689, 85.68112224577713, 86.4100005910874, 85.9456777144571, 85.48961899980043, 86.75039674625039, 89.08167530637503, 87.97365537722172, 85.67588852209451, 87.59258563849355, 87.97299670808438, 86.25374682430697, 84.31369739456835, 84.75618479052292, 85.88922846168357, 85.66542681985563, 86.05551286690553, 85.8926009680988, 87.31332686458302, 84.32939815556858, 85.82486939312408, 84.98406826740512, 85.82312413431025, 85.82312413431025
95.56, 95.3699392864979, 92.99380034390356, 92.18784971219822, 92.3005766769024, 93.22227751093116, 93.16516316632921, 92.97002713589191, 90.50701490432641, 89.71590166009057, 89.01652154162358, 89.03751145780143, 87.11452495833666, 85.91452119195262, 87.5594627379176, 87.91636228758644, 88.20705224194867, 86.71585286457255, 86.1618078232899, 85.09231262247484, 84.73326827916155, 86.04716551591967, 85.50821927974002, 84.98406826740512, 84.18839048711607, 84.18839048711607
95.36, 92.59191871128095, 94.13164626844646, 94.23488074548943, 92.36790165478932, 94.28525952939184, 94.89821309025542, 94.9371757262129, 97.09097407881022, 95.16221322978288, 93.27799684017393, 94.1904300132494, 91.33097191834014, 90.44708254894779, 91.91559288759252, 89.11714081931899, 88.15015054282817, 87.08112077496789, 86.1063430526828, 85.8926009680988, 84.73326827916155, 84.32939815556858, 85.82486939312408, 86.04670871545858, 87.5707075970488, 87.5707075970488
96.54, 96.27597494048605, 97.39020936887538, 96.80399534723004, 95.67104679009961, 96.94949874435781, 91.98780413854075, 92.23895147362084, 89.4998290682106, 85.25911298499855, 85.67588852209451, 87.40408783202386, 85.98861906699307, 85.81502052580596, 84.31369739456835, 84.75618479052292, 85.88922846168357, 87.35863880990789, 86.2411657190945, 85.8926009680988, 85.59742973107755, 86.42747798030393, 87.22571200087518, 87.81856231841547, 89.51753155558872, 89.51753155558872
95.91, 96.1681894302936, 95.25321352954508, 94.86022064434522, 92.2344584058262, 93.26985790680882, 93.65087568324354, 91.88683702743786, 91.79480628108112, 91.49758450693581, 88.84488224292264, 85.91225171170089, 85.00796617836136, 85.81502052580596, 87.69366432168096, 88.41173437464025, 85.88922846168357, 84.50371598688248, 86.43895124365774, 85.91495950098195, 85.41182013734912, 84.32939815556858, 85.82486939312408, 85.99842858959346, 84.18839048711607, 84.18839048711607
96.41, 93.64791751069066, 95.3727959910369, 93.39271363864724, 93.22929791288888, 94.9545039694476, 93.77752263215328, 92.19083186044838, 94.30933108303284, 93.07716964349356, 90.89881029294803, 86.07357547226817, 85.00796617836136, 85.81502052580596, 86.48933143888863, 86.58857860314892, 85.7910301756717, 87.32114220812434, 85.06014182280765, 85.87948477102833, 84.73326827916155, 84.32939815556858, 85.82486939312408, 86.85926448899654, 86.76549816428167, 86.76549816428167
96.37, 95.18296766901403, 95.67423606536902, 95.5635227773096, 95.57487420426277, 96.21418917665143, 96.4296203446399, 96.63544480025729, 97.39154017410883, 98.45558727154307, 96.64272315337747, 97.98532241343793, 97.91692583614743, 98.40889130187132, 99.36945173571212, 100.44792522752721, 98.84004454379128, 100.87708378956562, 102.2986570499804, 102.05772004501085, 101.6624263996619, 97.57120019341215, 96.15911706695663, 96.22890941189166, 97.8657966151285, 97.8657966151285
96.75, 96.52421651289161, 98.93287189744915, 99.09616759887483, 97.83919867314117, 95.59056005085365, 95.06039264487592, 92.91438880173429, 94.14463808180813, 91.46311419354204, 88.8000637572285, 90.05291422308457, 91.29344882982184, 89.8951463610366, 89.95564207420274, 88.84810560753206, 86.69204196086518, 87.17834476011353, 88.90980316107205, 89.32321296975815, 87.03224278736165, 87.82662130295432, 87.33912054589763, 86.00758274957674, 88.4674113093538, 88.4674113093538
97.04, 95.61359604997885, 97.37346733477888, 96.4607740480141, 97.36549059974159, 99.6648946616923, 99.3940763188654, 98.89872268931433, 97.76024673120416, 94.72260967808069, 92.17187526439592, 92.61422598946707, 92.45544296736738, 91.33454934418403, 90.73714520109671, 90.96590296369563, 90.74271085356065, 90.82623543066798, 92.64573912126879, 91.45194116647997, 90.60456688867966, 91.38994351703346, 90.52218267548542, 86.36622340857353, 86.55447212076052, 86.55447212076052
96.28, 96.98523091059366, 98.14337363728148, 93.27207917675334, 90.31870099143657, 88.34672409195655, 87.07423100630875, 87.79887635535307, 89.70379361210864, 89.5749429839552, 88.79359932628881, 85.99824874571416, 87.08438625651235, 87.44592778190663, 88.00912969167328, 88.0593922369842, 87.09846111108901, 84.50371598688248, 85.6685862293411, 86.42207444675302, 88.10155277728809, 87.65179505176509, 85.15527971312432, 84.98406826740512, 87.34279512205569, 87.34279512205569
96.22, 94.59384479357989, 95.73923130479781, 93.5173952458218, 92.74861560518603, 93.2131257044215, 93.9718922000264, 94.02058318064526, 96.40724883694638, 97.55218599513472, 97.7510256524207, 98.07255989714481, 99.29253521066552, 97.32092502943468, 99.20200260173449, 99.91918052852552, 99.27437297647603, 101.48104586976056, 101.79112450324105, 99.59931227561884, 99.9223560088974, 98.4823346622291, 97.22245218399388, 98.83595225886978, 100.37194546561096, 100.37194546561096
95.53, 95.38066439912465, 96.42983455321941, 92.93696310682832, 90.76288741320202, 89.07459739267306, 88.9724106126889, 89.95523080645908, 91.39899490954177, 89.18829376570092, 90.11009644458558, 92.57530275066563, 92.88241300523828, 93.5233050313415, 91.5663396826474, 90.45851420985377, 87.33498646676439, 87.378994363685, 87.87678436433401, 86.55146145120204, 85.39671644505255, 87.47556748994255, 86.12850243788215, 85.368078976956, 86.44116038575959, 86.44116038575959
96.0, 96.52301793694016, 98.24254792935285, 95.82050136471175, 90.02157501267156, 88.63831392246078, 87.18928720327712, 85.4829156262004, 86.88950104614426, 87.81899383686336, 85.8690099474644, 87.20508771152446, 86.05738628353214, 85.81502052580596, 87.74969961256629, 86.73545560442957, 86.99459576182221, 87.1003184957856, 88.33585225812037, 87.988497752716, 88.27858023964747, 86.01702827934106, 86.1598428624494, 85.49480866387614, 84.18839048711607, 84.18839048711607
97.38, 98.17024278956426, 100.05083504570317, 100.01290604175514, 99.48956263195313, 100.27166252127073, 97.40806410993768, 97.0605035179972, 96.16472051258076, 93.97787537444056, 94.61442730110339, 84.17834927434514, 85.00796617836136, 85.81502052580596, 86.99177760187627, 86.61571473764454, 85.86584084515523, 85.45938535824224, 87.15304107891262, 85.07988902330469, 84.73326827916155, 85.14342295630682, 85.37349491464695, 84.98406826740512, 86.21965635874568, 86.21965635874568
96.03, 95.13243845533627, 95.91035766860703, 95.06281379341712, 94.63494599185071, 94.97581175953306, 92.57720093655854, 92.92281105182856, 93.32672564838387, 93.55291562087575, 92.315978960381, 91.67235881405473, 93.16309276183915, 91.94536900156264, 92.366474167819, 91.22532125069812, 85.264322938597, 85.32788729262887, 84.52382558249198, 85.8926009680988, 84.73326827916155, 86.77040082861718, 86.40070674080621, 87.27414752262598, 84.18839048711607, 84.18839048711607
96.35, 97.28389975801242, 96.747344289162, 96.20429676931514, 95.70165006521826, 94.67381376603225, 94.82373856462911, 93.83091294229439, 91.93817773213758, 89.55950081577421, 89.94734412087843, 89.53299639325719, 88.48210142043885, 85.81502052580596, 84.31369739456835, 84.75618479052292, 85.268364649328, 86.97502762755263, 87.81662471584362, 86.18939914762058, 85.91820423980478, 84.32939815556858, 85.06060886000219, 84.98406826740512, 85.93524215045602, 85.93524215045602
95.94, 96.2375560058192, 96.31359935478386, 93.98993913126476, 93.52725146659556, 95.7070483874039, 94.96320082273934, 95.30392565700032, 96.48931142222568, 96.01794095313707, 96.61466428368878, 94.49909131477672, 94.49852951786748, 93.82050478370218, 95.94635441395664, 93.46785665172675, 89.66455528244062, 86.17286191542317, 86.40837698229284, 85.8926009680988, 84.73326827916155, 84.32939815556858, 85.82486939312408, 86.04868995444272, 86.95508607235719, 86.95508607235719
96.62, 96.5847212556483, 94.79644809054798, 93.41385046427193, 85.25147394837903, 87.56452879054656, 88.59562192624949, 87.85986258815271, 87.61823650761842, 85.25911298499855, 85.67588852209451, 88.18057743608841, 87.21974079454849, 85.81502052580596, 87.93076358222397, 87.09282562164037, 85.14866294013774, 85.80183674559206, 86.8641319718934, 86.49915076882827, 84.73326827916155, 85.71854394841266, 85.82486939312408, 85.10731613575045, 84.18839048711607, 84.18839048711607
96.54, 95.70104354900968, 97.73973929517472, 91.67060024836876, 92.53338693251621, 93.04839329777087, 92.46496622414084, 91.87905226597367, 92.62138559338578, 87.51654108368707, 86.11849078082376, 84.17834927434514, 85.00796617836136, 85.4660726724357, 84.31369739456835, 84.75618479052292, 85.88922846168357, 87.01014489472861, 88.5656226992163, 87.77690365461332, 88.57451083714876, 88.79679489224752, 86.43045967462552, 84.98406826740512, 84.18839048711607, 84.18839048711607
95.01, 95.0749416785233, 93.64997494041792, 88.21030859297491, 85.25147394837903, 86.05506562344094, 85.27120174388335, 85.4829156262004, 87.56240943471293, 86.50997400153162, 86.24720067994355, 88.37365390395696, 85.2491514724364, 85.81502052580596, 86.85192861394165, 86.93817978331238, 85.88922846168357, 87.77785544552351, 88.3247617030104, 86.97361150626544, 88.99335984848527, 89.41492690883642, 89.32724897302842, 89.00230584236951, 88.26710078686965, 88.26710078686965
95.95, 95.24972606320566, 97.13997948959812, 95.38120457492302, 95.17282713610555, 94.87157536675348, 93.85970688418804, 94.75295185584993, 96.31860504092747, 95.9835619795382, 96.1814020061079, 97.18481394764056, 98.57679454287425, 94.6620468203804, 92.6813599991334, 91.88938396944587, 91.02444086198481, 91.2625417830988, 86.73888099769422, 87.00060494884059, 84.73326827916155, 86.66568665840977, 87.27945988843688, 87.45542597768846, 86.93488469979616, 86.93488469979616
96.3, 95.3211320459851, 95.74474654593989, 93.36867515408458, 92.91936973726449, 94.86233334800895, 94.53760194778546, 93.18681705164636, 92.25029852075673, 92.09649364438206, 89.4694426798827, 91.14634802257179, 92.64780923148582, 91.73782300181932, 93.07167041874703, 91.04664936661779, 91.22760021220732, 88.40763447208091, 88.88623433126632, 85.8926009680988, 85.31826956638434, 85.19511893703825, 85.82486939312408, 85.17964799782983, 86.44754654927452, 86.44754654927452
96.1, 95.32919049266596, 94.48550721462715, 94.88768952788014, 94.50044254660617, 96.22616951963917, 95.92999657524693, 95.70858011524578, 93.81243243606687, 94.3961604937295, 93.8916352483161, 94.88622685233582, 94.03452237602475, 92.52419866945785, 94.61858159193784, 96.15842609624431, 95.53646472042053, 95.86479448883951, 95.26188521817195, 96.07852366673067, 92.20949868134794, 91.73403207592398, 89.49486784182126, 90.36192281626701, 91.15928762020765, 91.15928762020765
96.3, 95.09130324004789, 97.12943659006133, 95.02646356000551, 90.1967344782881, 92.51838214527895, 90.09336572649217, 86.96084024161148, 89.23587454610623, 87.84688139471551, 86.46342585131289, 87.86527102360394, 85.00796617836136, 85.81502052580596, 87.85701716349153, 88.60493937016663, 87.74691567407233, 87.73050201440424, 85.89049408280822, 85.8926009680988, 85.66318226059236, 84.32939815556858, 85.82486939312408, 86.63966211806297, 88.06886262995728, 88.06886262995728
95.6, 95.66086919664475, 97.74739471849507, 95.3258143392719, 94.03310775578288, 95.56752067564541, 87.44787882992385, 87.68311716311442, 89.13423841476286, 85.25911298499855, 86.29103425777687, 84.17834927434514, 85.06781573864966, 85.81502052580596, 84.31369739456835, 84.75618479052292, 85.88922846168357, 84.50371598688248, 84.52382558249198, 85.8926009680988, 85.73203998151428, 86.07869186050475, 85.82486939312408, 86.08930968950034, 87.39088353474962, 87.39088353474962
96.23, 94.64356627126101, 95.00456809436068, 92.58257523049593, 92.94403089660953, 93.99223895783528, 91.98418859524125, 91.40635225914752, 92.97455991318708, 92.59091116401751, 91.72936380856142, 92.07208536801994, 91.32137934131293, 90.23556296448145, 89.15439601170662, 89.56303914714393, 89.09235509550639, 89.23637835162381, 84.52382558249198, 85.8926009680988, 84.73326827916155, 86.02685012077332, 85.82486939312408, 84.98406826740512, 84.18839048711607, 84.18839048711607
95.57, 86.11886852108154, 84.18163231585689, 85.68112224577713, 86.48676082143871, 87.78600378435894, 87.5464813953761, 85.4829156262004, 85.33363915812888, 86.1344937124195, 85.88726758353727, 84.17834927434514, 85.00796617836136, 85.81502052580596, 84.31369739456835, 84.75618479052292, 85.88922846168357, 87.18786715572078, 87.31297552709181, 86.13355170076471, 85.78045785572608, 84.32939815556858, 85.82486939312408, 85.50834030831527, 86.78379907882338, 86.78379907882338
96.22, 94.95113040567676, 92.59637056812062, 92.03419027493669, 89.34181058971029, 89.15883379625667, 86.22656816819695, 85.4829156262004, 85.76710074027406, 85.7336411689152, 85.67588852209451, 86.95129317794564, 87.57898984679176, 86.94060994633679, 87.41702216277221, 88.87428183761264, 89.09777924282425, 88.58849841331462, 89.4676229910379, 89.28447374391959, 89.41300509559798, 91.13262255955688, 86.4971816442723, 87.87229157203039, 89.46976183235199, 89.46976183235199
97.04, 96.9972865105605, 96.93631689921796, 96.12463545183914, 96.68423572041713, 97.23866110249524, 94.89559557722718, 93.42542215186928, 94.42284337593625, 90.62675370206613, 85.108349630873, 85.81529849353927, 85.00796617836136, 85.81502052580596, 86.11023768227025, 84.75618479052292, 85.88922846168357, 87.08874952153394, 87.79408494015605, 85.8926009680988, 86.9049918088937, 84.32939815556858, 85.82486939312408, 86.96501881861032, 84.18839048711607, 84.18839048711607
97.08, 96.81364609362076, 98.65476891280122, 98.11763066333822, 97.35318590084984, 96.49728425793631, 96.80679456569074, 90.31013631408213, 91.49905690104175, 92.23029004449958, 89.84497278392811, 91.16881081855406, 91.44780528567767, 91.5971011041076, 91.00211915049216, 92.6736966354133, 92.69899072158726, 92.29194863524484, 92.13830053462907, 91.97137474493418, 88.10576426093556, 89.85695605830207, 90.26926312810343, 90.44138159050077, 89.63043191148255, 89.63043191148255
95.21, 96.16008755563934, 94.74457517240661, 93.97993735509475, 92.2138636614066, 91.13455000009233, 91.0299062030409, 89.90101239409573, 90.16200213219237, 89.01650530909612, 86.1381440808319, 87.63953162093578, 87.64772754819097, 87.58351361042985, 87.65232003060964, 85.46809180514106, 85.88922846168357, 87.31961701795538, 86.47724761117368, 85.35677720501522, 86.00115555699935, 85.23762466977011, 85.01847511029474, 86.3545838730251, 87.18584793566787, 87.18584793566787
96.62, 93.9417029913788, 91.81391723339821, 89.05241443249454, 87.97976669175469, 87.05481635975669, 85.48961899980043, 85.4829156262004, 84.10845337987462, 85.25911298499855, 85.67588852209451, 84.17834927434514, 85.00796617836136, 85.6114852484591, 86.17765642204031, 87.06133061802848, 85.88922846168357, 85.35508357616352, 85.61893624789124, 85.8926009680988, 85.08714316240344, 86.20649287731852, 86.03663982087332, 84.98406826740512, 86.07861598638993, 86.07861598638993
96.29, 96.33320850006031, 97.29194977770594, 92.6292608357947, 89.43629570920666, 84.10957757803895, 85.48961899980043, 85.09219840434729, 84.10845337987462, 85.25911298499855, 86.13138123529457, 85.58105901242921, 85.00796617836136, 85.81502052580596, 84.31369739456835, 84.75618479052292, 85.88922846168357, 84.50371598688248, 85.8742129149804, 85.8926009680988, 84.73326827916155, 84.32939815556858, 85.82486939312408, 84.98406826740512, 84.18839048711607, 84.18839048711607
96.16, 91.62549631595896, 84.18163231585689, 85.68112224577713, 85.15185608542902, 84.10957757803895, 85.48961899980043, 85.4829156262004, 86.75700352178565, 87.1118869576343, 85.84826767230547, 84.17834927434514, 85.18107447333169, 85.81502052580596, 84.31369739456835, 84.75618479052292, 85.88922846168357, 84.50371598688248, 84.52382558249198, 85.8926009680988, 84.73326827916155, 84.32939815556858, 85.82486939312408, 84.98406826740512, 84.18839048711607, 84.18839048711607
95.5, 94.22014841095162, 95.79585707756182, 95.79015693347631, 94.27622850469609, 91.61763214018386, 92.3231020191184, 90.35138124510938, 92.51080170461762, 90.46423512424545, 91.4089974446293, 93.16737007383193, 90.8059933914324, 90.28546374842651, 89.72274999489578, 85.92713375767559, 85.88922846168357, 84.50371598688248, 85.68736843016372, 85.8926009680988, 87.33542514717521, 84.32939815556858, 85.82486939312408, 85.17934652518369, 84.18839048711607, 84.18839048711607
95.69, 96.06849565302514, 97.35215216906249, 93.88370581500637, 95.04257213753105, 95.39108436992005, 91.2056980529414, 91.93877198664843, 90.97789500571258, 91.9330727366588, 90.65021465921542, 92.71861515354966, 90.51438145556425, 89.4630656370976, 90.32075621873368, 89.85249176265278, 90.13512062527013, 85.96247068006926, 84.52382558249198, 85.8926009680988, 84.73326827916155, 86.10054131112841, 86.5814491775456, 86.44980797632526, 84.18839048711607, 84.18839048711607
95.19, 96.74677455764437, 97.41997597282048, 92.11431752086321, 90.07945996390569, 92.37827075907323, 91.50191931706107, 89.590111936933, 91.11298938570985, 92.30818204407815, 92.90936295589346, 93.96124937128779, 89.83277575441606, 85.34381612079567, 85.1371384196623, 86.23593009208089, 85.88922846168357, 84.50371598688248, 84.52382558249198, 85.8926009680988, 86.36452403814017, 85.91410712550437, 85.82486939312408, 87.45542806820345, 88.0162306905729, 88.0162306905729
96.62, 96.3978061963274, 94.32905036132296, 93.22591205457869, 89.38699730145032, 91.1214068664681, 89.29111490204397, 87.33273407491176, 84.10845337987462, 85.25911298499855, 86.19629271440718, 84.17834927434514, 85.00796617836136, 85.81502052580596, 85.75631032170214, 84.75618479052292, 85.47964888865255, 87.3282782246915, 84.52382558249198, 85.8926009680988, 86.26782051191735, 84.32939815556858, 85.82486939312408, 86.91042953022554, 88.30917367247264, 88.30917367247264
95.44, 93.79319293310138, 93.61570803313796, 85.87941222234043, 85.25147394837903, 84.10957757803895, 85.48961899980043, 85.4829156262004, 84.10845337987462, 85.25911298499855, 85.67588852209451, 87.04525465492021, 87.96307635580551, 86.12984906521885, 85.78867240690629, 84.75618479052292, 85.88922846168357, 86.13436255809653, 88.21652762114897, 88.99524120982375, 88.83751743876347, 88.33025942528626, 88.2477597649146, 86.70138570472726, 86.12295855297596, 86.12295855297596
96.29, 95.93148112188103, 98.40389700761585, 97.31680251683783, 94.27409805313003, 89.27617844829247, 86.27978780299884, 85.4829156262004, 86.81990544082595, 87.66714236947398, 88.18891585691536, 86.69746719990448, 86.81330016268569, 86.0495804658726, 86.80274669845726, 84.75618479052292, 85.38457365423298, 86.28788454037654, 86.70445630057749, 86.91839610201171, 87.08847589633697, 87.06688506397278, 85.88945897155065, 85.20368060029534, 87.04466807798683, 87.04466807798683
95.84, 96.62686822802968, 97.93265056558687, 97.13302602641824, 98.01697337487553, 97.97425998570039, 97.95009798482954, 97.62045253485, 99.17993907027213, 97.07459450966395, 97.23513753434179, 94.57855708105153, 94.53634939652794, 92.65326134912812, 93.44719287052267, 93.95781333747665, 93.94924056887791, 94.68807173978489, 94.68362058950707, 91.84006791608012, 89.50109896827873, 90.74029470216271, 86.56837869294124, 87.59724069133921, 87.0685760911223, 87.0685760911223
95.7, 97.23678560701889, 91.12656514438024, 90.72416236737237, 91.65309732358553, 93.74777016921684, 93.21696221741017, 91.81437054183121, 92.65708241770614, 92.75646814461754, 91.13491943152187, 86.4367636249082, 87.00136091502252, 85.81502052580596, 86.90034468788387, 87.33174012828962, 86.51238509655342, 87.63316791498363, 86.69776265453972, 86.98042850726213, 84.73326827916155, 85.85139228844237, 85.82486939312408, 84.98406826740512, 85.994966544991, 85.994966544991
96.75, 96.39690631068157, 98.46382284356751, 96.52188047593785, 97.81860190038228, 98.42502190116585, 99.15131139157714, 91.00413338438162, 91.54704289685726, 92.34069719883587, 90.90358307198068, 93.09066207379368, 91.9306557533576, 90.72788090023482, 90.74830280385991, 89.07993676295322, 86.35241595369605, 86.76183382590982, 84.52382558249198, 85.8926009680988, 85.82885095288756, 87.84015930760866, 87.23766446866249, 87.55031808252487, 87.6330059840223, 87.6330059840223
95.68, 97.38013296159619, 97.05940002413155, 95.19979945931576, 96.00192998651225, 97.42925607759422, 96.46068525572693, 96.26457750758387, 97.32474080032328, 97.53888665582522, 95.34661566530374, 95.43782492181086, 93.17253339153471, 91.86290126003504, 92.56015024041002, 92.12258409883407, 92.32832675782376, 94.32756606350068, 95.61845408903042, 95.54586803097428, 94.7901944810821, 94.35213882572839, 92.70485158643469, 92.16465359826306, 93.04815409928649, 93.04815409928649
94.9, 93.62349427217355, 95.21348307259747, 93.36071589904728, 92.73986114548715, 92.30388048896847, 85.9526835509352, 87.06526810520216, 87.24206144243713, 85.03144562283227, 85.67588852209451, 85.12929112876489, 85.55577708232265, 85.81502052580596, 86.56516936342241, 84.75618479052292, 85.88922846168357, 84.50371598688248, 84.52382558249198, 85.14815014790868, 86.34583040508555, 87.19687005347421, 86.45755366723081, 87.80495472009453, 88.07365894441294, 88.07365894441294
95.89, 96.39208968359456, 97.35631724207657, 94.51172174376472, 93.2785840958375, 94.84036367174897, 90.74753948981622, 89.53117719012599, 88.69882547732877, 87.80499792854252, 85.57643867193266, 86.97663318852216, 88.44383114667058, 87.15394401550455, 87.99907436326737, 88.10340358748508, 85.79977618192152, 85.05276705476537, 84.52382558249198, 85.8926009680988, 84.73326827916155, 85.97297996325611, 86.08133450846685, 84.98406826740512, 86.8313291900839, 86.8313291900839
96.71, 97.99745297072089, 98.59492347316993, 97.11845245259646, 97.07012983613431, 96.58792259089957, 96.32212484945465, 94.94957232871133, 96.94784140885955, 97.76449975029271, 97.45082334874179, 99.31588741225085, 99.35379134425797, 99.95766977741108, 101.92028336442044, 100.42399939071284, 98.1244936434656, 99.77969747420974, 97.87359750774857, 97.43989164874257, 98.74346573099275, 100.73800746238088, 98.42297726658495, 96.21720802601936, 98.22538083907845, 98.22538083907845
95.79, 94.1476418046359, 90.40519867416397, 87.21594038352015, 88.31438908054376, 88.16554401219057, 88.35721126718808, 86.81788304208992, 84.10845337987462, 85.25911298499855, 85.52875287051448, 84.17834927434514, 85.08765936729777, 85.81502052580596, 87.49225807604104, 86.54819836810867, 85.88922846168357, 86.72519226349495, 84.52382558249198, 85.8926009680988, 87.07429460662279, 86.07464992536215, 85.04557787836663, 84.98406826740512, 85.89405513169282, 85.89405513169282
96.2, 96.59541185515806, 97.89642624680845, 97.37782527353187, 94.62053759962332, 94.37167043452516, 91.69008159899168, 92.84744608384865, 89.11740458130903, 90.47828077239636, 87.78676759103676, 88.37010820143789, 88.85801795341297, 87.98598194269128, 88.9874755516949, 88.56559012255026, 88.99037203673086, 89.94221663664004, 90.1919004302393, 88.42354872845054, 89.04799695843565, 90.32652000638586, 87.402090929071, 84.98406826740512, 86.00847937588648, 86.00847937588648
94.73, 95.3940291087876, 94.37880116699841, 92.82095157790567, 93.69376627123717, 95.29810745432552, 94.37552137661547, 94.67729308943704, 95.65827188169747, 96.60273216278797, 91.832390001884, 93.25035985684396, 92.26891269986822, 88.44635658500766, 87.94967481222794, 89.37428409187656, 86.36099396892031, 86.01000618796263, 85.46309490002791, 85.8926009680988, 87.73721950733804, 87.65360953813399, 85.82486939312408, 85.56068637844447, 86.25132011431421, 86.25132011431421
96.02, 92.95823461703175, 92.6161502490602, 87.46853936859354, 86.88892881024957, 85.60153314028632, 85.48961899980043, 85.03323050298316, 84.10845337987462, 85.25911298499855, 85.67588852209451, 84.17834927434514, 85.20968948132189, 85.23327735429184, 84.31369739456835, 84.75618479052292, 85.88922846168357, 84.50371598688248, 85.36732308733454, 85.21447214966983, 86.77144046934356, 85.30089416341694, 85.82486939312408, 85.69952346414736, 87.53308524693458, 87.53308524693458
95.63, 96.58745831221151, 97.80918356870176, 96.83825969724049, 96.171779116652, 96.89615310707025, 87.24434460717963, 86.13473928025803, 87.77990163425766, 85.25911298499855, 85.67588852209451, 87.43935323355848, 85.23437624902786, 85.81502052580596, 86.83962496537077, 88.17899651353464, 87.60690029530811, 87.41881542643884, 84.52382558249198, 85.8926009680988, 85.85503365164033, 84.32939815556858, 85.82486939312408, 84.98406826740512, 84.18839048711607, 84.18839048711607
97.23, 94.71778273992878, 96.37445409172209, 93.72753948759882, 90.10820866571014, 90.6098725916436, 90.47169191044865, 91.43749436778928, 92.85975434360279, 90.2233176035817, 90.59024850046686, 90.96510104597667, 92.32550443804338, 91.29624041204632, 88.3005620466001, 84.75618479052292, 85.40475895715659, 87.50424907031731, 84.52382558249198, 85.8926009680988, 87.65275430439931, 84.32939815556858, 85.82486939312408, 85.19059608679976, 87.37171282541166, 87.37171282541166
95.84, 93.96709202230109, 91.27208208497805, 89.84260000780482, 89.9345136604026, 91.59252287941406, 91.36504787832031, 89.16737237838659, 86.00283549576199, 86.0096246938264, 85.67588852209451, 84.17834927434514, 85.01181428848095, 85.81502052580596, 86.039906054614, 85.31683472186926, 85.48258517160973, 86.86297844180314, 84.52382558249198, 85.8926009680988, 84.73326827916155, 84.32939815556858, 85.82486939312408, 85.46077868501087, 85.58756534417965, 85.58756534417965
96.42, 97.01376322853204, 97.61227587292949, 97.75504748630105, 97.94617001152105, 100.11551060864596, 100.40732147067013, 98.70373991610995, 98.01723126871865, 96.67563926414996, 93.18129042433436, 94.28406031295854, 93.93286205192216, 87.50030156453052, 84.31369739456835, 84.75618479052292, 85.88922846168357, 85.355792808763, 85.27751602542264, 85.8926009680988, 84.73326827916155, 85.24252956973405, 85.82486939312408, 84.98406826740512, 84.18839048711607, 84.18839048711607
95.9, 96.06449881750063, 94.67650890639858, 93.19453838069838, 93.2277450874896, 84.10957757803895, 85.48961899980043, 85.92920761372021, 84.10845337987462, 85.25911298499855, 85.74208097779554, 84.17834927434514, 85.00796617836136, 85.81502052580596, 87.73076230564119, 88.89889835006822, 89.2253751320929, 90.44191543339419, 92.0549401133245, 92.11059115169239, 87.24487575030481, 86.13589071696019, 85.82486939312408, 87.10747547671227, 85.4348659399808, 85.4348659399808
96.29, 95.48914045006875, 95.90262194746776, 94.99049844908296, 92.35563383606788, 92.78689096944863, 91.96132568788391, 92.98621750134515, 95.35185153872445, 93.62284238454608, 94.43200188390234, 88.52132659471792, 89.40796842281893, 88.32565912473535, 90.06831567840712, 87.68256279703988, 85.88922846168357, 85.78306288202077, 85.4637193332479, 85.8926009680988, 84.73326827916155, 84.32939815556858, 85.82486939312408, 84.98406826740512, 84.18839048711607, 84.18839048711607
96.2, 95.55584494354736, 96.09506473507257, 96.81527547453179, 97.64036886039199, 97.05905814618978, 95.17833225011714, 96.1119294772708, 97.0153942658221, 98.03125385424916, 95.44000412514237, 95.161703340077, 96.44196414513384, 94.98996974638706, 95.63537328104732, 96.39769895185339, 96.78463055264794, 95.71429553880603, 95.2261361099171, 94.86368250578055, 96.69158258610192, 98.1715308416515, 96.43288049676318, 93.08499505298907, 94.05708027477205, 94.05708027477205
96.44, 97.25168927166807, 96.16844968256919, 94.65454976503902, 95.4305057504822, 95.28887033049776, 95.3098867979441, 95.69076275440732, 95.29323743274108, 96.50909002570607, 95.8021079001893, 96.25937556658302, 96.7755079383593, 97.08487420549358, 99.12822253232554, 98.87672162467365, 95.56992507182886, 94.92066524552821, 95.54071440550267, 92.65165311204107, 91.06723520710557, 92.86911467235319, 91.76981116713509, 90.55480113770449, 91.73856430661434, 91.73856430661434
95.36, 93.68815315090006, 92.235566120954, 92.8272750343374, 93.09716423401379, 91.47031128041495, 92.38792084499772, 91.87967965178811, 93.11528023096835, 92.42848857122415, 93.398013513862, 94.26736676379315, 91.87356272907411, 89.40133059182277, 86.80261013942615, 86.81474822773735, 86.12187004924704, 87.20805837609599, 84.52382558249198, 85.8926009680988, 85.86568652698753, 87.68821682275691, 86.66426312563249, 85.97473961312772, 86.96374173750422, 86.96374173750422
95.41, 95.63544313010155, 96.47044120838657, 86.397225440824, 86.04251210678156, 86.65083692588951, 85.48961899980043, 85.4829156262004, 86.73532679691134, 85.25911298499855, 85.67588852209451, 86.09174175052527, 85.00796617836136, 85.81502052580596, 84.31369739456835, 84.75618479052292, 85.88922846168357, 87.28469675338948, 88.8456545411026, 86.32316592301488, 84.73326827916155, 84.32939815556858, 85.82486939312408, 84.98406826740512, 85.3255498622465, 85.3255498622465
95.97, 96.29499029854776, 97.63104045232305, 97.31698851049667, 97.91830613504402, 99.53258236319786, 95.80045971367947, 92.99492596148767, 90.2187566935766, 89.13756736126723, 85.67588852209451, 86.42705087828021, 86.09800128045619, 85.3130331284732, 84.31369739456835, 84.75618479052292, 85.88922846168357, 87.83039268989474, 88.71756746891654, 85.22529000988027, 84.73326827916155, 84.32939815556858, 85.82486939312408, 84.98406826740512, 84.18839048711607, 84.18839048711607
95.64, 96.26396016862721, 98.48003475743326, 97.3443083748768, 97.86221788906505, 97.53523246180272, 96.37115844508652, 96.98120297986144, 98.15665866610833, 99.00937068484473, 95.1806223467415, 95.84649991738397, 95.06044847738312, 93.80502088323325, 95.28856475949088, 97.17785464278045, 96.53656382838719, 98.4591697955924, 99.91824363205484, 98.78177466362627, 96.6189442771329, 97.7028361398189, 97.34853753020299, 94.74532116823794, 95.59279690244098, 95.59279690244098
96.27, 92.58929755344396, 94.19016217265597, 93.63980869340332, 92.94064243232917, 94.82313262247578, 93.60395359306774, 93.80301731289305, 92.80671627354803, 92.28084628224518, 90.06579843581068, 92.27102567664157, 91.44006466678809, 90.1604720692626, 89.9133763837625, 87.33415070873684, 85.88922846168357, 87.2951719384971, 85.74456195929736, 85.8926009680988, 86.84560107094993, 88.82180633860365, 89.05540703115423, 85.38682852571017, 84.18839048711607, 84.18839048711607
96.37, 97.70848433816826, 99.8655194120632, 100.36510529031871, 100.77939165144198, 102.02809671241407, 102.04703526740803, 99.84268872126172, 96.50937846046442, 93.9241594847167, 93.20252397919943, 94.08874368901259, 92.86463165302452, 92.670208047244, 88.33809570270118, 87.28848765789196, 85.88922846168357, 86.6499504123975, 88.04401933076728, 85.87494317463268, 85.12558697324123, 85.70803190405495, 85.30550345297404, 84.98406826740512, 87.39426804587852, 87.39426804587852
95.36, 95.32935331466193, 94.0621157858255, 94.93061274686137, 95.06040595982773, 95.21261533890836, 95.50273026255165, 94.01162136602105, 96.14683516466123, 94.62309492266866, 93.61788425754153, 95.5665992360226, 94.27388135201473, 94.29565605762295, 93.58871893220643, 92.7981122867602, 87.88136488102553, 86.8220053233857, 84.52382558249198, 85.8926009680988, 87.76665013340128, 86.87736198210858, 87.61205593759335, 88.01023483808919, 89.08809390595556, 89.08809390595556
96.38, 94.79208554498872, 96.6775907866387, 96.04822882278228, 91.11849342851465, 91.7217073301255, 88.89730318456272, 89.88990016472843, 89.95724383657033, 88.89374303317794, 85.12182247845183, 87.04794542054064, 85.00796617836136, 85.73973501621336, 84.31369739456835, 86.09477071971988, 85.80316159961126, 86.97192048995845, 84.52382558249198, 85.8926009680988, 84.73326827916155, 84.32939815556858, 85.82486939312408, 87.04001217161623, 89.5580582994889, 89.5580582994889
96.54, 95.99503622451738, 97.7251221092458, 97.67329812727144, 96.16160023453936, 98.429866080719, 97.72902198528986, 98.60845633635105, 95.96453218021989, 92.40291571491244, 92.3282387842506, 92.18143579336783, 93.25475701084738, 92.39038752820338, 87.30973536725489, 87.23924855545555, 85.83715454164151, 86.56596953094923, 86.76611582193702, 86.80098999999849, 88.27487359187442, 88.37280930434329, 85.82486939312408, 85.96023951629527, 87.96491022123416, 87.96491022123416
95.35, 94.19387898683854, 89.44446673069669, 88.00185945152793, 85.25147394837903, 85.5348678575884, 85.48961899980043, 85.4829156262004, 84.10845337987462, 85.25911298499855, 85.67588852209451, 84.17834927434514, 85.00796617836136, 85.00953557393146, 84.31369739456835, 84.75618479052292, 85.88922846168357, 86.48878170284272, 86.6160098706444, 86.59666050756286, 87.77382685085264, 87.93292557721239, 86.94183785226461, 85.230247293783, 85.54071010045222, 85.54071010045222
95.84, 97.15849933079946, 98.2386684977582, 96.62888766836257, 97.76597427051537, 99.24042526552319, 97.81960274749365, 96.22859529607346, 92.58760266329574, 91.14596017785706, 91.52131347704236, 88.36696717173488, 85.00796617836136, 85.81502052580596, 85.49075697051285, 85.80203281124166, 85.58784089994181, 84.50371598688248, 86.45029397486392, 86.5950905690086, 86.01429863884918, 86.08838155236512, 85.82486939312408, 86.3104221873667, 84.18839048711607, 84.18839048711607
95.96, 94.63660697859194, 93.47610579421334, 91.22620800360703, 89.38730680557347, 89.36378730252017, 85.8974555776322, 86.99273673448606, 88.69912750971939, 85.25911298499855, 85.67588852209451, 87.27377372884712, 88.98841106212895, 89.40312183739638, 90.27294966960825, 90.44172714539152, 89.67485556501143, 88.48022441212818, 84.52382558249198, 85.8926009680988, 86.5180715554536, 84.32939815556858, 85.82486939312408, 84.98406826740512, 86.6790449072949, 86.6790449072949
95.44, 96.73280312901755, 98.20251055657876, 98.8695923242104, 95.31056939523755, 95.6129676132815, 93.6437109921094, 94.01430232047436, 94.43097929755064, 93.06798619412172, 92.84985569793761, 93.59980663683321, 91.86688594433346, 89.67951295462512, 90.99582282076969, 91.11536740434633, 88.99622918037838, 89.19758323488509, 88.67162014040254, 85.73641111912127, 86.98445179493918, 88.42309886671369, 86.0771149335653, 85.66676150220938, 87.03986683169092, 87.03986683169092
95.85, 95.18135998949636, 96.79551776699608, 94.52991470807058, 94.87560726376643, 94.2959995591169, 94.63963462505892, 91.93000565731678, 91.06969850707213, 91.61957006925546, 91.38153355718005, 92.2678982152568, 92.9482768024153, 92.21902967609364, 90.1733789264137, 88.13028594875982, 87.91435068933858, 89.82277263126372, 90.76103915449664, 90.42617837258332, 90.79921712867026, 91.95958601182707, 90.0230619749872, 91.05644814598051, 91.34644468589609, 91.34644468589609
97.18, 97.9428818811016, 99.6623436790659, 99.52264331993499, 100.002156929196, 100.79507401670605, 101.71261921344514, 96.29878283304339, 94.85115029960133, 95.96028576867772, 94.45493579523114, 92.86115110957074, 94.34370203250677, 93.74661252953301, 94.75507279358443, 96.62465327141528, 94.41757299419581, 95.24982586221536, 94.6905015667116, 93.43377338414099, 92.11685277707329, 93.20711586175032, 91.86201263455914, 89.39083241108862, 91.58319675792335, 91.58319675792335
97.42, 94.04339890886538, 94.2980351389482, 90.86810084757373, 90.20376899173345, 89.72926646799758, 90.73425223218055, 88.60452063812512, 89.06631374143087, 86.3406071419761, 85.4035368679576, 84.17834927434514, 85.00796617836136, 85.81502052580596, 84.31369739456835, 84.75618479052292, 85.88922846168357, 86.1930022312369, 87.08867911378998, 85.8926009680988, 87.38531726976066, 84.32939815556858, 85.82486939312408, 84.98406826740512, 87.10218589777308, 87.10218589777308
96.2, 94.55575402123701, 94.6091076280226, 91.50728944272555, 91.26944996071815, 91.15910101540733, 90.6581615498896, 89.52240114435514, 91.19060856414849, 91.76097668038864, 89.11074631494282, 91.2134517855947, 91.71770141996711, 91.39147719737336, 92.31216600103916, 89.7192759099352, 87.93765640551324, 89.58318810639479, 90.9612179635232, 90.85000950354117, 90.36819354542008, 87.14078462583541, 87.76388363222819, 89.38421420502986, 87.43296933342096, 87.43296933342096
96.25, 96.61032637767259, 96.84454301787734, 96.44075009530903, 93.48094170239402, 95.81451242897153, 93.05357229734149, 94.2281957135499, 95.00539869035549, 95.14189801884496, 94.65944149152175, 97.18292254835548, 96.26312264749552, 87.38585132930277, 87.92918768748503, 85.76935015501826, 85.2887041170971, 84.50371598688248, 86.11572590112134, 86.29659354425098, 84.73326827916155, 84.32939815556858, 85.82486939312408, 86.95710302795919, 86.36526854391086, 86.36526854391086
96.88, 98.14837991755317, 98.14777504053376, 97.9905935099568, 97.64295854218257, 96.90082337811468, 91.76049819292864, 90.73591444935053, 86.59531380983351, 87.85725530320582, 85.67588852209451, 86.64417756899181, 85.00796617836136, 85.67584131705331, 87.68489897648035, 85.03380156780446, 85.88922846168357, 84.50371598688248, 84.52382558249198, 85.8926009680988, 86.15946848748028, 86.72095417774169, 85.81249842884714, 85.35360106583433, 86.17397350954347, 86.17397350954347
95.75, 95.01899465306997, 92.25770516130916, 90.091652060411, 90.5237003466751, 92.5652489194644, 93.01462518297991, 93.39709054385956, 93.65592992570404, 94.00832451868752, 92.57269954111999, 93.30126523101164, 89.89313749611368, 87.60379346290757, 87.62616349161448, 84.75618479052292, 85.88922846168357, 84.50371598688248, 85.05149762141892, 85.8926009680988, 87.90165814301763, 88.76544799684007, 89.10757626979445, 90.3227287150889, 91.50196744126171, 91.50196744126171
96.43, 93.95761104817035, 92.00656778432199, 91.86273939138958, 86.91635387533928, 88.61160887961238, 88.21053681473951, 87.39484694751177, 87.90466417584464, 87.0166894905612, 85.67588852209451, 87.9186012378136, 87.6275032719935, 86.41818345683913, 85.15653835891636, 84.75618479052292, 85.88922846168357, 84.50371598688248, 86.10426242935013, 86.29843718600817, 86.69897203340011, 84.32939815556858, 85.82486939312408, 85.17941897822101, 87.47007191301043, 87.47007191301043
96.9, 95.8354023228072, 95.18149222387346, 94.05286667776046, 91.31799330038079, 92.79451167684651, 93.44478138216377, 93.31600390484006, 93.45924963352175, 93.49085902954855, 90.92498534572525, 92.0421960561041, 91.80324312844552, 90.98669083179168, 90.20552284937628, 90.51816281252017, 90.38856267892419, 89.70251180929864, 89.76279830677686, 89.03909040959262, 86.51593272027769, 86.03294168768603, 85.82486939312408, 84.98406826740512, 86.35854369785973, 86.35854369785973
95.51, 95.26636823324986, 96.62099226455689, 96.00528707019555, 94.51445871934808, 93.0249890024693, 91.10771667101427, 92.14402979736195, 93.72988670554109, 94.28992323498946, 93.79775640696998, 93.65753593919413, 92.74363886609274, 89.40337245511779, 90.48994956767993, 91.828924114255, 89.22525390295723, 84.50371598688248, 84.52382558249198, 85.8926009680988, 84.73326827916155, 84.32939815556858, 85.82486939312408, 84.98406826740512, 84.18839048711607, 84.18839048711607
96.49, 93.28040471492585, 92.07551441735248, 89.24064781702887, 88.23260527146873, 90.77029457210733, 89.7054778915409, 89.72599604629133, 91.81274166583552, 88.58194853952119, 88.33419970909169, 90.07085928736748, 91.73839917904489, 87.53613224485503, 88.6930757490832, 88.56355772892914, 86.67769572915867, 84.50371598688248, 84.52382558249198, 85.8926009680988, 86.31797193523295, 86.9224171531653, 87.01954212351663, 84.98406826740512, 84.18839048711607, 84.18839048711607
96.85, 96.46333572857965, 98.12518460067122, 97.7449557899706, 96.37200541140018, 94.77682254319848, 93.49718674353878, 89.70950975450657, 88.66557747512992, 87.9190345177885, 85.8864976079246, 86.93963941590087, 85.45545587547474, 85.81502052580596, 86.02903957054875, 85.59284625515981, 85.8198439063165, 85.48056343523977, 84.52382558249198, 85.8926009680988, 86.44633525312227, 84.32939815556858, 85.82486939312408, 85.12040381643618, 85.22806104921736, 85.22806104921736
94.93, 94.20558315499952, 95.85048122746358, 93.53801918761441, 93.98450270371735, 91.53277361662279, 90.40226026163423, 88.6133309948929, 88.67062904642034, 86.01296495264684, 86.67471789450481, 86.87603307215561, 85.95300368634054, 85.81502052580596, 86.92053151457385, 88.13862421494193, 87.11787487850937, 89.02460999914963, 90.38316287040318, 85.69072198892886, 86.43033127432261, 86.48626398772602, 85.70904829642839, 86.68695410123591, 84.18839048711607, 84.18839048711607
96.07, 94.3494741680596, 96.10039201712728, 95.42385600467132, 96.61107078336798, 91.4362585490728, 91.03441882195578, 90.55104231359991, 87.54228390030342, 85.25911298499855, 85.67588852209451, 84.17834927434514, 85.00796617836136, 85.55747712267926, 85.28079449212987, 85.6749956260855, 85.88922846168357, 87.29766714847311, 85.63042751315218, 85.8926009680988, 85.305840148637, 86.55426900846837, 85.48704999871931, 85.89000665736752, 86.49799286428279, 86.49799286428279
95.59, 95.07199612381564, 95.76809561239416, 94.68995758083365, 94.70476941439625, 95.49736506598082, 89.981575518959, 88.91527631145681, 91.10090821327782, 88.03358443162003, 85.22569555531598, 85.96586826790414, 85.71395466195204, 85.81502052580596, 87.42204407011994, 85.97923381814446, 85.88922846168357, 86.15609076267134, 87.46182882595419, 85.8926009680988, 86.65090556815598, 86.46313381218319, 85.82486939312408, 84.98406826740512, 84.18839048711607, 84.18839048711607
97.73, 97.63677690171781, 93.47156754627665, 92.28894375068715, 89.90082506758888, 88.01248342387939, 88.27285637585317, 87.52890870521519, 88.46830170104083, 88.90773428585177, 85.10891410648507, 85.78182875840352, 86.49577791051802, 86.47194870859853, 86.8149477896749, 87.21577619202553, 85.88922846168357, 86.6935370960777, 87.91659527263059, 85.8926009680988, 87.28128876541493, 87.58255361573784, 87.94167852687825, 87.11944114052524, 84.18839048711607, 84.18839048711607
96.38, 97.08821794374175, 98.89691511425413, 99.69907085139755, 100.50398245406032, 100.82782722814991, 101.18782970143664, 99.23528855164072, 100.27184011415568, 100.40833136511415, 101.40996577429834, 98.61574235792826, 99.23550550597484, 99.35478781464646, 101.08712139230005, 100.73395681332919, 100.88670498355553, 98.7607686958184, 96.4904092124969, 89.85706330348019, 90.58292902415369, 87.83761258335085, 88.72460840789711, 87.91517747534353, 86.7468656400111, 86.7468656400111
96.17, 89.11114685403548, 91.23981324175593, 90.84100798909819, 89.21066963992119, 88.63924090171068, 86.08528602194332, 85.4829156262004, 84.10845337987462, 85.25911298499855, 85.67588852209451, 87.3690806757598, 85.00796617836136, 85.81502052580596, 85.83135280168524, 87.11015836188176, 85.88922846168357, 86.70083939485168, 88.38773979663985, 87.96112592696859, 87.2157417489351, 88.95281659405839, 88.90063592766816, 88.81072739311551, 90.34932835151709, 90.34932835151709
96.0, 96.95676372260367, 96.24627885360698, 94.80659264377718, 92.76591183184908, 92.36971770446331, 92.84133780822279, 93.63817728407508, 92.09573929976372, 92.99909530943552, 92.86701160224845, 92.94029292653578, 87.90945590714877, 86.75673935130142, 86.35317437883626, 86.31121051887658, 85.9285863363011, 85.90631663479436, 84.52382558249198, 85.8926009680988, 85.30428008462886, 85.14843536784619, 85.82486939312408, 87.33566870699607, 88.83775149968491, 88.83775149968491
96.18, 96.07739657699688, 96.98459221229413, 95.82500086129986, 96.28036532738324, 95.82143175825422, 95.94253276014355, 96.03877997078023, 95.99390322440067, 96.48711546432945, 93.37131362609834, 94.87168901125263, 95.35374086386678, 93.58279600606808, 93.89425312230688, 94.20022891034729, 92.15134145983073, 92.52484469970733, 90.42598234487035, 90.6193691147214, 90.11021608897516, 90.44821720337025, 89.39394249108501, 90.70152116111365, 92.95537533318586, 92.95537533318586
96.38, 97.63462036986492, 98.48816650167464, 96.0795814603182, 96.6165597244924, 94.78133718313268, 93.08581919498386, 91.75537226881832, 89.822660117805, 90.56408585907106, 91.47332240505764, 90.51303780152656, 91.87090794193955, 92.36342628053383, 91.56758159243503, 90.50728323065064, 90.18498540304975, 89.88008993697287, 88.43226842663377, 88.2413523058024, 89.37480741069938, 89.46572277697479, 88.42308080266774, 88.35293255576808, 86.27772238949606, 86.27772238949606
96.12, 94.74502155131164, 95.45264401729293, 95.79408289128905, 92.82782692076042, 94.0053021123137, 92.94096619701837, 93.89894065579098, 88.7592876476728, 85.89486949533556, 85.67588852209451, 86.06641414384023, 87.1674946624988, 86.49725043035839, 87.58145796003811, 84.75618479052292, 85.88922846168357, 87.71512749194669, 84.52382558249198, 85.8926009680988, 86.15643786545729, 84.32939815556858, 85.82486939312408, 84.98406826740512, 86.75385995595852, 86.75385995595852
96.35, 95.80788015658437, 96.48477127816186, 92.26195116686053, 93.58196653517685, 88.35258906675429, 87.55239960459349, 85.05309448414756, 84.10845337987462, 85.25911298499855, 85.75246705686, 85.22811263851598, 85.00796617836136, 85.81502052580596, 87.65615210964967, 89.30746741365294, 87.08518390185651, 87.82913966094968, 86.3844187059165, 85.8926009680988, 86.78071332052797, 88.10425498925125, 86.61615045417207, 86.40354569470523, 85.75400712358274, 85.75400712358274
97.26, 96.75344504474062, 93.12030867289415, 92.22245154923192, 88.70504638129512, 90.97019054907908, 88.86204022415988, 86.28949332452477, 86.89816057935009, 88.17367411141232, 88.46403319723835, 89.56069067339745, 85.00796617836136, 85.81502052580596, 86.85575028651266, 84.75618479052292, 85.88922846168357, 87.37007390038771, 88.68315896499936, 85.8926009680988, 84.73326827916155, 84.32939815556858, 85.82486939312408, 86.0402381890896, 87.62414518337549, 87.62414518337549
95.57, 93.90181743962746, 95.05498605629462, 95.34718259959699, 91.41081170366914, 91.20624269069326, 90.33444506027206, 88.32044431743776, 90.21025908076095, 86.2373948083221, 85.83903752329591, 87.20565926232653, 85.9635095232233, 85.31684844627037, 87.08516116748278, 84.75618479052292, 85.37473785074735, 86.51249518492662, 86.09429928983114, 85.8926009680988, 84.73326827916155, 86.09145708087067, 85.87130871376534, 84.98406826740512, 84.18839048711607, 84.18839048711607
95.57, 92.77907844933827, 93.38989284641147, 91.02381556817221, 89.37259325666618, 90.85111203102373, 88.0500493432502, 86.14611265112062, 85.88416547912361, 85.29264265107612, 85.42735393489356, 84.17834927434514, 85.20176221604349, 85.81502052580596, 84.31369739456835, 84.75618479052292, 85.88922846168357, 86.39733692999567, 84.52382558249198, 85.8926009680988, 85.18577855423676, 86.63658326099764, 85.84535347109652, 86.64874005664754, 86.82283638786335, 86.82283638786335
96.19, 96.03094587669524, 88.25188147282739, 89.10134623311822, 87.6206279991857, 87.50015889188677, 88.73972398223871, 89.17532719830218, 86.81694075311806, 87.1931095906376, 85.47655465203488, 87.73601841128519, 86.85812489471041, 87.32966109738202, 88.71970766325613, 89.41648684669313, 88.24843105255411, 89.64196601691644, 90.59270877633392, 86.77703117781454, 87.988074536753, 89.61219300571817, 85.71108901769895, 85.96419620080493, 85.75673463129938, 85.75673463129938
96.56, 91.71659343157268, 91.34332270822608, 89.05889734781518, 88.54523460820006, 89.93520976425847, 89.33861081820075, 89.1611592464945, 91.25244290517838, 87.26591761386965, 85.41352817735367, 85.77838948352456, 85.00796617836136, 85.81502052580596, 84.31369739456835, 85.7538733708385, 85.88922846168357, 87.71672308729202, 89.07653557828516, 88.69338737761451, 87.89082811652237, 85.57818991771597, 85.82486939312408, 84.98406826740512, 84.18839048711607, 84.18839048711607
95.1, 92.31383848796584, 88.07529766005428, 87.12895739025316, 87.20267773459886, 85.05626130645724, 85.48961899980043, 85.4829156262004, 87.42740438076927, 88.43159826660313, 86.72101591061808, 87.94028956522531, 88.62123903935203, 87.73550996017975, 89.69549911857236, 89.99859543712117, 89.16295246268677, 84.50371598688248, 86.17446784533695, 85.36396051190276, 84.73326827916155, 84.32939815556858, 85.82486939312408, 86.88036160100852, 84.18839048711607, 84.18839048711607
96.49, 96.14955525175428, 95.87891794188788, 96.59283773483412, 95.71034808354699, 95.48221353661398, 91.9501884478035, 89.90502000899582, 90.06375207979855, 88.3320777613941, 87.29591790245651, 85.90371117921418, 85.89439124632918, 86.29147514780577, 85.4111259356189, 84.75618479052292, 85.88922846168357, 86.83966012231718, 85.21902625444397, 85.70593141886219, 86.19414077880896, 85.11519343916851, 85.82486939312408, 87.21964078805325, 85.96302140007388, 85.96302140007388
95.73, 96.0736187828147, 93.61427113294971, 86.21097701879626, 85.9204414878879, 86.69272750417771, 87.09556564790327, 85.4829156262004, 87.3846517470738, 85.25911298499855, 85.06820927835514, 85.84914632568923, 85.00796617836136, 85.81502052580596, 87.18102520740284, 87.59221803969132, 85.88922846168357, 84.50371598688248, 84.52382558249198, 85.8926009680988, 86.13502138374676, 85.87732004136049, 85.82486939312408, 84.98406826740512, 86.25223276459595, 86.25223276459595
96.36, 92.10679280623611, 91.25624931850447, 91.07761958573937, 91.80632979487855, 93.1502617115138, 92.85759251660336, 94.05550443082463, 93.7170382522766, 93.36879854040879, 92.7721850866902, 92.17480755418764, 92.46951496894523, 93.03747590196737, 93.87900196496012, 94.76335333387439, 94.07575707984655, 92.54718511495408, 92.65295276207141, 90.99672277804154, 87.88731378108783, 89.85774354633999, 89.92437906754236, 89.1093455001393, 91.1438566045767, 91.1438566045767
95.7, 96.45633906284387, 94.79018656093527, 94.8193999609859, 92.84857060315302, 94.21447521819321, 87.09070022124644, 86.05087830475875, 84.10845337987462, 85.25911298499855, 85.67588852209451, 86.92411941007342, 87.86147534297561, 85.81502052580596, 85.6945720113116, 85.33517888286788, 85.88922846168357, 87.37953288811563, 85.04055102196807, 85.8926009680988, 86.58640087217155, 85.83731149317057, 85.742737898422, 86.53896472588086, 84.18839048711607, 84.18839048711607
96.61, 95.92789331491181, 97.50414119074563, 97.75922643099692, 98.7843283000619, 97.13670564234255, 98.01138466973738, 96.15308577512235, 97.52102464941784, 98.21693653343262, 99.06453014062845, 99.83772895335727, 97.91380011606306, 93.5584116340825, 93.5040456997642, 93.83035980051778, 85.88922846168357, 85.6126241023287, 84.52382558249198, 85.8926009680988, 85.69558225717005, 87.15134413306203, 85.82486939312408, 84.98406826740512, 84.18839048711607, 84.18839048711607
96.63, 97.61121618395377, 91.61181025461953, 89.48697193608726, 87.65439362583469, 87.37759116693795, 86.19655693012476, 86.34647137186094, 86.21548154771486, 85.46608758472975, 85.67588852209451, 84.17834927434514, 85.00796617836136, 85.81502052580596, 87.4997958495593, 87.62665301440107, 88.04241177789935, 86.70444828009721, 86.09444756113214, 85.8926009680988, 85.7961548954849, 84.32939815556858, 85.82486939312408, 85.49635128093861, 84.18839048711607, 84.18839048711607
96.03, 95.0031247007958, 92.31221844111029, 89.91535345906996, 89.7528322617546, 92.25044262785833, 93.21693703995608, 89.34595811056539, 87.12692938148258, 85.25911298499855, 85.67588852209451, 86.79702647182289, 87.34181155428831, 85.81502052580596, 87.80902620286939, 84.75618479052292, 85.88922846168357, 87.44403843502498, 88.10086051485725, 87.00856225286128, 87.05289661811457, 85.15344369261801, 85.61296395386326, 84.98406826740512, 86.67114589049902, 86.67114589049902
97.28, 96.56058213603433, 98.33828463183974, 95.45721800226941, 92.79478461980165, 91.2840653056895, 85.73901464286895, 85.4829156262004, 87.13030789051665, 86.85610050779599, 85.67808423014614, 86.71129803673094, 85.00796617836136, 85.81502052580596, 84.31369739456835, 84.75618479052292, 85.88922846168357, 86.77298114142876, 87.21951539617612, 87.10749689236822, 88.21753545047412, 86.44169333780007, 85.82486939312408, 85.76017181717799, 87.337453716422, 87.337453716422
96.16, 88.69213865555983, 88.83027470515893, 88.32186390437556, 85.55016581234493, 84.10957757803895, 85.48961899980043, 85.4829156262004, 85.8286688488279, 85.25911298499855, 85.67588852209451, 84.17834927434514, 85.00796617836136, 85.81502052580596, 84.31369739456835, 85.50110872789077, 85.88922846168357, 84.50371598688248, 85.23500509179365, 85.8926009680988, 84.73326827916155, 84.32939815556858, 85.82486939312408, 84.98406826740512, 85.26146593793162, 85.26146593793162
96.62, 96.0495965782497, 97.00042748817384, 93.81545992017749, 93.82333998626025, 93.4168441498467, 93.88371024712397, 90.92933125432873, 92.0526466169449, 90.2772389800936, 90.53218830425303, 91.46090189595013, 90.59859622182816, 91.40539869067891, 92.88363146897352, 94.15643405864542, 91.69751819136279, 92.01477375558943, 93.45538679606946, 92.73189534813517, 92.62641509151254, 93.19189020721821, 93.07142789522725, 93.02836984453411, 92.48457477589427, 92.48457477589427
95.8, 95.4656453727133, 95.30609433993551, 91.70449475352935, 90.09448604422509, 88.34308944419192, 88.31280069494704, 87.56263923707085, 85.91284552025601, 85.25911298499855, 85.67588852209451, 86.5213905227621, 85.00796617836136, 85.81502052580596, 84.31369739456835, 86.15881485290437, 85.6392774238947, 84.50371598688248, 84.52382558249198, 85.8926009680988, 85.75205877577037, 85.9271807990552, 85.48219758673615, 87.22975550855391, 84.18839048711607, 84.18839048711607
95.69, 94.3278239345048, 95.12451471794839, 93.31285059496035, 93.80165853755787, 96.34770588001192, 92.17651661439294, 91.80650232973326, 91.37933456178115, 85.25911298499855, 85.826864026495, 86.11608486361715, 85.00796617836136, 85.81502052580596, 86.5642849147317, 85.02263107452137, 85.48150498722677, 84.50371598688248, 84.52382558249198, 85.8926009680988, 86.53527164140462, 87.34759043294517, 85.82486939312408, 86.45450618662645, 85.04821982871455, 85.04821982871455
96.28, 95.81594665534682, 96.30606805568752, 91.80183983796822, 91.24709659360379, 92.67159286631059, 93.67420557010703, 91.69664417932728, 93.17620375633538, 91.01099151470795, 87.42683300597449, 88.84879011074736, 85.76646790820578, 85.81502052580596, 84.31369739456835, 85.20494075917763, 85.88922846168357, 84.50371598688248, 84.52382558249198, 85.8926009680988, 85.60433839402174, 84.32939815556858, 85.82486939312408, 85.31058632263543, 85.87910683079815, 85.87910683079815
96.34, 93.86592496449884, 92.52187800305745, 91.81315428290148, 90.50552210663862, 86.97305675312397, 88.03778750106497, 87.09260174401598, 87.4683344736082, 85.25911298499855, 85.67588852209451, 87.84980189703937, 87.93238857396473, 85.55632627579743, 87.7284969903358, 87.26841433767783, 87.493121370138, 88.26284372618959, 89.2142681562174, 85.8926009680988, 87.26389523401987, 86.81975698030526, 85.30885133926424, 86.70099253477011, 86.99717222413237, 86.99717222413237
96.62, 92.91424848902665, 91.16175254027259, 91.14210677342096, 91.06975598542085, 88.30323255561574, 85.48961899980043, 85.4829156262004, 84.10845337987462, 85.25911298499855, 86.25174044877842, 86.63769802789939, 87.12612920847448, 87.1216136296478, 85.25187572716094, 86.24276268723122, 85.30234659499989, 84.50371598688248, 84.52382558249198, 85.8926009680988, 86.6640258914461, 84.32939815556858, 85.82486939312408, 86.02029878267848, 84.18839048711607, 84.18839048711607
95.92, 95.54267032278206, 96.60687810244451, 93.55854027950976, 94.35103032150234, 94.76708540713877, 95.55066595287923, 96.00151713910866, 97.79830731900672, 99.1152004156297, 95.85862317817929, 95.55986493313692, 94.98632262809205, 95.402862710804, 97.16186408618725, 93.64309342774249, 92.54078935012697, 87.21411015366515, 84.52382558249198, 85.8926009680988, 84.73326827916155, 84.32939815556858, 85.82486939312408, 84.98406826740512, 85.39235699463299, 85.39235699463299
95.01, 93.06276869943142, 94.82459788738909, 90.95564080988092, 89.24288953048622, 89.88934682565396, 89.57456673485649, 89.16313038236943, 86.59099421466138, 88.02844289450749, 87.79986693555915, 87.59954591023481, 86.62839889761078, 85.81502052580596, 84.31369739456835, 84.75618479052292, 85.88922846168357, 84.50371598688248, 84.52382558249198, 85.8926009680988, 87.01963485468225, 84.32939815556858, 85.82486939312408, 86.92011263262167, 89.02730106332216, 89.02730106332216
95.81, 94.80981465286055, 95.51437318891504, 90.83124123901003, 90.43757229328266, 92.80475281668436, 93.37923274974892, 91.67957095826381, 93.00455435598509, 90.64769552475295, 85.90585872648656, 84.17834927434514, 85.00796617836136, 85.81502052580596, 84.31369739456835, 84.75618479052292, 85.88922846168357, 84.50371598688248, 85.61626465816511, 85.8926009680988, 87.0580367277793, 88.18806022688159, 85.99101428485629, 85.20503159746892, 86.85698564352747, 86.85698564352747
95.94, 95.95700586253832, 97.39616409343954, 98.01244659330197, 94.5148847013415, 92.24878328951691, 91.04454394632613, 91.10380321417789, 92.21790300974031, 89.64620576797451, 86.69657073368113, 88.66395445357387, 85.45057939123798, 85.81502052580596, 87.51218902203547, 87.67212374136002, 85.05394099384222, 86.03397147221237, 85.88883845258387, 85.8926009680988, 85.89921196952345, 84.32939815556858, 85.82486939312408, 84.98406826740512, 85.31863496602695, 85.31863496602695
97.09, 96.03910781903842, 94.67221305633907, 95.23213623249612, 96.48418357500827, 95.74770045722643, 92.31196628774748, 93.21813859469549, 91.87469134868428, 91.8148545689941, 92.2631109110279, 90.21915249474252, 90.91108161707038, 89.51255393774628, 87.81480599768518, 86.5850749356689, 87.30158945219858, 85.39868244843345, 87.59439315020681, 85.8926009680988, 84.73326827916155, 85.34746324646223, 85.66973099301521, 86.6829014167304, 86.3070278065891, 86.3070278065891
96.58, 94.96949072699958, 96.3892872176969, 94.26869680035958, 90.00190072512325, 88.82561363222132, 87.02899113909082, 85.45941972755358, 87.50034112325167, 85.25911298499855, 85.67588852209451, 86.80750215343727, 87.09582015919452, 85.60645086216508, 84.31369739456835, 85.66109512379555, 85.33374949205376, 85.92355711590275, 86.18680908608746, 86.7911061655606, 85.14955592950562, 85.38199698295952, 85.88437921392537, 85.86849687827444, 86.10703095063425, 86.10703095063425
96.2, 91.81742380231462, 93.4270384672137, 94.03009117105071, 89.96397897565164, 85.55142585628488, 85.48961899980043, 85.4829156262004, 86.93991146535497, 86.93164632441109, 86.47466509997497, 88.17930179624169, 86.37563166690232, 85.81502052580596, 84.31369739456835, 84.75618479052292, 85.88922846168357, 86.54633680348047, 87.3409109610227, 88.08691412917558, 87.86865212533831, 85.95017172870065, 85.82486939312408, 84.98406826740512, 87.43862694567538, 87.43862694567538
94.99, 95.66621208883184, 97.8129487112743, 96.4937407712931, 96.06516861570009, 94.9845586369448, 96.24037570828563, 95.56831666848127, 95.47331482877472, 94.6787893658817, 94.00454394409597, 92.58568592562773, 91.96252739037577, 91.62656664607145, 91.83286539477811, 91.30015946591189, 86.3478548741844, 86.20476962033518, 85.37393065666406, 85.32212183629406, 84.73326827916155, 84.32939815556858, 85.82486939312408, 86.123055576543, 84.18839048711607, 84.18839048711607
96.75, 94.15356330849247, 91.75704613359542, 91.32872013829014, 91.8068582755209, 90.5608499583302, 86.79798739150779, 85.4829156262004, 84.10845337987462, 85.25911298499855, 85.11827308740689, 85.24414458870763, 85.79271645463378, 85.29565541416478, 84.31369739456835, 85.529539164086, 85.88922846168357, 87.4376093361093, 88.70172800546877, 89.24200132333381, 90.56421268636544, 91.5872893652525, 91.03870920089732, 91.68993512426242, 93.94310175921844, 93.94310175921844
96.66, 97.4466925765561, 99.09149545611915, 95.24489114693276, 95.14085054579114, 96.88130014291907, 96.2000961012652, 96.82430416980414, 98.77018107618572, 98.23194029484743, 99.13985833291662, 98.29766776045659, 99.07308331373756, 99.09742800633519, 101.03965903888809, 100.39040597772545, 100.73107599012263, 100.30280175567519, 100.60057940200808, 98.8796447389453, 100.57675909990297, 102.00260864096201, 102.51132272669284, 100.66595385327531, 103.10337681052259, 103.10337681052259
95.74, 96.53033676304389, 97.80319868031934, 98.26518932105307, 94.23735062728636, 92.25533963405242, 92.42144186744278, 86.09223787913695, 87.31736508687798, 86.83884692596001, 85.67588852209451, 87.8103801205056, 85.00796617836136, 85.81502052580596, 85.93681704634963, 84.75618479052292, 85.88922846168357, 86.92917337379404, 84.52382558249198, 85.8926009680988, 84.73326827916155, 84.32939815556858, 85.82486939312408, 84.98406826740512, 87.11714390143507, 87.11714390143507
96.34, 96.62800556557303, 94.1687151030521, 85.68112224577713, 85.58898044080024, 87.32191001003756, 85.06850244108944, 85.4829156262004, 85.48326484019242, 86.15349800031376, 85.67588852209451, 87.92295373799466, 86.98876619308987, 85.81502052580596, 86.946728325218, 88.13993929511638, 86.71906839679572, 87.86673115738552, 89.59686799608308, 88.47233356405046, 88.7959529212278, 88.13519821005934, 87.58075505304713, 88.68174660090641, 86.57982747895946, 86.57982747895946
95.89, 97.42402087933877, 95.61599615797834, 95.88502424541562, 94.3730113550168, 93.17978618310538, 93.00111927371603, 93.24831194934403, 91.38630747535511, 91.2117496541024, 87.98302302488443, 88.99814947167168, 89.81149763376821, 88.77494978551674, 87.64578722431382, 87.09854582316493, 86.56561420275943, 86.79338991207625, 87.20884851891215, 85.8926009680988, 84.73326827916155, 84.32939815556858, 85.82486939312408, 84.98406826740512, 85.50905446528787, 85.50905446528787
95.06, 87.13396328980792, 89.01196685543563, 88.75566650618252, 89.88129877747023, 88.3101361936547, 89.55860386283472, 87.82868566076846, 84.10845337987462, 85.25911298499855, 85.67588852209451, 88.17553511683926, 85.00796617836136, 85.81502052580596, 87.88265905492989, 89.41222275381935, 88.63079094214594, 89.72414744503916, 90.33913389843856, 89.05953051315203, 86.16020540029486, 84.32939815556858, 85.82486939312408, 86.32936452662477, 88.40015054208418, 88.40015054208418
95.57, 95.01780163458096, 95.50594403333052, 92.93815693823177, 87.07659975719474, 87.71814320551742, 85.22706411802346, 85.36552367534549, 86.24707458049349, 85.10769964526659, 85.67588852209451, 87.88381782275133, 85.00796617836136, 85.81502052580596, 87.6211896277642, 84.75618479052292, 85.88922846168357, 86.38361982846227, 85.84418811238318, 86.63847680618417, 87.16770073753538, 89.3371071896477, 88.31330786234344, 86.69483734394069, 86.15890161662712, 86.15890161662712
95.21, 95.8380184517533, 98.00764686397682, 96.29164427720333, 91.48772961648977, 90.4249074103611, 89.88058364646545, 89.51294825045044, 87.2609038696787, 85.25911298499855, 85.84465956197317, 87.7085607461694, 88.82726913964737, 88.35982975179286, 89.9427287153442, 90.75276374703523, 90.58761847208373, 91.07170666594979, 91.57724741456079, 85.8926009680988, 85.95434528722915, 86.13233899489259, 85.82486939312408, 85.53027572300842, 86.96091825516125, 86.96091825516125
95.98, 96.29394382929495, 98.85481671119334, 96.9860344219376, 97.92707421090749, 99.4441822606355, 97.33191948423018, 95.59637744116188, 97.55858949584302, 96.8141640031266, 94.79158169740064, 96.63481790500163, 97.82727989535067, 97.29749422360784, 94.07391358325478, 91.15027792870168, 89.42810845874637, 87.89400789790291, 84.52382558249198, 85.8926009680988, 86.4755293454006, 86.74966100527021, 85.92343608796111, 85.16047951215428, 86.21310740878788, 86.21310740878788
94.69, 94.7336108946516, 88.50978705450079, 89.47287494413943, 89.70446158729548, 89.93154689880392, 87.5785349039545, 85.4829156262004, 84.10845337987462, 85.25911298499855, 85.67588852209451, 86.59163986685004, 85.32119997539561, 85.81502052580596, 84.31369739456835, 84.75618479052292, 85.88922846168357, 87.4747862265303, 85.7740847058896, 85.70187167233227, 84.73326827916155, 86.18976997257732, 85.82486939312408, 86.39373399857631, 84.18839048711607, 84.18839048711607
97.01, 96.04864165322438, 98.16753777204259, 98.69371770586649, 98.13635174404382, 97.97867910001791, 97.64839200834685, 97.7828992373421, 99.96769279368907, 98.18600495962981, 98.67317685842666, 99.80561378127358, 101.16399572229325, 99.52674075345453, 95.22161397305966, 95.09291178837088, 90.19390062767066, 92.24274419291035, 92.49910298462991, 86.17788989668561, 84.73326827916155, 86.09948392794988, 85.24931117309218, 84.98406826740512, 84.18839048711607, 84.18839048711607
95.88, 96.29426337348693, 95.64010218065924, 92.94402390171616, 93.98407625549481, 90.92530173438149, 90.50360021638764, 85.4829156262004, 85.45748086322577, 85.86021689521002, 85.67588852209451, 84.17834927434514, 85.00796617836136, 85.29800070174548, 84.31369739456835, 84.75618479052292, 85.88922846168357, 84.50371598688248, 84.52382558249198, 85.8926009680988, 87.11120410541716, 87.24276244441086, 85.52790051674586, 85.63821236935414, 87.4759668514579, 87.4759668514579
95.19, 96.37497756146362, 98.66004357525935, 99.09472131317568, 99.1088546342348, 99.13333616141792, 99.0160001486651, 98.03709858824206, 100.14745682940134, 100.56787733448023, 99.21759139064329, 97.66462055109548, 97.64188621770714, 95.73656682991768, 97.0170768774501, 94.68290093005074, 92.71201159127291, 93.11880924958137, 90.81867636685773, 90.50195410634338, 91.12143068655121, 89.1461731310564, 88.98312244134405, 88.41748379544401, 88.0694656319838, 88.0694656319838
96.36, 97.03052663284166, 97.88103207776318, 97.42320838929403, 98.28726619928834, 94.37280582456637, 94.61209292077588, 91.13426477064262, 90.40184964288319, 90.62814843694083, 85.85488775738705, 87.28334804877076, 87.09788089124937, 86.27907031854602, 85.18292216036056, 84.75618479052292, 85.576913251408, 85.54546751868493, 85.01030039263999, 85.8926009680988, 86.1716089628605, 84.32939815556858, 85.82486939312408, 84.98406826740512, 84.18839048711607, 84.18839048711607
96.36, 97.93626280848275, 97.77158928001016, 97.80379039426553, 96.23412564729394, 95.58244077984924, 88.5406637476243, 88.05477922551067, 86.14553806917584, 86.13497725143816, 85.67588852209451, 86.86637393907829, 86.11873166067242, 85.81502052580596, 84.31369739456835, 84.75618479052292, 85.88922846168357, 87.24992151171303, 89.04714000522218, 85.59379378082889, 84.73326827916155, 84.32939815556858, 85.82486939312408, 85.80729768988327, 86.09240227619698, 86.09240227619698
96.49, 96.65867033054396, 95.99069709528315, 95.37103411561637, 95.01241187922182, 93.01076482712139, 91.21608647365844, 89.73747424245298, 90.34720635470288, 87.68027990467348, 88.39201268313438, 89.44805399325647, 86.8236410142901, 87.4048196043903, 84.31369739456835, 86.34201423843554, 85.88922846168357, 87.29704345689862, 86.34022802482586, 86.53718571098271, 87.72077998291853, 87.39577543742088, 85.82486939312408, 86.98967486608888, 84.18839048711607, 84.18839048711607
96.59, 97.47299675969111, 97.55760801481178, 96.46018274358484, 97.5520489927319, 96.99183673913976, 97.03330562791244, 97.9423911390949, 98.78511348950148, 98.36603279772424, 99.1969122585332, 97.18840426752344, 96.7793705834029, 96.35267004162415, 98.29344031539785, 99.66610820908214, 100.19369661250403, 101.59192163329814, 102.80880396259562, 103.16066744144581, 101.32357474652548, 102.57247839416213, 102.60225040419466, 101.77602616577596, 103.42127209424136, 103.42127209424136
95.83, 95.21077698293247, 95.53799894623444, 91.64639359661274, 86.2711557980258, 84.10957757803895, 85.48961899980043, 85.4829156262004, 84.10845337987462, 85.18952415938244, 85.67588852209451, 87.31699314734652, 87.19628121251573, 87.62650646987288, 87.18833707568119, 84.75618479052292, 85.88922846168357, 85.88151522501582, 86.27828793538653, 86.59110968408446, 87.49179656627801, 87.08559626363277, 85.82486939312408, 84.98406826740512, 84.18839048711607, 84.18839048711607
95.52, 94.01493623413432, 94.19239030778161, 94.80891596145142, 94.88730868313206, 95.50250490169036, 95.79858803440906, 95.65301272647004, 97.6394361588805, 93.03541977273653, 93.65818627014114, 94.96280276289468, 94.21950083640864, 94.29037314884421, 95.9040689294192, 96.14328743303875, 94.73167250998924, 95.17303782124088, 91.55887224208168, 89.05501440267398, 88.13370989613509, 89.30493810644593, 88.12578597287386, 88.38426931036555, 90.40069193868234, 90.40069193868234
96.12, 95.94470889602214, 93.09759677692254, 92.06464910557443, 90.79475675513454, 91.8713147319751, 92.47197588778518, 91.29619134580956, 90.53483072893813, 91.60148336259624, 89.05988492179328, 88.4702469968364, 86.45605524320901, 85.81502052580596, 85.32121090240481, 84.75618479052292, 85.88922846168357, 86.43789574906152, 86.87523828715157, 86.4790327985876, 87.02586053338955, 87.93302330137675, 86.83775360450502, 85.52307134754214, 84.18839048711607, 84.18839048711607
96.84, 94.68831422172863, 97.29579346334431, 97.11250174563042, 97.61980656940882, 99.38079524983857, 97.72303587791961, 96.51861960461792, 94.35342542048193, 94.44748346994724, 86.17487527945691, 85.07308993151825, 85.00796617836136, 85.81502052580596, 85.70983647735648, 85.24682965908917, 85.88922846168357, 86.43103227489993, 86.93857191675207, 85.50759285589301, 84.73326827916155, 84.32939815556858, 85.82486939312408, 87.02188848204179, 88.72856534972185, 88.72856534972185
96.15, 96.07444209599007, 97.61679699964027, 98.43518001935354, 98.92806364195513, 101.55927284700053, 100.25128105945615, 100.89906449823286, 101.95562239371824, 100.33893292530553, 100.79730129556528, 102.99352830073146, 103.65018160053368, 103.22518003099069, 102.90141197950004, 100.21624352966013, 96.25103613732409, 98.04597329902326, 93.64995064455677, 94.14750206682173, 95.16976329777764, 95.69062168405769, 94.93682489425645, 95.26130354527758, 97.32089610329996, 97.32089610329996
95.46, 95.39747095262136, 95.85322225357348, 95.08396928822636, 94.75593994118279, 92.85134598128616, 91.73738094304944, 89.74836244624275, 91.24295383432998, 91.30409394921155, 88.16690431152698, 88.42680541835689, 85.00796617836136, 85.81502052580596, 84.31369739456835, 86.11435536242348, 85.78198067034363, 85.61389852961312, 86.40510585768097, 85.50729134966797, 84.73326827916155, 86.40460020361249, 85.82486939312408, 86.46706457434959, 87.57491840098244, 87.57491840098244
96.34, 96.47618055480304, 97.97827652634152, 98.86346986045751, 96.01664977973697, 98.0748399248754, 97.04082788840861, 97.10559701481412, 99.48053187164984, 98.18260431043932, 95.87450126073767, 97.50296187433591, 98.28328994987672, 97.19780400593203, 96.85549679998739, 95.8706978114168, 96.62592236635543, 95.57279753960457, 94.60583589607015, 91.84941556041551, 92.16762292469357, 92.87883169172527, 89.65039875131207, 89.84341125559078, 91.8520022099728, 91.8520022099728
95.96, 96.5579739435613, 97.31494459125366, 89.68560916882097, 86.70655705127926, 89.1282049954128, 89.36245398270374, 88.83806970827239, 90.51401310046552, 88.29785177143427, 85.6550646956599, 84.17834927434514, 85.00796617836136, 85.81502052580596, 85.74887222425666, 86.85347106605629, 86.85623487663696, 87.96737329770583, 85.78741593537983, 85.21473655219711, 84.73326827916155, 86.20441533109397, 85.50463112045622, 84.98406826740512, 84.18839048711607, 84.18839048711607
96.55, 94.6476282019576, 93.05671542944503, 92.30228517152254, 91.65737668770728, 92.95816083794905, 92.1176218523226, 89.27932846869818, 89.45973331832883, 89.24275824106451, 89.14038463201031, 88.51159313018219, 88.74779447125823, 87.47755935788551, 88.48490942364212, 90.07225804497465, 89.97213525199199, 90.04133657077264, 91.29825304461997, 90.73184293945707, 90.18928240067291, 88.91981636014113, 86.40472270688436, 86.27344826585177, 87.42397580522064, 87.42397580522064
95.78, 93.93233176106875, 93.94337874802544, 93.71287941523046, 91.1821303052255, 92.11966661682462, 93.18721117494869, 88.94298876616466, 90.92410719291614, 90.45434885186278, 85.67588852209451, 86.35917988620163, 87.23440697981644, 85.41954743397997, 84.31369739456835, 85.88862292936993, 85.88922846168357, 84.50371598688248, 86.58133937680144, 85.8926009680988, 84.73326827916155, 85.80064644131912, 85.47456929324132, 85.22275424671994, 86.19162726055367, 86.19162726055367
96.63, 93.52318242947501, 94.85368516831204, 92.71565437905757, 93.91002110392665, 95.62135004544832, 93.94694375091787, 93.85128225220542, 93.6616776718973, 91.87502549512551, 89.9544338170282, 88.90012638563273, 88.70082236538839, 87.89672394337404, 89.71203672246902, 90.25439537072401, 89.48663041500595, 88.83397491729251, 89.72989319565954, 85.8926009680988, 86.75167086205713, 86.78904120573314, 85.82486939312408, 84.98406826740512, 84.18839048711607, 84.18839048711607
96.41, 95.98172180359222, 97.2930128304895, 97.29208347015657, 98.14971571015786, 96.50074655472598, 97.05390063863172, 92.13362733495569, 92.14009672718643, 89.13834298618846, 89.67580714499483, 89.59064964224223, 87.4409886541595, 86.52180478901255, 87.47269549157328, 87.70220638471034, 86.54783726269552, 86.04206490071996, 85.34710116516142, 85.8926009680988, 84.73326827916155, 85.5781363051678, 85.82486939312408, 85.44086212100703, 85.29094439797612, 85.29094439797612
97.35, 98.46397308627886, 100.91321858013261, 99.71898719179237, 100.04457017734192, 99.69766211624608, 100.15238443818745, 100.31426639990451, 96.98567691087855, 97.40780621190616, 98.21484361433924, 97.95380283482932, 97.80705087370778, 96.93186527100856, 96.263466620531, 95.48409258495384, 93.95818628415712, 91.41911977635762, 89.97927405512507, 88.95263076991675, 88.46610567698714, 88.2509841098761, 88.8447314337053, 85.8497391405492, 88.26497655652652, 88.26497655652652
96.36, 96.50942407246305, 95.18438760046095, 94.8949089071795, 93.03528880963603, 94.30906002419074, 92.68520424417994, 92.09781488582611, 90.29933993775641, 87.8877638843181, 88.31366041919989, 88.69093817416662, 88.9632863015189, 86.47742151694341, 86.43085447964953, 84.75618479052292, 85.88922846168357, 86.73600566903053, 88.2679031412025, 88.58605180070573, 87.26644776116113, 84.32939815556858, 85.82486939312408, 84.98406826740512, 86.99028906177618, 86.99028906177618
96.53, 97.79545223887392, 93.20636082525162, 92.58042363526978, 89.1396868911401, 88.40062200860784, 87.05545360326963, 86.17854975584615, 85.67443266517198, 86.84644867195782, 87.669018883381, 87.18204888277361, 87.55625476813255, 85.81502052580596, 85.62638402004016, 86.3781851738256, 86.08033460868663, 85.64908348149045, 87.5309837394888, 86.13948943563659, 87.26951006554665, 84.32939815556858, 85.82486939312408, 84.98406826740512, 84.18839048711607, 84.18839048711607
95.38, 96.37553606796395, 97.76380070736656, 96.15970732452644, 95.10720000409704, 97.24495688105424, 93.00978613822332, 90.77108868472656, 85.55166063248313, 86.2850143103576, 86.201788954976, 84.17834927434514, 85.00796617836136, 85.81502052580596, 86.62779046462019, 85.12265675161618, 85.50804643431127, 87.1431101158772, 86.99282180696007, 85.43194547683899, 86.43520563817268, 84.32939815556858, 85.82486939312408, 84.98406826740512, 86.95427102199592, 86.95427102199592
96.06, 95.56752090234656, 96.9243538277452, 97.17219666870311, 95.38935645011641, 96.87996972734454, 97.41525131672807, 95.14860138169209, 94.30137553340391, 94.75649215652601, 93.83711822650217, 94.34508472058972, 89.31200086036795, 88.39754950852745, 84.31369739456835, 84.75618479052292, 85.88922846168357, 86.05275890303365, 87.82044103131743, 86.46466283519992, 87.01470942653813, 88.29273336739762, 85.65994526210598, 87.15869251476623, 87.47454504722373, 87.47454504722373
95.91, 96.80678253789227, 98.68687609074821, 98.44014995165371, 98.76953959704541, 99.02604195399906, 98.89101280017128, 98.94997185016855, 101.02750674833227, 102.13898770361128, 96.32359134417038, 95.26880599046433, 93.59451057438287, 92.8836986392904, 92.49642374906979, 92.4264849259693, 91.87958051643841, 92.23884746437348, 93.84388102954551, 94.00718322031167, 94.3125090186123, 94.95231655454879, 89.89905300349292, 89.41755618738374, 87.08913368047916, 87.08913368047916
96.63, 94.07047597175792, 95.8288886226719, 93.8786353077834, 93.72908856739951, 95.5995901486065, 95.01896434643382, 93.02850898856708, 95.11282557235603, 96.2265153434925, 93.70884052596415, 94.6713419971657, 95.21655019538191, 95.07309295086522, 96.94198277039284, 96.68666019795357, 96.38817483499865, 94.1699066227311, 92.10293767871528, 92.23767767683353, 91.58023550690756, 92.93979106270967, 90.9805002823515, 91.7855265755556, 90.53428384908574, 90.53428384908574
96.12, 96.95189155303521, 96.91304560072675, 95.82377437280772, 96.64878596821063, 98.45268417172015, 97.28275478024983, 97.51249071820155, 98.27721682965031, 96.46253144574105, 92.03211233988911, 94.48117816466785, 94.94477141921237, 95.79412608727137, 95.35539521664474, 96.58205276805421, 94.22760279641044, 95.842767905274, 95.96700483900796, 96.7966209199919, 94.76023201684339, 91.82751152246416, 90.91757242916198, 91.41109260677996, 93.15005328743507, 93.15005328743507
95.98, 90.74568229149307, 85.87401120510324, 85.68112224577713, 85.25147394837903, 84.10957757803895, 85.48961899980043, 86.50024511484249, 88.14338412300316, 88.33490064393271, 88.41666925843997, 88.43582681884877, 89.10152487722446, 86.22188973436857, 87.16838100597376, 88.83962142798707, 89.31995287425259, 84.50371598688248, 84.52382558249198, 85.8926009680988, 86.97483307051867, 87.25651962436355, 86.54255989797993, 86.15842055153323, 86.2704325913306, 86.2704325913306
95.46, 94.20983642291303, 95.07317944945538, 92.84505974942894, 91.94534986473873, 94.32743382713598, 92.44562104689474, 90.76949906978213, 92.80436887390185, 91.94477520251397, 91.99929490525412, 92.54258243520943, 92.20300752304368, 90.39774323028887, 90.92378098573245, 90.52595356660235, 89.85667699503607, 89.78396932090992, 90.12636802568974, 88.96883521182903, 89.14424577246716, 88.72124588085659, 88.76199340688146, 89.99738912021805, 86.42146690125622, 86.42146690125622
95.8, 96.34911132557443, 98.26171048939909, 96.03269727643254, 94.02692679336629, 95.60859707825925, 94.16216246481532, 88.94760418189165, 88.33245441030257, 85.25911298499855, 85.42877787482098, 84.17834927434514, 85.00796617836136, 85.81502052580596, 87.8301161897687, 88.83098350976204, 87.25961625519953, 87.84352660397957, 89.2672627812118, 89.58687627885968, 90.48013067879222, 90.12265355372666, 87.23116301795191, 86.60348222876833, 84.18839048711607, 84.18839048711607
97.69, 95.41230867507885, 94.09872925856551, 89.88186818598827, 90.49042539172494, 90.62878305814893, 89.2366519646205, 87.91292483701785, 85.28407287563878, 85.25911298499855, 85.67588852209451, 86.45574645339293, 86.98907660496384, 85.88416807924182, 87.16986541488453, 87.99888744069115, 88.219828915402, 86.87938471291432, 85.48555187514383, 85.8926009680988, 86.31750630287407, 86.91095515226644, 86.25899154543457, 87.19037670391458, 85.17787293355445, 85.17787293355445
96.79, 95.98603808607713, 94.82974733087403, 89.60209969887771, 86.24227305216174, 86.62344386165195, 85.48961899980043, 85.4829156262004, 87.09973155198709, 86.92995453932507, 85.45471917660164, 85.37255194793143, 85.00796617836136, 85.81502052580596, 87.87603978999779, 86.78794187409541, 86.84758454990454, 86.40887332487762, 87.61982569665138, 87.04982205545602, 86.28233780539607, 88.66784163010003, 85.82486939312408, 86.91872083084898, 87.65717028408105, 87.65717028408105
97.13, 96.99659455416116, 99.08303556601051, 98.41971452457065, 96.8829188567337, 97.35058061873063, 98.09823873556343, 92.45997717293714, 94.91686251273839, 92.84649198529148, 92.85708672339285, 93.04041783907317, 93.73312323501771, 91.39286247300846, 90.91832489267912, 87.91137258295173, 87.5563819498949, 89.77750261939865, 89.49779233058625, 86.38940175047344, 85.77311965038787, 87.70001282930275, 88.15331056087103, 85.2413910183694, 87.37581396069285, 87.37581396069285
96.22, 93.96857498821728, 93.95462636932668, 92.03897269820213, 92.02142668762201, 93.66357259631131, 90.83775966431119, 90.4020155824931, 92.82976651601528, 91.24363136323899, 88.96694536606141, 86.79506720337474, 85.00796617836136, 85.81502052580596, 86.54438792116588, 84.75618479052292, 85.88922846168357, 85.16408512088677, 84.52382558249198, 85.8926009680988, 84.73326827916155, 84.32939815556858, 85.82486939312408, 84.98406826740512, 86.42484494810672, 86.42484494810672
96.24, 93.67935687843504, 91.70162860510838, 91.8221473120902, 89.6443388813843, 90.35817104943676, 87.6329211043493, 85.4829156262004, 86.9323390328904, 85.25911298499855, 85.67588852209451, 87.93340613041347, 86.98172845563052, 86.57999973728708, 87.68217994616815, 84.75618479052292, 85.88922846168357, 86.73264218078667, 87.21303218093354, 85.8926009680988, 85.03601001569967, 86.89152573893965, 86.12437080788203, 87.51968765981434, 89.30419501692782, 89.30419501692782
96.05, 96.93263727006803, 99.45797041578118, 98.02986743505488, 98.91917222040107, 100.10140210052411, 95.75661120741168, 92.07436632669803, 91.83739736025905, 89.86207584928337, 88.82081304624457, 91.31769626453311, 87.5908922921683, 87.13190646511605, 84.31369739456835, 84.75618479052292, 85.88922846168357, 85.81136268927989, 87.3362567780091, 85.8926009680988, 87.44323610901422, 86.40154306809175, 85.92637146872227, 85.4670040258055, 85.33523419626843, 85.33523419626843
96.78, 96.84978612763179, 97.67097841758459, 94.68368251037383, 95.37234555762751, 88.77355125893264, 88.97029149080478, 86.74120934475388, 88.13632418481662, 85.25911298499855, 85.1670293356798, 87.03444405147204, 85.45324917806843, 85.81502052580596, 84.31369739456835, 85.60761042276873, 85.55356207792126, 86.44453952465014, 86.83011540972898, 86.98673080063669, 87.87999188235636, 89.50425481592514, 89.8240970973978, 86.538978848432, 85.32098125692895, 85.32098125692895
95.15, 93.79294168712201, 90.65586822668655, 89.95535656405232, 86.06407464315672, 84.10957757803895, 85.48961899980043, 85.4829156262004, 85.12732010146807, 85.25911298499855, 85.67588852209451, 86.09966565215203, 85.00796617836136, 85.81502052580596, 86.4623724141156, 84.75618479052292, 85.88922846168357, 84.50371598688248, 84.52382558249198, 85.8926009680988, 87.29310129527894, 84.32939815556858, 85.82486939312408, 87.505144122845, 85.4539011097782, 85.4539011097782
96.28, 95.8596486958258, 94.21704271659932, 94.24250608842506, 94.59639238046786, 95.35110200419157, 94.78029832385099, 90.8464906026835, 89.6878881773085, 89.29041661810929, 86.93236957448963, 89.34731909617165, 89.20483332248563, 87.40735645993182, 86.82636738064056, 87.86481095534269, 85.88922846168357, 87.09424051274557, 88.0972177396902, 88.58264242716496, 89.28069621627117, 90.51265665018684, 90.3576374739214, 90.19851466673485, 86.15120737061513, 86.15120737061513
96.02, 95.63494779699388, 97.66403779724374, 96.23088040797535, 95.7099252675996, 95.4934443552027, 94.05751787510489, 91.54353311186432, 91.23255708255836, 92.27756435638044, 90.44408508413174, 90.77463557957934, 90.16148788719083, 87.86197500167738, 87.86725427444549, 88.57585703415415, 88.43150463579009, 86.74112564628948, 86.37510415034059, 85.8926009680988, 85.53432035072359, 85.74864990639979, 85.82486939312408, 84.98406826740512, 84.18839048711607, 84.18839048711607
95.9, 95.0390295636553, 89.8791072568817, 89.97677887816168, 90.93155996435641, 89.99728821227303, 85.89657657320197, 85.76632888698276, 88.14472732999965, 88.93963260186602, 89.43384469662075, 91.35168291882059, 88.55107327991203, 87.81815372844257, 88.42876420375728, 89.71082465881824, 88.38800085642436, 89.4531206974923, 90.25403347152873, 90.50664205799313, 88.3650483510728, 87.07084990485866, 86.89754997671793, 88.1865426977275, 89.49443455629998, 89.49443455629998
96.65, 96.38459568998948, 97.58999876965294, 93.79115003290904, 93.89981650812464, 95.9951944340149, 91.80482812330239, 92.90439488190864, 93.66443540520055, 93.48050762004667, 94.27000528438977, 95.28209711758365, 95.15996378922544, 95.65492329675078, 97.10876411396652, 98.49465816942096, 97.48911781741802, 97.87620475077283, 99.28379709845343, 94.25989303199567, 92.00848995217584, 92.98585177925558, 93.38752515950496, 90.55869509997922, 91.532490566438, 91.532490566438
95.99, 96.09468972764333, 96.17934362766125, 95.04447527497817, 95.58859532742643, 96.56379204274222, 96.16263340499262, 94.97510790979551, 93.23075679434932, 92.45169092397845, 91.28529247935403, 92.7557596162806, 93.60093309093169, 91.627663706859, 93.57446051371208, 93.5267322194217, 91.27930710122097, 88.89005389516466, 88.07361927064342, 86.1677657014855, 87.2488990277069, 84.32939815556858, 85.82486939312408, 85.33374236484643, 85.7779977079442, 85.7779977079442
95.93, 96.81477163618415, 97.55921611649933, 96.87412654728354, 94.5895974428665, 95.30905243393208, 90.9745954390641, 88.92938001642813, 90.41828789705052, 89.92758513658063, 85.67588852209451, 87.09777718163278, 87.14877494430185, 86.81874818069555, 86.31983612686602, 88.24913439519254, 86.71170849932973, 87.39670701512993, 88.77178548189042, 87.05296040366129, 84.73326827916155, 84.32939815556858, 85.82486939312408, 84.98406826740512, 86.81019371912942, 86.81019371912942
95.33, 93.96011111608604, 93.18724878021894, 90.02389211432325, 90.103429182349, 89.36619739026307, 89.52667895069892, 85.8804533816003, 87.06837113648407, 87.06894703942716, 85.67588852209451, 84.17834927434514, 85.00796617836136, 85.81502052580596, 84.31369739456835, 84.75618479052292, 85.88922846168357, 84.50371598688248, 84.52382558249198, 85.8926009680988, 87.2425884122973, 84.32939815556858, 85.82486939312408, 87.50666951086666, 88.80468388940174, 88.80468388940174
95.28, 94.90553240991083, 95.59251677589137, 94.08351684953102, 93.03150261867833, 90.50459870578806, 85.48961899980043, 85.4829156262004, 86.31835515740555, 86.68503924594646, 86.65625491397888, 86.65782454207942, 85.00796617836136, 85.81502052580596, 84.31369739456835, 84.75618479052292, 85.88922846168357, 87.2053932826725, 87.93870414754171, 88.47809905650995, 87.1627375208553, 88.64244477753805, 88.31118226280395, 88.57654155918107, 88.41591643480203, 88.41591643480203
96.38, 94.84371786570912, 94.50422306780993, 95.0283199978777, 95.1740436580763, 97.08291524480256, 92.66529542741614, 93.62014489845846, 94.42314772928641, 92.40094460243456, 92.48455467698706, 94.83052741667618, 95.61490464631785, 94.27144457170489, 94.77896408083535, 93.87479163381755, 92.4667480733158, 94.00377938850005, 95.6297913832626, 93.01145831413497, 90.00302298784808, 91.33577773692228, 91.87457654022512, 91.34860150928766, 93.36053334302028, 93.36053334302028
96.93, 94.41602108561932, 96.01946423739402, 97.02020838481367, 96.02510419228777, 94.90600262346159, 95.82157858589366, 96.18983360558967, 98.6462276024306, 99.16683931127349, 94.37673063381645, 95.67957452167106, 95.67650298604661, 95.714489196985, 95.29885771015125, 93.84442931365037, 93.70101520436164, 95.62322960336319, 97.59045293694743, 96.83851401427054, 97.18094891085774, 99.40599621422515, 100.16480110200234, 101.17424790009379, 100.71174804895792, 100.71174804895792
95.26, 92.86154283913945, 92.1269184150947, 88.76135944515494, 89.90135886454983, 84.10957757803895, 85.48961899980043, 85.4829156262004, 84.10845337987462, 85.25911298499855, 85.67588852209451, 86.34016774366359, 87.73465114583522, 88.08797809103184, 87.87360414502828, 87.07441725880632, 85.54491337710618, 84.50371598688248, 85.13625689895555, 85.8926009680988, 87.68647114367204, 87.75873470116177, 85.82486939312408, 84.98406826740512, 85.04052660229736, 85.04052660229736
94.97, 93.74793682111131, 96.0443612591135, 95.54006227236785, 94.3455254380999, 94.13952121856487, 92.46943185641715, 93.61164460871997, 91.2125582022749, 92.15632797819569, 87.71410837353665, 88.92709234334521, 88.21676685531268, 87.74178811008085, 86.9393927018313, 87.87765393574873, 85.88922846168357, 87.35272096548847, 88.85609143617862, 88.09398940582935, 88.71282608553291, 86.91215874206343, 86.32519080572847, 87.42974034021249, 87.29532285258838, 87.29532285258838
94.65, 92.2968648422655, 92.43032801354157, 90.31482410473046, 90.66238112576553, 87.10019421779177, 85.48961899980043, 85.4829156262004, 87.5909246821823, 85.25911298499855, 85.67588852209451, 87.84832897580795, 87.44176942827485, 87.18478199525703, 86.68183995651222, 85.5173575489238, 85.88922846168357, 84.50371598688248, 84.52382558249198, 85.8926009680988, 85.58434019660166, 84.32939815556858, 85.82486939312408, 86.094151714492, 84.18839048711607, 84.18839048711607
96.08, 97.0074255131044, 96.48106856039345, 95.93941389791193, 96.19973023787597, 95.70575828305579, 93.24859291237495, 91.83332079082807, 89.97747868750734, 88.08970184779929, 86.00205614748486, 88.26270769832905, 88.5167567112891, 88.6483132112703, 90.05474085757642, 90.70852595075172, 86.13280666116127, 86.85770477804085, 87.75456621127321, 85.98101946085744, 86.42944747822749, 84.32939815556858, 85.82486939312408, 86.02600570798641, 84.18839048711607, 84.18839048711607
96.99, 93.58549489064598, 94.9114418559337, 95.68375396686864, 95.8122687091668, 95.48875622722805, 96.61437843227465, 92.76900084515569, 95.11813744313609, 95.4094724275538, 94.06283345170736, 92.56398240351643, 91.03272449614441, 90.51660642020765, 92.00384599838323, 91.5878681750912, 91.18086122942783, 90.1522097466314, 89.62505940239144, 88.63544096781732, 89.75094445961885, 90.94038760512004, 87.57781433970389, 87.29672149965774, 86.5054737315749, 86.5054737315749
95.95, 96.74059317211949, 95.22406883252127, 96.17993572342613, 92.84553457387925, 94.05599569195991, 93.66855895590265, 89.43811931920597, 91.22081482686778, 90.99140480396184, 87.34742887487948, 88.83285543758684, 85.87638811797902, 85.81502052580596, 86.33454156349286, 84.75618479052292, 85.88922846168357, 84.50371598688248, 84.52382558249198, 85.8926009680988, 84.73326827916155, 85.38979993611164, 85.82486939312408, 84.98406826740512, 85.95186278262562, 85.95186278262562
95.83, 97.22135517782019, 99.0221918817394, 98.49894141678283, 97.31221775624999, 97.19067889968507, 96.42359943639516, 96.04316705909012, 95.74694539268629, 95.46499905076722, 92.97322526490494, 93.8238525099765, 94.32930291026516, 94.33446631293575, 93.94776230579438, 94.06761971817035, 91.60210218970455, 91.94291034647424, 87.9232789871227, 85.8926009680988, 84.73326827916155, 86.04160005975368, 85.82486939312408, 85.07348430999524, 86.39895646686317, 86.39895646686317
96.44, 94.79174536876761, 96.35299329898228, 91.83328161204675, 92.34363619492177, 93.83268754921048, 94.30329523784717, 89.72278622759382, 91.44939283648229, 92.57201037181828, 89.42527958762972, 91.07734992211196, 90.97067748883543, 86.0452010310384, 87.01529306738247, 85.49829291556279, 86.23049303219219, 87.63721654096709, 89.09471828788541, 87.80148000926988, 87.67015908714218, 88.24516959261366, 88.09664617064729, 89.29804675240645, 91.49307630772437, 91.49307630772437
95.17, 93.80569802642212, 95.33709034108085, 94.51490650243007, 94.8002805729562, 96.14209100760975, 96.68016003833986, 96.63076884808531, 99.04654281467926, 96.43536625463169, 94.60830501519334, 84.17834927434514, 85.00796617836136, 85.56018971958072, 86.661837650005, 86.84291881866397, 86.03701281968019, 85.7568675574356, 86.49776178642394, 85.71773219485073, 85.65637929960872, 85.41641003179981, 86.09050299974643, 86.15385118590528, 87.57178479858291, 87.57178479858291
96.8, 91.63394766562905, 89.4338961073513, 87.0703138589673, 88.48521577210768, 87.98025683750546, 86.28316254695712, 86.90789351451762, 88.94508291314891, 85.25911298499855, 85.67588852209451, 87.44702367298845, 86.89417904587424, 85.81502052580596, 86.85697965236665, 85.4453546574118, 85.88922846168357, 84.50371598688248, 84.52382558249198, 85.8926009680988, 85.66176367536396, 87.51278599877625, 87.15821279547806, 88.46330111373706, 88.75966154409174, 88.75966154409174
95.67, 95.24734315212532, 95.70299852549878, 95.3139955350981, 94.854471964607, 92.77682731083985, 92.82121314465668, 87.02593484584217, 88.56848420992245, 87.67161677348987, 86.90799379628223, 87.78994773638142, 85.00796617836136, 85.81502052580596, 84.31369739456835, 84.75618479052292, 85.88922846168357, 87.23733090456702, 87.1236349455177, 86.77977922555695, 84.73326827916155, 84.32939815556858, 85.82486939312408, 85.85201777658618, 84.18839048711607, 84.18839048711607
96.52, 98.15144405426453, 98.94670207655608, 99.76070565054462, 99.05350091759296, 101.02922173557697, 101.80180411684655, 102.55441314593189, 102.87808540791455, 101.3264631549414, 98.75955701352161, 100.15514189442096, 98.68045114966422, 95.3326599264119, 96.71043934438077, 97.75444827132748, 97.47400900882133, 89.68764774643181, 89.76582574419649, 85.36474342193779, 85.3374578323581, 84.32939815556858, 85.82486939312408, 84.98406826740512, 84.18839048711607, 84.18839048711607
96.17, 95.6341451301044, 97.12673770765483, 94.26116639515197, 92.41212592631538, 94.38316389846281, 93.81280363369393, 91.36933899263292, 88.68242821023769, 89.23746650852114, 86.38452320036703, 88.05930801514668, 88.05502482430005, 85.98065101814115, 85.85021900327918, 84.75618479052292, 85.88922846168357, 86.19471644000589, 87.49622555753068, 85.48242421989417, 85.58659917021347, 86.02010401033007, 85.82486939312408, 86.52980811666433, 88.51965849578417, 88.51965849578417
96.58, 95.78007298157353, 97.31123374161392, 95.97283938787615, 93.66879892726041, 95.29973578481359, 93.97381801514791, 93.29627330675271, 95.04700732340287, 93.87373808631607, 93.50261495858585, 91.90027960458703, 92.35820821350194, 92.88913887100234, 93.70622341551142, 95.64571621491635, 94.62837661212427, 91.38358602726117, 91.20141130502844, 88.86379662101702, 84.73326827916155, 86.35465676368538, 85.7642239621158, 87.10969143086908, 89.01186112929165, 89.01186112929165
96.34, 96.96589704088343, 89.95557746248932, 88.98820398233906, 85.85338732404973, 84.10957757803895, 85.48961899980043, 85.4829156262004, 86.35632560384832, 87.72152130914256, 87.36883205761083, 89.69400382008408, 90.39562508419094, 88.91262846819417, 87.80555608680893, 89.14345612566996, 89.29784993147771, 90.82924212242257, 90.67897405906994, 89.06063985961246, 90.48998536975697, 92.7219508625761, 89.77626378311261, 91.03533642248752, 89.39608263916055, 89.39608263916055
96.52, 91.7319218706591, 92.29387879303081, 88.86912299797598, 87.89522198342802, 86.39602500052024, 85.48961899980043, 85.99986829928507, 85.41061209439714, 85.25911298499855, 85.67588852209451, 84.17834927434514, 85.6876646313669, 85.73270471965648, 86.98398354877038, 86.8290369724045, 85.12160313381312, 86.44669955177292, 87.04555496166005, 86.12295446496132, 85.75870498011231, 85.63607467659249, 85.82486939312408, 84.98406826740512, 84.18839048711607, 84.18839048711607
96.79, 95.32796672331037, 96.61094706365026, 95.60845659907166, 96.6753412802324, 98.1858154323507, 96.33539308566742, 95.19521048888954, 96.23784564732598, 91.4683924812193, 89.148171780432, 84.17834927434514, 85.00796617836136, 85.51939029799351, 85.52894597381568, 85.93045189383211, 85.88922846168357, 87.29073197598021, 88.00432935148402, 85.8926009680988, 87.56048053079992, 86.96157827717138, 86.0549777677753, 84.98406826740512, 86.27252117143168, 86.27252117143168
96.11, 97.19176776649022, 91.42651289220883, 91.64476359445361, 92.2603600234276, 94.75813503883694, 90.2054423716672, 90.08487754172646, 89.71308707543042, 87.21544651380276, 85.67588852209451, 84.17834927434514, 85.00796617836136, 85.81502052580596, 87.76353414813774, 87.74817024390842, 86.6047635243585, 84.50371598688248, 84.52382558249198, 85.8926009680988, 87.3525271697366, 89.6925874822133, 87.29847435524614, 86.70466665818019, 87.96864733987874, 87.96864733987874
95.16, 94.02838611580361, 95.87314035059191, 93.77043458398896, 89.84085054827462, 88.96703656751353, 85.48961899980043, 85.4829156262004, 84.10845337987462, 85.25911298499855, 85.16418744615027, 85.54741461195286, 86.53659325965167, 85.80637105469502, 84.31369739456835, 84.75618479052292, 85.88922846168357, 87.5185780858411, 87.72987971790393, 85.5429861255491, 84.73326827916155, 84.32939815556858, 85.82486939312408, 84.98406826740512, 84.18839048711607, 84.18839048711607
97.04, 92.55075240104546, 93.57018147836449, 93.09202320832675, 90.53127079174483, 88.53610254345199, 86.91465341217584, 86.1033207468588, 86.78396949754547, 85.25911298499855, 85.67588852209451, 85.48472631057659, 85.00796617836136, 85.81502052580596, 84.31369739456835, 84.75618479052292, 85.88922846168357, 86.94359094657418, 85.53268726915402, 85.27316252088762, 85.05412806034298, 84.32939815556858, 85.82486939312408, 85.7410024394486, 87.06598184571104, 87.06598184571104
96.52, 96.92629902077384, 97.3506029571255, 95.864041080892, 94.3982791017283, 93.72030532687435, 90.76450149164373, 90.47578845603505, 92.2901474028932, 90.97655953293332, 85.67588852209451, 84.17834927434514, 85.54638473011735, 85.81502052580596, 84.31369739456835, 84.75618479052292, 85.88922846168357, 84.50371598688248, 85.07007298506677, 85.38337658394884, 84.73326827916155, 85.70026315951601, 85.82486939312408, 85.62029978109044, 88.11175016796824, 88.11175016796824
95.37, 96.67663988760515, 97.90414464741228, 97.20712185711128, 98.40519821441976, 100.17440500385106, 98.94034820604905, 96.82481685364507, 98.39590343465042, 96.9905152922776, 94.11551641291427, 93.19877504910328, 92.44631323596877, 93.03836922223569, 93.24566153916474, 88.79372816170591, 87.32553470692612, 88.08639928952329, 87.91662309970143, 86.78256104118155, 84.73326827916155, 84.32939815556858, 85.82486939312408, 84.98406826740512, 87.40580222591761, 87.40580222591761
95.55, 94.79035285211101, 94.868148472654, 95.21995497101724, 92.86069786620763, 94.8093633079962, 90.82532185643235, 90.77887406786945, 91.25277448924624, 92.23499767443903, 90.88813972338684, 90.96576727052451, 90.64622083190845, 90.21970978633529, 90.57103225327391, 91.935164683741, 88.73370931233413, 89.87193911421873, 89.69813547086287, 90.18270473149138, 91.00060663046234, 91.41183058299286, 91.08957500874065, 91.33964955405722, 90.38951709415383, 90.38951709415383
97.37, 98.71897839412904, 98.42706985796488, 96.2436714764052, 93.66338407338421, 95.35670258974869, 94.51015753951862, 94.83129354304907, 96.7005668768115, 97.58919158146145, 96.00031577474984, 97.228450591546, 97.4298294013113, 97.01801256104098, 98.18539938276733, 97.68200169337793, 96.51077783359493, 96.53309796727825, 95.38330562363083, 91.65992387354076, 91.12581418785622, 91.5075497754421, 91.77301432265938, 90.08065832007954, 89.50740040516965, 89.50740040516965
96.23, 97.68002590527122, 98.92112579446173, 97.56345030865306, 93.28189549996479, 93.85307168539742, 89.42509100874923, 86.44093406318954, 84.10845337987462, 85.25911298499855, 85.14987367525943, 85.48448665473784, 85.52982779791097, 85.81502052580596, 87.34408307504641, 88.99867450217604, 89.56615999640475, 91.58015443051687, 92.94068818189925, 87.27070010245387, 87.34456174469052, 86.74784859778492, 86.16752922478341, 84.98406826740512, 86.74642508413105, 86.74642508413105
95.4, 94.86283168530595, 97.16091916872834, 94.99809292628242, 93.6724922980084, 94.77342381134724, 88.55432799624077, 89.43980666735591, 89.23835085839964, 90.40818972275315, 90.9426662022357, 89.46260220463783, 86.3687084867778, 85.81502052580596, 87.23896211836097, 84.75618479052292, 85.88922846168357, 86.775011104901, 88.03496515311177, 86.76024607217381, 86.10060792951882, 84.32939815556858, 85.82486939312408, 87.35194744620071, 84.18839048711607, 84.18839048711607
96.28, 97.42724736619009, 98.78838212930536, 98.5621804494292, 97.59048846389231, 99.13296655822666, 97.11669139053342, 95.27940292172286, 95.87834315208147, 94.64885325698987, 94.90166620270816, 91.88431729111508, 88.62169487736317, 88.33912833342006, 87.94802185896233, 84.75618479052292, 85.88922846168357, 85.42629653241052, 86.92692107739728, 85.8926009680988, 86.15305893084512, 84.32939815556858, 85.15797345407249, 85.66307263657639, 87.466936426357, 87.466936426357
96.07, 97.72712227644885, 94.5148514933443, 92.16051736353087, 90.65975538047003, 87.23282194432336, 87.19714574147345, 88.02864463425603, 89.98818466217388, 86.52547716303164, 86.42876539131794, 87.48846446609038, 85.49116110059133, 85.81502052580596, 86.36275217865658, 87.6749874019541, 86.18131695432852, 85.30099215201636, 85.91487702755352, 86.09130598980387, 85.4642375552102, 87.41425353677099, 85.82486939312408, 84.98406826740512, 86.53868112549621, 86.53868112549621
95.27, 96.61674981056349, 94.33625831456811, 93.75743834143263, 94.57737515803484, 94.56882502923243, 94.97270491932325, 89.59368815637839, 88.5592935545747, 85.37589873024022, 85.67588852209451, 87.78465083284308, 87.91123813684622, 87.69321018801571, 87.03581696431301, 85.79421955783161, 85.88922846168357, 87.17667536537621, 86.05272567541839, 85.8926009680988, 86.45760491523122, 86.31283476263604, 85.82486939312408, 87.55745463912584, 89.24175502524595, 89.24175502524595
95.78, 97.55543159831048, 94.55492698410843, 93.42805101450803, 92.61944454788724, 93.73970373390262, 92.09993388957547, 91.42156082572139, 93.77928346049227, 92.92699248018701, 92.59841464920179, 91.55410286827086, 91.15155802272757, 87.56545216314053, 89.78648257682605, 90.52091749438814, 88.28294730648477, 89.63519436402922, 87.73533360753098, 87.28859827400072, 87.33538242591653, 84.32939815556858, 85.82486939312408, 84.98406826740512, 85.3877040607997, 85.3877040607997
95.97, 91.56283537995532, 89.31538409998213, 86.0986124524095, 86.59589333312576, 86.73642834165588, 87.1331955280999, 87.63354881891291, 89.72105781201267, 89.98565630894291, 86.97513838289919, 86.90404954608651, 85.37241605840477, 85.81502052580596, 87.27727838088286, 86.15361116234378, 85.88922846168357, 84.50371598688248, 84.52382558249198, 85.8926009680988, 86.15804358056637, 86.99131356584232, 85.51099617317338, 86.73520448805004, 84.18839048711607, 84.18839048711607
95.44, 95.31986125254005, 96.51244045952417, 91.27384315570437, 89.91743807119246, 90.28801573018961, 88.0462365793561, 88.45054709720743, 89.20993936898958, 87.30327185472014, 87.558356330296, 88.31742925558288, 89.25211191453576, 85.81502052580596, 84.31369739456835, 84.75618479052292, 85.88922846168357, 87.47791547545492, 84.52382558249198, 85.8926009680988, 87.36800233371736, 85.44798597369268, 85.82486939312408, 84.98406826740512, 84.18839048711607, 84.18839048711607
96.6, 97.37273685761134, 94.64913926769144, 90.91292059763241, 89.6148147235321, 90.4746857792375, 89.98421679394207, 88.38798232332022, 88.40584127448753, 89.3138204692279, 88.53069192526848, 89.05959471618328, 89.53956696759585, 87.5723598744359, 88.20172210000948, 88.23359704967149, 85.50107287319996, 84.50371598688248, 85.42955392731211, 85.8926009680988, 85.22149971113379, 87.04789549905529, 85.64538303209521, 84.98406826740512, 87.03500780379095, 87.03500780379095
95.56, 95.28031545710665, 96.8460107706803, 96.39173265317278, 95.00750030235321, 96.32243998032584, 94.15444534370351, 93.34552122919217, 93.22686417478938, 94.5387665808149, 93.86626865748302, 93.36867001782437, 90.2395330220733, 91.00752006118208, 91.01226530240307, 93.01638611601689, 92.50874235585901, 91.15973784795045, 92.04432546672864, 91.42386906985777, 92.1990787783054, 93.33959239278266, 91.13127364113295, 88.93359706436807, 84.18839048711607, 84.18839048711607
96.52, 97.26032888187515, 99.61885060465403, 100.19048789945496, 99.51976618031264, 97.64071407360802, 97.85415284395724, 98.9390072402772, 99.3838280492932, 100.27147865125207, 96.76169863015187, 98.19835540020122, 98.00483747166372, 96.73895425904963, 96.88687759085524, 93.68803150143782, 94.2313529079035, 95.5661772209061, 95.53678741287032, 93.95012345511182, 94.45856392861518, 90.5551862968181, 90.9180339118301, 90.97625160125082, 92.02303179556014, 92.02303179556014
94.76, 93.31446093381795, 95.42599946960893, 94.4133843966041, 92.70457012353106, 92.85406936626337, 89.83887005368837, 89.96941433974314, 89.98402743949386, 91.22762640276352, 90.94079151129212, 91.12448900053846, 91.79604791983522, 90.8554605167037, 88.10271453458569, 89.44891076565244, 87.243561224073, 88.59156699298941, 89.84561104261017, 88.15963477953626, 86.98370965312407, 87.3119008624199, 85.82486939312408, 85.96211411020931, 88.00852554627501, 88.00852554627501
96.77, 93.29343778361495, 93.3679426801774, 93.99326148694233, 90.46541995678454, 91.79014436131759, 91.11164307514825, 89.23149257438993, 91.45718140141577, 87.31052455250294, 85.05487322668628, 86.90675282433837, 85.11776788272681, 85.14291140457249, 84.31369739456835, 84.75618479052292, 85.88922846168357, 85.1803173389183, 85.40389300471406, 85.8926009680988, 84.73326827916155, 87.01850771580203, 86.69621884997694, 86.86334886540757, 85.75297170954705, 85.75297170954705
95.08, 91.73529829314343, 92.78516309357285, 93.83279885191395, 91.64130913663857, 93.21075814350397, 93.53139214298056, 92.34347043573678, 91.93452144995626, 92.95132163329727, 93.05704894947782, 95.32385703502258, 96.49394325463973, 96.4005671808761, 97.23151732612622, 98.68443101522799, 97.69019776909298, 99.56587251403577, 100.79293802217794, 99.87094926644124, 97.93563803555237, 99.04371531348689, 99.27942731479254, 100.40349425602714, 100.72522671452357, 100.72522671452357
96.45, 93.84428953027256, 93.8199129150166, 92.84257412762481, 93.35137034667291, 93.79956608508633, 89.37944992617052, 89.69491402397544, 91.59890723690496, 85.09180345232974, 85.67588852209451, 84.17834927434514, 85.00796617836136, 85.81502052580596, 86.7847837905233, 86.28509919977002, 85.77585801668344, 86.04303360111786, 86.89020953979657, 85.29034911137227, 84.73326827916155, 85.43626420107881, 85.82486939312408, 85.82743483740103, 84.18839048711607, 84.18839048711607
96.47, 97.47370103237832, 94.34506919874318, 88.95595580663907, 89.8286592224368, 91.3829902227397, 92.02792741533077, 92.73678962396701, 93.8696981090364, 89.12621220221384, 89.84897957372256, 90.92492249282725, 91.8322555937157, 89.05919634867222, 86.15365822303417, 87.33494485092088, 85.59443283849386, 86.68412477008947, 85.65318230513455, 85.62736305540656, 86.59671611730342, 84.32939815556858, 85.82486939312408, 85.73850013729854, 87.48643085970691, 87.48643085970691
95.91, 96.94749446681999, 98.86492604937618, 98.28731798011927, 91.67118564770699, 89.36215720103864, 87.97203920048928, 85.31983072052655, 86.87377054764315, 87.3597624287864, 85.67588852209451, 86.93436379039527, 88.3261196725152, 85.81502052580596, 86.16612758959201, 84.75618479052292, 85.88922846168357, 84.50371598688248, 86.33612783091736, 85.8926009680988, 85.9689677940472, 85.71560013864126, 85.62871870970635, 86.00435835073324, 88.5324380120311, 88.5324380120311
95.99, 97.28140936399502, 99.25076674363412, 97.3909779997176, 98.39258866647481, 95.55823343129427, 90.57950399616159, 91.20347454057763, 92.33551775843368, 86.56791489532277, 86.95176723327455, 86.8892517122546, 86.373807433201, 85.0868550459888, 86.23468777464822, 84.75618479052292, 85.88922846168357, 85.97032358905298, 84.52382558249198, 85.8926009680988, 87.46050919026548, 87.62004999861225, 86.8521169818922, 85.24188814609239, 85.38553364556722, 85.38553364556722
96.89, 97.62069534953561, 97.78956334267428, 97.82308837123495, 97.53964839450977, 94.76422079211802, 93.68322754299221, 93.73050500999761, 93.80297348996066, 90.98688765099031, 91.50721290509662, 93.81060095733746, 90.28988133554833, 88.9874155401991, 87.07499821773123, 88.50276840704979, 88.51930040450132, 88.72362506929073, 89.00299219162049, 85.8926009680988, 87.80390025286434, 89.98970578633235, 89.74309425563825, 90.07169703122723, 89.4321086485959, 89.4321086485959
96.0, 92.78264282662042, 93.04894354128469, 92.7348194675966, 90.65841440465256, 89.34520557048198, 89.71203223851455, 87.18489208984016, 87.78569868105382, 88.93164708479715, 87.1542187030121, 89.52632452309683, 90.43484203523276, 88.94462540305211, 86.43773537600228, 87.59346961948474, 87.78317923089777, 89.36987053199108, 87.78480050175321, 85.8926009680988, 85.32725958347555, 85.79003769269967, 85.40048490085833, 86.0149510023846, 86.48374463413614, 86.48374463413614
97.31, 92.02123278940148, 93.91863816846968, 92.35037844961056, 90.98162302836484, 89.81773718408263, 90.77900626095773, 90.59657122169091, 90.61157460730574, 87.80912446211323, 87.41772328011521, 88.63624726887642, 88.46905923692555, 86.62438131215531, 87.8322392909048, 88.33439206461156, 86.43368916889197, 86.14124561711502, 85.90680633187645, 85.8926009680988, 85.88278849378936, 86.53099105786406, 85.82486939312408, 86.5785372039771, 86.1977234357933, 86.1977234357933
95.91, 93.98900721849358, 94.7747042098469, 94.81240170437327, 95.20502540004094, 92.63052075349584, 85.48961899980043, 85.4829156262004, 87.5258499778335, 86.66363046106133, 85.67588852209451, 86.65696076280419, 85.00796617836136, 85.45881845889174, 87.52785097428745, 86.25693581339108, 85.54626408794141, 87.4941492153673, 88.69044878604821, 85.8926009680988, 86.136366419241, 84.32939815556858, 85.82486939312408, 84.98406826740512, 84.18839048711607, 84.18839048711607
95.3, 89.50628451568085, 90.37605085534845, 88.70892538545229, 87.40456417151687, 87.31176102662867, 86.91599309307415, 85.4829156262004, 87.07079953441172, 85.25911298499855, 85.67588852209451, 87.36008412998794, 87.63381879746998, 85.81502052580596, 85.38567258551377, 85.55255922704126, 85.35963555959208, 84.50371598688248, 84.52382558249198, 85.8926009680988, 85.1050317734825, 87.51921225972706, 87.34918262134454, 88.23182907031668, 89.53791462550731, 89.53791462550731
95.26, 95.04895685841265, 93.64539942726645, 89.18010653129414, 87.9061798494913, 90.24205108437991, 89.28156361324773, 87.6859867120508, 87.03503538675436, 86.40118118198306, 86.7899582883899, 88.08001698720518, 88.83873199216563, 88.06072538798728, 86.80532842105353, 88.58990818806923, 88.28165684458914, 84.50371598688248, 84.52382558249198, 85.8926009680988, 84.73326827916155, 86.45555464744956, 85.12228868107809, 84.98406826740512, 86.2040540571542, 86.2040540571542
95.72, 94.40201821582193, 87.83841851525636, 85.68112224577713, 85.25147394837903, 84.10957757803895, 85.48961899980043, 85.4829156262004, 85.18394458365876, 85.25911298499855, 85.67588852209451, 86.55125635634819, 86.19399797939059, 86.64762468385752, 85.43458639623277, 84.75618479052292, 85.88922846168357, 85.36945128354313, 84.52382558249198, 85.8926009680988, 86.74256933467947, 86.12751190066987, 85.82486939312408, 84.98406826740512, 84.18839048711607, 84.18839048711607
96.24, 93.8466122818705, 93.27139739760477, 93.51742826666676, 90.74549624162799, 92.09311493286002, 91.3612196196327, 86.76745818532166, 86.43981548931956, 85.81975459023967, 85.67588852209451, 84.17834927434514, 85.00796617836136, 85.81502052580596, 84.31369739456835, 85.35530733890502, 85.88922846168357, 87.39171553179516, 84.52382558249198, 85.8926009680988, 84.73326827916155, 86.59436314923725, 85.78789777678048, 84.98406826740512, 84.18839048711607, 84.18839048711607
96.42, 93.64949826642258, 93.92894159697182, 93.38438295725456, 91.48905507245884, 86.38825944971857, 87.36239351173957, 88.53380644225248, 86.36340969511615, 85.9383843589035, 85.67588852209451, 85.87222107069705, 85.00796617836136, 85.81502052580596, 84.31369739456835, 84.75618479052292, 85.88922846168357, 84.50371598688248, 84.52382558249198, 85.8926009680988, 84.73326827916155, 86.04016475007842, 85.38842724738575, 84.98406826740512, 84.18839048711607, 84.18839048711607
95.96, 95.66296428375469, 92.31778309741424, 92.81305836478077, 91.21350054604106, 92.90877865581359, 88.98135645376227, 87.33058205514537, 88.8260816000523, 89.84620070745945, 88.90420786814452, 90.05630703584505, 88.03868505353039, 87.99477426631756, 89.94205341508606, 90.79852059771484, 90.50491939212361, 89.67706865345407, 90.85081611753643, 88.9982485897316, 90.27689054965717, 90.1086266908209, 89.2834276680778, 87.7639982047042, 88.89269302853965, 88.89269302853965
96.02, 93.16860077472874, 94.23323232362493, 92.43180014997621, 93.64046231284749, 93.30557348753653, 92.71162547189448, 90.39606266281967, 91.59576559220223, 91.29818521167442, 91.762641066592, 92.77045838298554, 93.10019849187849, 91.44038648196225, 93.09370564645255, 94.59616284503686, 90.93039384216253, 91.23921964975048, 90.84695966378727, 90.55314909079968, 90.66623537921775, 90.89581886994243, 90.6722466845645, 89.93605747482948, 88.11147955627283, 88.11147955627283
95.11, 91.45857525947245, 90.95841169469571, 89.1214235824403, 90.25263506432981, 88.63233434333074, 89.57302844405658, 88.73948607624166, 86.50044488139875, 87.34151807893949, 87.65415163849829, 89.30024525489996, 85.51920087243955, 85.81502052580596, 84.31369739456835, 84.75618479052292, 85.88922846168357, 87.4667004747896, 84.52382558249198, 85.8926009680988, 87.51943772085426, 86.24167508041035, 86.7624700161008, 86.03567082799148, 86.3600661006444, 86.3600661006444
96.47, 95.47732206952558, 94.35444045438004, 93.7882840096467, 94.92185637152792, 96.77753121644577, 97.18680542290203, 96.32460460517905, 98.23285050527937, 94.34930520515151, 92.15890027545827, 92.74078940933391, 90.40229884502065, 87.92266384068255, 86.94607293252191, 87.82818157658095, 87.83706846743432, 87.90299932422724, 89.51355312968741, 89.66785538613041, 90.13416855296674, 89.52329957919838, 90.30000080501556, 91.34214809606524, 91.73574730503985, 91.73574730503985
96.03, 96.04058617135158, 94.93827419508878, 95.91352846861206, 92.79273066283626, 88.9458268454765, 87.30389009667171, 85.49327244534143, 84.10845337987462, 85.25911298499855, 85.67588852209451, 86.89367432420717, 85.00796617836136, 85.81502052580596, 86.28080819671091, 87.6031351136238, 86.27265581139963, 84.50371598688248, 85.68896931262653, 85.17079376764505, 85.45429510878854, 84.32939815556858, 85.82486939312408, 85.0956147813914, 85.9527111780153, 85.9527111780153
95.96, 94.72752820668326, 95.71819637129747, 94.6097009314415, 94.23657704438145, 95.42255165448674, 91.3960417554105, 90.96259894762126, 93.07396723631602, 93.84953870284234, 94.6785317860288, 89.82894154102726, 85.57270189797967, 85.81502052580596, 87.80432117363297, 89.68452864464841, 87.57356975820272, 86.14700100509287, 84.52382558249198, 85.8926009680988, 85.60725370260137, 87.43391952847472, 85.82486939312408, 85.99372826824597, 86.39164253162238, 86.39164253162238
97.25, 96.86206612961276, 98.46125436789256, 95.90985774010692, 94.39789437067904, 95.41382098093852, 95.91758316576956, 94.4907057374661, 96.72973366871214, 89.43731422899468, 86.73753071764976, 87.93903390625738, 88.39304572552983, 89.24155482640052, 84.31369739456835, 86.150766354148, 85.88922846168357, 85.09719362966892, 84.52382558249198, 85.8926009680988, 84.73326827916155, 84.32939815556858, 85.82486939312408, 87.18387825229249, 87.19508276677269, 87.19508276677269
95.57, 96.28060696485689, 97.16962817381615, 97.17047852855187, 98.1158069819346, 97.42601914068374, 97.53726069621987, 97.59098186689965, 98.26619586182213, 98.05672679700693, 96.28559734951106, 97.35725342171197, 98.32093183482216, 90.72540200020997, 91.30430111742001, 90.18651103961585, 89.23288394468543, 91.3464631780657, 92.71826353003787, 93.00277983225632, 94.86065571805443, 94.35490638793074, 92.9675280490293, 89.33415808847143, 88.53586024273477, 88.53586024273477
95.12, 95.0042784223568, 94.70618418931467, 93.73804528659787, 92.74370971120784, 90.45188269149335, 86.12920228462971, 86.70453939816419, 84.10845337987462, 85.25911298499855, 85.80708321115091, 84.17834927434514, 85.00796617836136, 85.48247662970978, 84.31369739456835, 84.75618479052292, 85.88922846168357, 85.47082830819788, 87.12722362654439, 87.37468025647864, 85.13252421543278, 86.81640273448397, 85.82486939312408, 85.15866164599535, 84.18839048711607, 84.18839048711607
94.91, 95.67865219686614, 96.8413075026519, 94.85182591730275, 95.10896592026087, 95.88138795903537, 90.71114542039636, 85.4829156262004, 85.4900019959366, 85.25911298499855, 85.67588852209451, 85.61186457113827, 87.00654831303997, 86.17594292680714, 86.68122733019611, 86.89057697237185, 86.48351095349845, 87.68693364296975, 84.52382558249198, 85.8926009680988, 87.66179112718532, 89.40721564444027, 89.76028617191602, 90.24521806460267, 90.93684700017518, 90.93684700017518
95.12, 92.97910204173591, 85.27659199025265, 85.68112224577713, 86.02633150692759, 87.45431331629551, 85.48961899980043, 86.21529414613259, 85.43465234511086, 86.14026996745812, 86.7280465078502, 84.17834927434514, 85.00796617836136, 85.12165789649947, 86.62199207611194, 87.61469333772283, 86.65311199843713, 87.70487125807016, 89.72857033788432, 85.88492555298104, 84.73326827916155, 85.36192993883259, 85.82486939312408, 84.98406826740512, 85.07330091633857, 85.07330091633857
95.45, 93.80669489030548, 92.14947035516357, 90.8618519230062, 90.81630176974386, 92.2091005957584, 92.02243778401683, 92.2131716123728, 91.54202119821566, 91.61234451546792, 91.87630929385818, 92.84848658506318, 90.72793770733702, 90.2162798294599, 89.29366605045806, 90.62035047756925, 89.67772485461113, 90.94722744497925, 87.68138800623102, 87.74856094423319, 88.71622983373545, 85.46744173206467, 85.82486939312408, 84.98406826740512, 84.18839048711607, 84.18839048711607
96.43, 97.49192871821569, 99.70123781337999, 100.00895045549755, 100.22867618720853, 101.69429952033533, 98.01183834254964, 98.47629539506386, 100.00592602244387, 97.52153696137609, 95.33239297394579, 91.58729734105667, 91.93109899265153, 88.55543447137292, 84.31369739456835, 85.80713953069582, 85.88922846168357, 85.04933304112618, 84.52382558249198, 85.8926009680988, 85.0690000885807, 86.8980951402741, 85.69449775169014, 87.28045166699097, 89.27616866070696, 89.27616866070696
97.55, 98.82815944104307, 99.62338606967258, 96.97171700818113, 97.5195985927449, 97.49482823426492, 97.46188675037924, 98.52754170463953, 93.07023461818754, 92.41173008952927, 92.96504168563139, 93.27878828649382, 92.87324359445026, 92.78140953368367, 93.51732806189403, 92.63888941422228, 92.95461648133542, 94.82714427863077, 95.70916655015934, 91.87673366619957, 92.96503341945201, 91.04306313228896, 88.94950100679988, 88.29528994519622, 90.78276151309919, 90.78276151309919
95.02, 90.63297348864852, 91.07528693176685, 88.25977543271328, 87.56276851726544, 87.93910945325712, 87.70249720043492, 85.55757701565805, 84.10845337987462, 85.25911298499855, 85.67588852209451, 87.11968874829566, 86.30271022865959, 85.81502052580596, 84.31369739456835, 85.06319990794029, 85.88922846168357, 84.50371598688248, 85.1377548570254, 85.8926009680988, 85.50850354232064, 84.32939815556858, 85.82486939312408, 86.18469183821902, 86.96389820924948, 86.96389820924948
96.63, 97.8739014703278, 97.83024131210098, 98.46419872587258, 97.94062562036292, 95.14925797822889, 93.46896045714168, 91.4902496778948, 87.74456564197901, 85.25911298499855, 85.78501774604958, 88.05596852283897, 89.24547039243762, 89.39523891837341, 90.19590544430322, 90.7449952297155, 88.45708436670363, 90.19883768766891, 84.52382558249198, 85.8926009680988, 86.97679817258114, 84.32939815556858, 85.82486939312408, 86.27398829696632, 88.06690059911806, 88.06690059911806
97.18, 97.33179559377287, 97.67414710472723, 96.69088906708686, 96.48848916370007, 96.33006434366588, 96.36862148970582, 90.59817949661691, 91.89631327682473, 90.15142819562108, 88.10291315814513, 84.17834927434514, 85.00796617836136, 85.81502052580596, 87.16904543801158, 88.07801184595328, 87.94098991147114, 87.55613466639366, 87.58514399529477, 85.8926009680988, 84.73326827916155, 85.72166336308666, 85.66910582915708, 84.98406826740512, 84.18839048711607, 84.18839048711607
96.82, 98.36082260397511, 98.89386545219568, 98.50373510759934, 99.0975354686685, 100.30892656339431, 99.64672009476041, 99.96017859250267, 98.77573723342141, 98.31531026808223, 98.36461071033698, 96.30179461961383, 97.37257057071308, 92.85713927057174, 94.36413191868994, 91.87026152982486, 90.06490159917612, 88.3608268111079, 87.81017656414012, 87.24321236362584, 84.73326827916155, 86.24526711473838, 85.74447775510197, 85.94850146595148, 86.99697772510932, 86.99697772510932
96.21, 97.10384732476882, 96.79493698382937, 91.21527608931271, 92.10088176160126, 93.40847582959503, 94.1637379957852, 92.12326845698072, 93.62492166485902, 93.74374263116574, 90.64121013893939, 88.92896163989835, 88.73859455671784, 87.24553264761964, 86.05060536054798, 86.5196969868134, 86.16595057430023, 86.287882782076, 84.52382558249198, 85.8926009680988, 87.57711306904173, 84.32939815556858, 85.82486939312408, 84.98406826740512, 84.18839048711607, 84.18839048711607
96.57, 97.2172879225378, 99.49215725718203, 99.32588383466744, 99.48603567554383, 97.7981118717539, 94.17819181062596, 93.08267594668374, 94.07708519668194, 91.93461968405472, 92.39248552249504, 94.12799333593773, 94.99782036776872, 91.46720731455902, 88.11348026866628, 89.67615551704498, 87.19227531271648, 88.52767107838265, 86.71830578159933, 86.48078106887367, 86.83223616871716, 88.20387718216843, 86.53895208393978, 84.98406826740512, 85.48209511146938, 85.48209511146938
96.25, 96.36902617998494, 93.23219031445191, 92.2787986044906, 93.52214569885999, 95.26197046689781, 92.91231681462642, 93.756214448317, 93.535399587235, 93.02828371166099, 92.67975683849515, 94.36949907184768, 95.18610936155109, 95.58264434354015, 92.8670196859486, 93.58242130905488, 91.39998362847356, 91.80441942745176, 92.49855463478393, 91.91333874950301, 93.35122199037718, 93.46596024138728, 87.84391416308053, 87.92028474225911, 87.67930986667434, 87.67930986667434
96.28, 95.82341145627524, 91.64633272744254, 87.99609035639311, 87.24830665268162, 87.0955644878561, 85.48961899980043, 85.4829156262004, 84.10845337987462, 85.25911298499855, 86.08442680172062, 85.5790426104023, 86.96649726309028, 86.29066244915657, 85.55624592426945, 84.75618479052292, 85.88922846168357, 85.395331049158, 86.43111823142378, 85.8926009680988, 84.73326827916155, 84.32939815556858, 85.82486939312408, 86.43556025483404, 84.18839048711607, 84.18839048711607
96.07, 97.3647010234408, 98.07533627847282, 98.11706009086076, 97.8238187809795, 97.3681147773829, 95.99302328460313, 93.60496739954637, 94.34359724031123, 93.72591474325876, 91.24022110337097, 92.7182167472934, 92.08865982823247, 88.4293370453835, 85.84098643583837, 86.71480900359995, 85.88922846168357, 84.50371598688248, 84.52382558249198, 85.8926009680988, 85.28438095535516, 84.32939815556858, 85.82486939312408, 87.33910044126259, 87.20281828171807, 87.20281828171807
96.34, 97.76540657967189, 94.17691379847014, 94.44061738823807, 92.32983486724196, 92.09455582027174, 89.19188379571132, 88.7630736786561, 90.0307047327155, 88.85912155713334, 89.37286390473652, 90.53127071453227, 90.59599779528423, 88.57253702474448, 90.3172074120586, 91.17786082040716, 91.0267598930259, 89.45522779262717, 90.47644956818816, 86.4898822461331, 87.97274333371847, 88.06385238270097, 87.93553476096318, 84.98406826740512, 85.50823011773691, 85.50823011773691
95.95, 95.03481599741568, 96.01283455820204, 95.63393888832238, 96.57860662745438, 98.60250260946205, 99.39050931626565, 100.62406163754143, 102.83265460326118, 100.1735300402538, 96.73680681453493, 96.36644027774209, 97.31646610129064, 97.74762760895344, 98.18563261570426, 97.84003252302645, 93.2576497066575, 92.10969104161242, 94.07424013347396, 92.59020359581919, 93.57649439563652, 93.89496463328005, 91.21159748566734, 89.62549570513431, 91.49964754704145, 91.49964754704145
96.21, 95.58530703667402, 95.24975281856545, 93.77000805580859, 89.92451321240671, 91.51590816398078, 90.49205071440159, 85.4829156262004, 85.46695156831497, 85.25911298499855, 85.67588852209451, 84.17834927434514, 85.00796617836136, 85.81502052580596, 87.61388853001195, 86.43643869254885, 85.88922846168357, 86.25575617533438, 86.99697053628586, 86.66939152050018, 87.60899611685883, 87.96034958592327, 86.68038994254461, 86.4853335101073, 84.18839048711607, 84.18839048711607
95.63, 94.10772933502383, 94.21197254615396, 94.71671335020218, 95.98363000870098, 93.6465963822675, 93.80003283947836, 94.68363016770667, 94.20139353491966, 93.1359248218284, 92.10125411386814, 91.37165253104526, 91.80596480547258, 91.84350669452486, 90.85121406019196, 87.96660585721419, 87.01703547812295, 87.57244846652482, 87.30756791663104, 85.9071069854598, 84.73326827916155, 84.32939815556858, 85.82486939312408, 84.98406826740512, 86.60349829502594, 86.60349829502594
96.88, 93.2188507155782, 94.45923360455889, 92.36218857248205, 92.71730082810177, 94.27469875767856, 90.74309567124676, 90.58823152332745, 92.69164898592163, 91.04364517888733, 86.84600871073813, 84.17834927434514, 85.00796617836136, 85.81502052580596, 87.40399796098588, 84.75618479052292, 85.88922846168357, 86.56611948489824, 85.12561312126878, 85.8926009680988, 87.5701374288914, 86.23708769218656, 85.82486939312408, 86.99916327733409, 87.25408852994207, 87.25408852994207
96.46, 97.50960611732181, 94.70121801553891, 95.62801455858938, 94.84561461136482, 93.94603080132043, 94.13875590752535, 92.49027983003865, 93.6803973429042, 92.78714462950187, 92.89908148777488, 94.26422533949378, 93.2810676247116, 92.03401871063102, 92.44728334722481, 93.86357016767377, 92.5698169904573, 93.00054123703778, 94.25802367615852, 94.85680667784145, 95.08819269978702, 94.46747911737359, 94.53923055676552, 93.10974103438001, 93.9041248004294, 93.9041248004294
95.65, 96.49163695360465, 96.45109916524244, 96.01053705692813, 94.13747520576626, 95.01045049265456, 93.94630724244087, 92.28723137024312, 91.0569820632928, 88.62524487179475, 88.27794703159151, 87.81998554339427, 85.00796617836136, 85.81502052580596, 85.95735552693883, 85.69390574454776, 85.88922846168357, 85.64677813970259, 84.52382558249198, 85.8926009680988, 86.24363347778792, 87.39019172121004, 87.97439652000874, 88.79298841900787, 87.86328168421164, 87.86328168421164
95.46, 95.45148743304628, 97.66230552066499, 97.5199063418786, 98.15946002266763, 96.54650914057898, 96.60116646399649, 95.761560487722, 96.44412353553611, 97.5592637619763, 93.24995780022167, 93.13778007147484, 91.84816980207661, 92.65251096050171, 92.45838629258363, 90.19077515801668, 88.49115236359549, 89.87051854624305, 90.9085128417223, 88.50084141218876, 86.47473893553604, 84.32939815556858, 85.82486939312408, 86.11531268142424, 88.61527575107148, 88.61527575107148
96.46, 95.70358338343796, 97.65683615788075, 93.09534889434094, 93.09759105622557, 94.98955292182156, 92.31673098971183, 92.09363068754912, 94.33846871841413, 95.16081312866693, 93.92076951831814, 93.87896376493475, 91.95882256015291, 89.57186596930741, 90.36031650255696, 91.50178327214795, 87.26592634078824, 84.50371598688248, 84.52382558249198, 85.05119083559812, 86.86816999569912, 88.9167128934514, 85.82486939312408, 87.2394535909571, 89.48881470131361, 89.48881470131361
97.09, 97.75910312935719, 99.53398485639349, 99.5254591683589, 97.66329562048033, 96.05005998089158, 96.89309725390828, 93.78079109395004, 94.39845422880539, 93.51576919495722, 91.78266249578645, 91.3086585392622, 92.40672716308487, 91.13547157556978, 92.23083086167581, 90.03242597011713, 89.30427897838392, 88.65374521552695, 87.69495524732464, 87.62913672603439, 87.37578818897381, 87.30871699973352, 87.77009400974478, 87.61451152511394, 84.18839048711607, 84.18839048711607
95.9, 96.47561298699993, 98.14946152717454, 97.57623734572329, 96.02723815499763, 95.89021169045228, 94.49563678607184, 92.68291266094566, 94.88615423827618, 86.23655493646451, 85.67588852209451, 87.15407950397145, 87.71657578502432, 85.0302968982267, 85.47135162883163, 84.75618479052292, 85.88922846168357, 86.79910548676273, 85.91844236048443, 85.8926009680988, 87.05835992948593, 88.72260192228642, 87.08416064813571, 87.56893374967939, 84.18839048711607, 84.18839048711607
96.91, 96.24795820361868, 95.51820653165369, 94.42907138170587, 91.55987416647376, 93.51668526666374, 91.45386501916734, 91.3599094003985, 91.69435541477253, 90.87917977725093, 85.67588852209451, 86.51315554017364, 85.81322323882273, 85.30261483401975, 85.9936743707407, 86.07594238500035, 85.88922846168357, 85.15050865880036, 86.39103052327373, 86.63314836139116, 85.6144074969981, 87.62083573539272, 87.44299346917212, 87.43753937163898, 84.18839048711607, 84.18839048711607
96.21, 96.11764899053537, 91.59823671153383, 91.45418480001403, 88.90206662035791, 90.76099236631319, 90.16601902583952, 86.86809036221652, 87.75865401183684, 87.02746489482374, 86.81188142450857, 87.01945551372168, 86.01885894146469, 85.81502052580596, 87.01050415945753, 86.78898719715976, 85.88922846168357, 86.92442573750563, 87.58732961945259, 86.9743308811385, 88.62438250579336, 89.68684331579868, 85.82486939312408, 87.03329759666089, 88.48914957283999, 88.48914957283999
94.9, 96.6273253515874, 98.43437348943314, 97.23208187166203, 97.64961666740433, 96.59757546275478, 95.79648312167855, 93.36246866723063, 94.95222769441878, 93.1700500909128, 92.08193697275568, 93.17187952706567, 93.70454563491623, 91.0216779993505, 92.50695992029988, 93.79467076729176, 92.7629886733986, 89.15549920361869, 89.40277590257674, 87.1583114671576, 86.48818310813756, 88.7216975341234, 86.87680381251215, 87.86861120546602, 88.65360708759854, 88.65360708759854
97.08, 92.72294664271357, 93.381130081182, 90.35234404541868, 91.68902410804085, 93.70577626454208, 92.49196019960533, 93.12832808130408, 94.643756350073, 94.47021356053843, 94.08861490891945, 92.19268456051886, 86.18177167396335, 87.103848527315, 88.00589683217002, 89.6612436713065, 85.88922846168357, 86.46372766010016, 86.34143727355766, 85.8926009680988, 84.73326827916155, 86.88851037519346, 86.01094423474687, 84.98406826740512, 84.18839048711607, 84.18839048711607
97.01, 96.37261013143245, 96.21175881251314, 94.91778733178089, 91.92166180087897, 94.27305949503116, 95.22849232791935, 92.77159023275215, 89.77213301080604, 88.22997980342336, 86.75267226227064, 85.35674483793609, 85.00796617836136, 85.81502052580596, 87.22200046937716, 86.98542568413343, 86.35582199404229, 87.32816718996064, 87.81889039058595, 88.66011518967214, 85.71883428897301, 87.61478088476278, 86.89018722474076, 84.98406826740512, 84.18839048711607, 84.18839048711607
95.76, 93.2966684057065, 94.62691122338055, 94.77472946636443, 95.96970073630754, 95.73259373235065, 96.5647623152757, 96.97349669934613, 96.16977822388522, 87.28427739799503, 87.09710508329708, 88.8270252272733, 89.50220971728447, 86.2202704974578, 85.54241407332168, 84.75618479052292, 85.88922846168357, 88.02438699957474, 88.21502578162155, 86.5813617084936, 85.95539584240846, 86.15284848624698, 85.82486939312408, 87.4039752683193, 84.18839048711607, 84.18839048711607
96.6, 96.09327981548833, 96.83795879470738, 96.60465747787978, 97.43061336438547, 97.00983939979554, 96.37901601875132, 96.42592259288983, 97.67746265303057, 90.61836651905698, 88.88258448332122, 84.17834927434514, 85.23563522863063, 85.81502052580596, 85.61136734016647, 84.75618479052292, 85.24526364545909, 84.50371598688248, 84.52382558249198, 85.8926009680988, 84.73326827916155, 86.06803865188837, 85.82486939312408, 84.98406826740512, 86.81771711399524, 86.81771711399524
96.18, 96.79352558107567, 97.68095940762231, 96.81912964190373, 97.19069482656488, 99.08923972078038, 98.23068702990435, 98.70215659634016, 100.0591666617267, 101.45999239259108, 101.32961550460203, 103.10536884170268, 98.81213810643838, 96.28024466737732, 96.98244121507699, 96.51609036261743, 93.74866154885441, 94.30009315825434, 94.71794718504653, 91.47352551937192, 91.75232568023648, 86.70271292515731, 86.70546224160051, 84.98406826740512, 86.69680197900428, 86.69680197900428
96.38, 97.07022104351692, 97.75691218380027, 97.57868317859908, 99.10244799935107, 95.13246460860363, 93.30421632758215, 90.25993836101966, 90.77614467888195, 89.1638203070794, 88.97491498161149, 90.31528338119779, 90.75438054947713, 85.85182922766155, 85.71389093818637, 87.44093796310237, 87.80646933894373, 86.96488624744303, 87.78060945149701, 86.73604378457125, 86.35510557045882, 84.32939815556858, 85.82486939312408, 84.98406826740512, 85.97445227445554, 85.97445227445554
95.44, 94.10261459740302, 94.11963147858117, 90.66520239449753, 87.80268758966317, 84.10957757803895, 85.48961899980043, 85.4829156262004, 87.13077152966372, 85.28012847533174, 85.67588852209451, 84.17834927434514, 85.00796617836136, 85.58621489588552, 87.5874246920648, 86.14549770952372, 85.88922846168357, 87.20715984239249, 84.52382558249198, 85.8926009680988, 84.73326827916155, 86.49530329389108, 85.82486939312408, 86.37778109867573, 86.52746785766689, 86.52746785766689
94.51, 95.37433311558823, 96.07892248006826, 92.77222127006996, 91.81483591797237, 90.26679033220593, 90.58731080840944, 91.19115381145372, 90.78397345345628, 90.12724261514413, 89.16470276117583, 90.7415946391014, 90.53403443321285, 87.23492377239235, 87.77168345984477, 88.44424968943353, 88.41833811777624, 90.10283700539485, 86.55395770629337, 85.87696306646363, 86.31043107179994, 86.60217531877169, 85.82486939312408, 85.5495487567708, 87.23875591321868, 87.23875591321868
96.74, 97.40262106666701, 95.91948354732487, 96.4783728424242, 94.05795649472977, 92.57368730259198, 90.99476770568802, 87.68859655239474, 89.65241687023587, 90.39047237360077, 89.60831651982639, 89.9021696227788, 87.33236486093642, 85.81502052580596, 85.56098913800409, 86.01298088210049, 85.54258856988564, 84.50371598688248, 85.51265115337348, 85.8926009680988, 84.73326827916155, 85.1486053376439, 85.82486939312408, 84.98406826740512, 85.6704865392563, 85.6704865392563
95.77, 97.36693359002696, 98.51133377511277, 95.30706693957997, 96.16640251231912, 98.5204093227384, 94.0164411128501, 93.90751635659966, 92.0480829787593, 87.0800726496514, 85.51050177387609, 87.10116219435598, 88.39924658767269, 88.48788354762975, 87.8406285785525, 88.63018188120712, 87.93085122237261, 88.93927443712835, 90.8588731300431, 89.5037524339712, 90.16792761029126, 88.4853086309021, 85.3585303066029, 86.66160538010048, 87.52253583800855, 87.52253583800855
96.39, 96.64934385894696, 98.4230922303973, 98.68350461291442, 95.73367430444834, 96.90171308189456, 96.30311422763215, 96.15470439900682, 96.73118173723381, 95.4649294480092, 93.8069626092046, 94.14864695373375, 92.30753816994807, 93.00830656461673, 93.67017745267158, 94.16044419612372, 94.6340544772063, 95.48496443185718, 96.58378536506818, 93.64696473433862, 95.32824754682963, 93.51652566545921, 93.50557339417246, 93.28704606606064, 95.26821240896487, 95.26821240896487
96.78, 95.61415544755147, 95.16035379115233, 92.69535295600411, 93.01122629347584, 94.38919203858171, 92.65372763063692, 91.21057496101506, 89.57919437484603, 90.21072858368821, 89.93464672972077, 91.15615901953687, 92.19129090960894, 89.92618716898781, 89.43601732952989, 90.68205708960629, 88.66561881960145, 89.51441402089148, 88.24441272009322, 86.51683859083896, 86.81402099022691, 88.5943040256032, 89.05576761739566, 86.01119142904983, 86.02248136857946, 86.02248136857946
95.78, 96.98879342240917, 98.7304330244071, 98.03713560907846, 99.07085406094195, 94.68149841049768, 93.4763048439003, 91.29481574422523, 89.80743200633556, 88.83848927511062, 85.67588852209451, 84.17834927434514, 85.00796617836136, 85.81502052580596, 86.53269965544297, 85.77348853649484, 85.43635238938383, 85.15405431613448, 86.11276412792101, 85.89056249860057, 84.73326827916155, 84.32939815556858, 85.82486939312408, 87.42783359772211, 89.19722044429703, 89.19722044429703
96.79, 97.20452982318352, 99.62173244922695, 98.68810262558785, 96.45545309938319, 98.33250018569444, 95.46335362877373, 95.79645224947038, 95.82046065725407, 96.33672363756223, 96.09798315820639, 95.89224612840589, 97.13379724700869, 96.559678486589, 95.97263675404105, 94.88690585716807, 93.53813675779894, 93.57822655559886, 93.82564272832953, 94.61427319199458, 94.34708203469734, 93.18736358478986, 85.82486939312408, 85.77304015088319, 87.31513164611536, 87.31513164611536
96.49, 97.48068775371947, 88.62653377154066, 87.2983289444469, 85.25147394837903, 85.49816534276323, 85.17996230532113, 85.4829156262004, 87.58125507451024, 87.90654168619584, 85.75160495310692, 87.3924824454609, 85.25641014506897, 85.81502052580596, 85.55450938633597, 86.4677230702994, 86.188048352354, 85.73623958131027, 85.74907938959083, 85.8926009680988, 84.73326827916155, 86.83037712258424, 87.518709287651, 89.14445412406934, 89.87726331051067, 89.87726331051067
95.78, 95.37874485601871, 96.38834525921185, 95.7062074201352, 95.16883210094052, 91.06460896706372, 88.48127543573014, 85.51683739511324, 86.54598409594655, 85.25911298499855, 85.67588852209451, 87.52056960916741, 88.75159540750444, 86.46839998344433, 84.31369739456835, 84.75618479052292, 85.88922846168357, 84.50371598688248, 84.52382558249198, 85.8926009680988, 85.84634764669832, 85.31168066098013, 85.82486939312408, 85.874706689325, 84.18839048711607, 84.18839048711607
95.93, 95.49398105491733, 97.66972158007398, 95.82528785603517, 95.86277105295181, 94.14311239281471, 90.61958433152995, 91.49129303101967, 93.24324298258546, 93.86595426819075, 94.59618551970517, 96.8353989020939, 96.87149952965827, 97.77121224728485, 98.0485249000115, 96.63655332165793, 94.51928161100807, 94.1742565777139, 92.76503407458131, 90.16380971861314, 90.92906762030343, 92.19375634503497, 91.59884026617378, 91.50657051039687, 93.04720333272967, 93.04720333272967
96.76, 96.98692458955759, 95.96890587436174, 95.50649347052915, 95.02906796063077, 95.37612720976786, 95.6125274301522, 93.83427787336734, 94.54860069609941, 95.33071355684633, 94.15469545248988, 95.12347704400204, 94.5023823742511, 94.60957232495502, 96.40172563209137, 96.91784827272389, 96.99092145561194, 97.44560885424974, 98.71535908810857, 94.74370993147255, 95.40856496900054, 96.83292257033403, 95.24666195422162, 92.45481729553208, 94.73586536070788, 94.73586536070788
95.9, 95.29280876515011, 94.3095916718632, 92.23032852884796, 86.17265306790765, 84.10957757803895, 85.48961899980043, 85.4829156262004, 86.80704689322226, 85.96868838014666, 86.16860559805967, 85.50405665459132, 85.00796617836136, 85.65047362929532, 86.27954803562277, 87.7334937979195, 85.88922846168357, 85.24577015149517, 84.52382558249198, 85.8926009680988, 84.73326827916155, 86.64445566411646, 86.27897345417482, 84.98406826740512, 86.21605297687798, 86.21605297687798
96.55, 94.7204727258691, 97.05456825418712, 94.50397162626139, 95.88537235674812, 96.22792970492458, 95.65851613339699, 93.67332638146219, 92.30325086948193, 90.7335110983107, 90.68394876586456, 91.48927203800207, 92.40450800133658, 90.8383366509001, 92.75645486503149, 94.01619934029584, 90.69518091265172, 91.84057855640559, 92.47118137834234, 89.95633162967519, 91.17229078965075, 91.98130154419577, 89.33921135309673, 89.59603943850256, 89.44479031030036, 89.44479031030036
96.69, 93.67292676267553, 94.70061171613153, 93.8667426359955, 93.88215412542415, 92.31364681041528, 88.28765266646361, 87.7810115408426, 90.00146113494155, 87.45360330134389, 86.40525905179913, 86.67190526202086, 87.66662577434339, 85.81502052580596, 87.99322617239615, 86.13938753150963, 85.88922846168357, 87.85616210207873, 85.03682468345336, 85.8926009680988, 85.76392414761702, 84.32939815556858, 85.82486939312408, 87.0977986023811, 87.18923946103904, 87.18923946103904
96.46, 97.17378763726671, 99.53550788169625, 99.4292384401975, 98.90434554776917, 98.43573731845146, 99.42606908305825, 99.01797856371705, 98.3299173439898, 96.89372176325551, 94.3209430260988, 93.04998050985202, 91.60666770769622, 89.57519000975267, 84.31369739456835, 84.75618479052292, 85.88922846168357, 86.3765630349572, 84.52382558249198, 85.8926009680988, 84.73326827916155, 84.32939815556858, 85.82486939312408, 84.98406826740512, 87.11687651967003, 87.11687651967003
96.36, 97.30928770374554, 99.41415372520962, 96.64203065893958, 96.65263668769508, 94.98912115202994, 95.16216925834033, 91.74287789635976, 91.78898619513241, 90.66137034723089, 87.10967444067566, 88.74079754098348, 88.8916376176867, 87.12414437417877, 88.51544795128886, 89.20655297580302, 88.04559475914176, 89.09982297174376, 85.7218418002817, 86.16513983376271, 85.63000987142384, 86.14134251882282, 85.73782041538622, 86.449039062191, 86.76799264842174, 86.76799264842174
96.88, 94.76478320632611, 95.7734855820146, 93.16426242059894, 90.05576998407909, 91.34329139367205, 85.48961899980043, 85.10391900053615, 84.10845337987462, 85.25911298499855, 85.67588852209451, 86.34310606939017, 87.1420321469039, 85.48885721710458, 86.65172444264228, 87.19313230628637, 85.072241989069, 87.08723971767505, 88.71245907560727, 86.22075979685371, 85.2364251214169, 86.55469090434053, 87.15303243229788, 87.72444910447642, 89.1956939678088, 89.1956939678088
96.25, 96.79461313657367, 97.01113020334961, 97.09369250071319, 96.674058367016, 98.14625735980746, 92.30116258459823, 92.30980471967511, 87.29121323457723, 88.24797559955063, 88.7808826477328, 88.77500173010853, 85.00796617836136, 85.81502052580596, 84.31369739456835, 84.75618479052292, 85.88922846168357, 86.59711222116766, 87.45443125311036, 87.33866224904531, 85.72187564734685, 84.32939815556858, 85.82486939312408, 85.25185639760258, 85.22185303777873, 85.22185303777873
96.16, 97.04387708309919, 96.67878992173053, 93.40746870672338, 93.71116231318824, 95.5041670847458, 94.55035989212499, 95.51195055453361, 96.38899968442544, 94.85522110691716, 95.5793238315885, 96.2374664554766, 95.90015452388143, 95.54318429813122, 94.47135333330641, 94.49843539811309, 93.39380506187305, 92.92667537896467, 92.53232038509027, 91.54180806764847, 89.83796966409726, 86.60120642992841, 85.82486939312408, 86.47193934961118, 85.12249907047914, 85.12249907047914
95.11, 94.66279841929916, 96.153010458622, 96.55545774197837, 97.04283060623158, 97.88008076796507, 96.98201117564173, 96.04822746085972, 97.68999566580881, 98.31797975365255, 97.54089963002374, 98.90174631578967, 94.54135177034519, 94.91290724268303, 91.27759200385304, 92.22055781297574, 91.5760260629791, 93.0781571849994, 90.81092582260708, 89.5933117606154, 89.0111456163353, 90.21960889236752, 89.91612820399844, 90.45577093657644, 89.82407352372272, 89.82407352372272
95.21, 91.78005093972652, 92.26578187606381, 93.23856884217942, 94.18445379758538, 95.18598386597074, 95.32611843747684, 94.75460615047652, 94.23687594243005, 92.88247136440128, 91.48779395401337, 91.55021093804858, 91.5288075926777, 88.91662707199714, 90.50456076446096, 90.44061349826517, 90.00991028229434, 91.80733932084615, 89.75239259105958, 87.81825919871993, 85.79988618607896, 84.32939815556858, 85.82486939312408, 84.98406826740512, 86.18648557909692, 86.18648557909692
95.74, 95.40180978785226, 94.08582348822699, 93.99356479756973, 93.54151066571326, 94.73064932239066, 95.06656524159844, 95.47573491121153, 97.14118858691467, 97.31458460684023, 98.10102308639996, 98.96981249072742, 100.10540847506896, 95.84260040126236, 95.14406494465793, 91.27411266521658, 91.62364025012353, 93.03517517245598, 93.04649989734646, 90.01138144106699, 89.99345087799813, 91.58294933553174, 90.32972601943476, 87.90641570002265, 87.24425341955325, 87.24425341955325
94.94, 94.09092815213039, 95.3256318621907, 94.9409569062499, 94.05287676049487, 91.7887507374154, 89.74855331290192, 89.7950170901005, 89.36658399380718, 87.93493504346706, 87.16877861729085, 87.61066025484392, 85.8358743991769, 85.80983901329766, 84.31369739456835, 84.75618479052292, 85.88922846168357, 84.50371598688248, 84.52382558249198, 85.8926009680988, 86.70002507982323, 88.33567415108102, 85.83012210633056, 84.98406826740512, 86.3286104970905, 86.3286104970905
95.41, 94.7559138714013, 95.21525975250667, 95.52398410115829, 93.82162505309819, 95.62362238208485, 94.38243401414387, 94.1151486894666, 93.83191049722234, 94.43932228058719, 88.1125510856184, 88.89826350646888, 88.70893760494465, 88.15211143737136, 88.71924562981944, 87.83374193752185, 85.33837503022554, 84.50371598688248, 84.52382558249198, 85.8926009680988, 84.73326827916155, 84.32939815556858, 85.82486939312408, 85.88828913749074, 87.74616923570356, 87.74616923570356
95.97, 93.47600753133786, 94.01379905467549, 90.0772639648, 86.02576158886527, 85.63849737708705, 85.98356198044561, 85.2399717814472, 84.10845337987462, 85.25911298499855, 85.67588852209451, 86.3902708039405, 87.0201028413311, 85.63425183339767, 86.31328084379852, 86.12027423015226, 85.88922846168357, 86.71307008038893, 88.10349641304276, 86.68729176217681, 84.73326827916155, 84.32939815556858, 85.82486939312408, 85.85533433513747, 88.34951594769625, 88.34951594769625
96.43, 95.97518906950509, 96.86906342176957, 96.73961233763902, 97.29451139021309, 99.94264426128719, 98.38158065891517, 98.34283200955062, 100.21347083911081, 98.00249917912988, 94.89828093734425, 96.34766877220095, 97.75884984832533, 95.68593592362559, 95.46096852156856, 88.76647301565612, 88.09144271849624, 88.17131892612473, 89.81721109613397, 86.67668280647663, 88.25715179300055, 90.31846489823445, 90.69944243163111, 91.96875665301373, 94.21851103817079, 94.21851103817079
95.45, 94.24556252492629, 92.62023825520765, 89.08651540772279, 87.30686944089241, 85.46900339332993, 85.48961899980043, 85.4829156262004, 86.20684652641312, 86.85687972032764, 85.67588852209451, 84.17834927434514, 85.00796617836136, 85.81502052580596, 87.11739665583866, 86.65901824099919, 85.88922846168357, 86.63270480810729, 86.24611730650204, 85.8926009680988, 86.87402137887496, 86.71557697709316, 86.35795969211291, 87.85522167756122, 87.8496795490238, 87.8496795490238
97.82, 96.67933181288156, 95.80651353904155, 95.47386886388615, 93.8209430134797, 95.6153276978352, 93.03282225824186, 92.54296622093504, 90.30420466994835, 86.62284898405323, 87.40959646417112, 89.67838622855533, 89.11809366418579, 87.41365433820735, 89.10741279416621, 90.1194406647461, 89.00516631161892, 84.50371598688248, 84.52382558249198, 85.8926009680988, 86.04727015137905, 84.32939815556858, 85.82486939312408, 84.98406826740512, 85.08743628107791, 85.08743628107791
97.78, 97.94624589487142, 100.12733469808047, 100.82140187947095, 99.64425524498566, 95.05255554215448, 93.59591495943326, 89.576993758864, 90.69504693652011, 91.72938047906221, 90.04527763974141, 88.20267070329483, 88.4769904280862, 88.08979813849136, 89.32286632018541, 90.84731913048101, 89.49346294656415, 90.79628458871267, 88.06688185616012, 85.8926009680988, 86.28727110128287, 84.32939815556858, 85.82486939312408, 85.06718095647838, 86.01213090336798, 86.01213090336798
94.69, 96.26594805057739, 94.01578830505827, 94.78047019682064, 96.01553875082939, 97.4930500269593, 98.38060593064586, 97.17847894121591, 98.59937656555418, 99.45148470717649, 99.26967705214321, 100.81989118251907, 99.50484336702759, 98.96041192980805, 100.05381683963608, 99.79411016563944, 98.56495552919331, 99.40699440638386, 94.22065542042937, 88.98137281217275, 88.59441778880367, 89.90551172380029, 89.76570326835953, 89.19457085058677, 84.18839048711607, 84.18839048711607
97.28, 95.5257060516135, 96.78055203387213, 93.90259874759799, 88.60313130355615, 89.62314010932089, 85.48961899980043, 85.4829156262004, 84.10845337987462, 85.25911298499855, 85.67588852209451, 84.17834927434514, 85.00796617836136, 85.81502052580596, 87.02018882255327, 84.75618479052292, 85.88922846168357, 84.50371598688248, 86.50797809046291, 86.18983708878783, 87.7459125409016, 90.05359843684434, 90.37076859083344, 91.62491686597792, 86.76690429566446, 86.76690429566446
95.41, 94.60316795868285, 96.09472152514947, 95.1162650381538, 90.14197769384664, 89.38586663457117, 88.06922815093705, 88.02744513670993, 87.13756600755588, 86.50087274137194, 85.67588852209451, 85.81432143463523, 86.41235920216312, 85.81502052580596, 84.31369739456835, 85.67386611198913, 85.88922846168357, 86.92512766412439, 87.03934570713851, 85.8926009680988, 87.66670584804385, 88.88004318153475, 86.02359780553384, 84.98406826740512, 84.18839048711607, 84.18839048711607
95.52, 94.7587844730765, 93.52220286062663, 93.33279251677139, 93.55219892145399, 95.66120249847553, 95.76453126841027, 93.81253265771419, 91.03047354215337, 89.97741151505741, 90.08252987150445, 91.7444408621215, 92.33257268998914, 92.59532720886432, 90.03840758613525, 88.37039522437426, 86.87982035252361, 87.70566668974999, 89.80391454261893, 85.8926009680988, 86.20993770961391, 84.32939815556858, 85.82486939312408, 84.98406826740512, 86.39550563852585, 86.39550563852585
96.58, 94.30401245683409, 93.44563198277143, 93.6077086247694, 93.32587629604447, 94.07802170973854, 89.8739092199371, 90.73964557205817, 87.67606528461604, 87.1718761146451, 87.00205367754717, 88.62839266124918, 87.53934695821216, 86.81040268942881, 87.90720167393482, 89.44054035231619, 87.13201112322652, 87.76102973383381, 88.5455851931006, 85.33891743502534, 84.73326827916155, 85.99196857009026, 85.82486939312408, 85.43806046282785, 86.91848063779625, 86.91848063779625
96.89, 89.51511776339291, 90.5211740830767, 88.91701943744421, 89.88213730221814, 90.8870046074226, 88.82660728238399, 85.4829156262004, 86.17229152833183, 85.25911298499855, 85.86058661742884, 87.2448921218405, 88.3382479547074, 85.81502052580596, 87.43514370306514, 84.75618479052292, 85.46905844490674, 86.95959676926545, 86.55222587863832, 86.10598608476079, 86.32997796638493, 84.32939815556858, 85.82486939312408, 87.06478263905885, 88.69272035456383, 88.69272035456383
95.27, 94.38644603433863, 94.05508644150389, 89.86912998651857, 86.29458527220957, 88.31572261538386, 87.41341448737488, 86.43848057765511, 87.21496737534181, 86.69996378275178, 86.3213298147381, 84.17834927434514, 85.00796617836136, 85.70879477503202, 84.31369739456835, 84.75618479052292, 85.88922846168357, 85.95706337544985, 87.11947492476048, 85.26828311792416, 84.73326827916155, 85.73402711055678, 85.82486939312408, 87.24776411045251, 84.18839048711607, 84.18839048711607
95.82, 95.2386530019373, 94.61231307130754, 92.88737257561073, 92.6267467905315, 94.46893532244681, 92.73236686973962, 93.60527738222365, 94.79933060163576, 91.6697197041195, 86.73072650595158, 89.00055385579789, 86.89643910863761, 86.23411144050911, 87.16803448271314, 87.35789561216568, 86.57317747785497, 84.50371598688248, 84.52382558249198, 85.8926009680988, 87.22389644015831, 85.4469811473746, 85.82486939312408, 85.68502047427589, 87.52876367963573, 87.52876367963573
96.36, 97.09328501200552, 98.3314642223622, 96.66825072469052, 96.28848142070689, 94.75855676451896, 95.1584832367354, 94.70494701084017, 93.69690062350831, 92.24621793626926, 91.66287112900625, 92.16339290977946, 91.07349275685569, 88.70898235358275, 90.02313654037337, 91.32420152673946, 88.9909527874794, 89.1454824891042, 90.75683348181626, 90.51706318216884, 90.214791749188, 90.96799384864838, 87.98427214247478, 84.98406826740512, 86.9889942895739, 86.9889942895739
97.35, 97.27637441163147, 97.0387590063565, 95.26259730285085, 94.98169146031928, 97.23043227658917, 97.60782779297118, 95.3309544333735, 95.53214408848423, 95.962868108076, 96.12175035922924, 91.38411756853228, 85.00796617836136, 85.52995168581832, 84.31369739456835, 84.75618479052292, 85.88922846168357, 84.50371598688248, 84.52382558249198, 85.8926009680988, 84.73326827916155, 84.32939815556858, 85.82486939312408, 84.98406826740512, 87.05316228112952, 87.05316228112952
95.62, 95.67174516458994, 94.45027464421196, 94.24025100972321, 93.43846006729217, 95.34978081695782, 94.83527275337114, 95.1764087791238, 97.06446205610357, 95.76853374094979, 96.40028110136328, 97.69788784871388, 98.8595259227232, 99.17306985632224, 100.8251284046041, 102.64283583606417, 98.41323077736813, 99.45458936217517, 97.58450316608314, 97.89885280423623, 99.41386848309645, 95.77853275951188, 96.04407207912256, 96.32614326860352, 95.43256299175326, 95.43256299175326
96.07, 94.73586859201892, 93.59774773077861, 94.05145121141807, 93.65792965360848, 92.31589482244618, 92.06639205138059, 93.12759262757515, 93.0189301515845, 91.79679985650928, 91.86091752149844, 93.46743499232478, 91.28698114669226, 90.38667408917608, 92.47384606360093, 93.55843888582503, 93.68426951201475, 95.74376191294716, 96.95103179233006, 96.36136431445371, 96.37849186110941, 96.55167928915726, 95.29816287703702, 92.65942655765477, 90.45276539566389, 90.45276539566389
96.33, 95.00408014187106, 95.80973005920939, 94.64785002263415, 86.23828306910671, 86.92940453457079, 85.48961899980043, 86.72245733964654, 88.00356948246704, 86.61381291477922, 86.81660298612469, 88.72335357934345, 90.29170363675911, 89.25456424627994, 89.96791734935954, 90.26804010629334, 87.30296719314605, 88.7360590145124, 89.36965087040556, 89.81116619617106, 85.96802647283397, 85.96281529883017, 85.82486939312408, 84.98406826740512, 84.18839048711607, 84.18839048711607
94.75, 94.12192010864474, 90.17735806193873, 87.5169053418449, 85.25147394837903, 86.60773130766398, 87.43580735071622, 85.4829156262004, 86.06475270891532, 87.46294852571258, 85.50346175302933, 87.15723929755342, 85.00796617836136, 85.81502052580596, 87.6793733341688, 89.13709374982098, 85.88922846168357, 86.72383583577786, 88.7948539543956, 85.8926009680988, 85.4867046191718, 85.28831060191905, 85.82486939312408, 84.98406826740512, 86.36599497172739, 86.36599497172739
95.94, 96.58066123872368, 97.68751635063178, 96.5776472866877, 97.11711624275938, 96.89293484746011, 94.5976798628331, 94.68757991815143, 94.59425065672141, 93.6819449183814, 93.13998926411755, 94.7416337019031, 91.9031901097331, 92.12044427075017, 90.11595991618556, 91.00247770155003, 89.25123700960788, 90.8841917338662, 86.25965383455207, 85.8926009680988, 87.35521600686931, 88.97768402964546, 88.2508628708419, 87.64172673603711, 88.24598493098331, 88.24598493098331
96.62, 97.46986899103524, 98.16923042640344, 96.81224013661232, 97.35956042357054, 97.63563056539009, 97.48751438947058, 95.86206312424058, 97.73375892068846, 93.4931391454, 93.49784813958524, 95.64001978087256, 92.32379631504914, 90.77724715497608, 92.43332620936057, 92.90673160551934, 92.13249483141756, 91.12107771305834, 92.12613579445797, 86.7396264172111, 87.82836135446773, 88.89269912806152, 87.95556910885665, 88.60161672151561, 90.62902540663022, 90.62902540663022
96.1, 97.08691182037909, 98.82362662321411, 96.5649830336811, 94.09439558256167, 95.23271103184004, 93.30356684373585, 91.87467266403073, 89.11417553653928, 85.25911298499855, 85.67588852209451, 85.33780691418326, 85.00796617836136, 85.81502052580596, 84.31369739456835, 85.05598331871357, 85.88922846168357, 87.55273513176778, 89.56671752178951, 89.39777520681506, 89.17542829739945, 88.74410758464263, 88.35278570095147, 89.25963042170532, 84.18839048711607, 84.18839048711607
94.93, 92.62028691330497, 93.29592995372234, 92.05011731432543, 90.41326365944498, 90.98245147646614, 90.07183608868829, 88.06106524814984, 89.06859707950531, 88.31157098838476, 87.91330986782715, 84.17834927434514, 85.00796617836136, 85.81502052580596, 86.93360078875521, 88.43498960184618, 85.55428330974448, 86.85278901983136, 87.55719470907616, 85.8926009680988, 85.62096058281979, 85.94343076622835, 85.82486939312408, 85.9240110990815, 84.18839048711607, 84.18839048711607
95.08, 94.88111836720661, 95.91098623677982, 94.01334959045303, 91.07897342398665, 91.5269459025544, 88.75845502449866, 87.445867487972, 86.16973176597784, 86.91296700482411, 85.67588852209451, 84.17834927434514, 85.00796617836136, 85.81502052580596, 87.1979690892881, 86.45728747722126, 85.37620583110974, 84.50371598688248, 85.59618899939704, 85.8926009680988, 84.73326827916155, 85.58323114182875, 85.82486939312408, 87.47308340868001, 86.47112777866182, 86.47112777866182
96.79, 97.77116157486475, 99.76414031894573, 100.64236559219844, 97.45355070054373, 99.27967388016027, 99.18104031620479, 96.24762851019213, 97.78366991586589, 96.0090214809197, 96.67279389450391, 97.83590297615913, 97.82929414804983, 98.32437139304167, 96.7461996497332, 94.5054979413847, 94.45545881672533, 96.28929695387619, 92.70916603634102, 91.79118082664137, 91.31541590084417, 92.26997675810561, 91.23259847108731, 89.75715710069225, 91.1612423338873, 91.1612423338873
96.44, 94.32670091321104, 95.17653546606944, 93.18583575353412, 93.51078641945973, 95.39232266530223, 91.71681147066984, 92.50487995366072, 93.26057546736251, 91.94630216818214, 85.26646819572377, 85.2840296468474, 85.36385249965464, 85.81502052580596, 84.31369739456835, 86.03179788649969, 85.88922846168357, 87.11392932299344, 86.58015973420473, 86.8247243243498, 84.73326827916155, 84.32939815556858, 85.82486939312408, 85.77384207624523, 84.18839048711607, 84.18839048711607
95.93, 96.65365516750236, 93.18094761779224, 91.65081530636267, 92.99211743576659, 94.27458848965472, 93.77671008224932, 92.4221703397672, 94.4583910159792, 93.72867909773518, 91.64273341025563, 92.36655459158304, 92.69587990382163, 91.48517968794536, 90.64815325777043, 92.01452750679374, 90.33784318482105, 92.30451345399604, 94.12544391129173, 92.17876007998653, 93.4596933652224, 95.15192284827377, 93.55904818278908, 93.56515776613614, 92.54774937639827, 92.54774937639827
96.03, 92.1744267614713, 93.99946857349634, 91.34258290683584, 89.6093890679575, 88.37326647875933, 87.60317415961822, 87.90247152532096, 84.10845337987462, 85.25911298499855, 85.67588852209451, 86.86799937010086, 85.00796617836136, 85.81502052580596, 87.51996835516512, 86.04414312429229, 85.88922846168357, 85.27313154772166, 84.52382558249198, 85.8926009680988, 86.25853471407378, 85.88866660396226, 85.82486939312408, 84.98406826740512, 84.18839048711607, 84.18839048711607
95.57, 94.97420859662832, 95.76546050970867, 85.61792051061072, 85.25147394837903, 84.10957757803895, 85.48961899980043, 86.273303432181, 88.44708861376685, 88.24472671425285, 86.80174546722381, 87.01051356897521, 87.54300007806557, 85.81502052580596, 86.90326372117197, 87.01004337521114, 86.19677162240183, 86.42963612743978, 84.52382558249198, 85.8926009680988, 85.91669017953757, 84.32939815556858, 85.82486939312408, 85.29404282811088, 86.16428150436117, 86.16428150436117
95.66, 95.6310126599914, 95.2983967964463, 94.43655685137279, 95.3152439248026, 90.74541554612695, 90.04644560369726, 89.63542186648755, 90.21450143840906, 91.03802238112993, 86.75760933828435, 88.73841231129876, 87.260407075662, 85.81502052580596, 86.92653287876382, 88.20983435714386, 88.05719142264667, 88.90506024007857, 85.74115411395921, 85.69805920525866, 85.61736896803139, 84.32939815556858, 85.82486939312408, 84.98406826740512, 84.18839048711607, 84.18839048711607
96.2, 97.69266007340394, 99.06419878286196, 94.47836129699387, 92.27321401595152, 92.53833811535499, 92.14133708147105, 89.81320380945876, 92.01054647386339, 90.02195808186924, 89.2243324036161, 91.23783143379421, 90.45707939435414, 86.74685314775216, 86.7595811649277, 85.02103192793695, 85.88922846168357, 84.50371598688248, 84.52382558249198, 85.8926009680988, 86.6441036522379, 88.0719832994139, 85.82486939312408, 84.98406826740512, 84.18839048711607, 84.18839048711607
95.78, 94.51768832817639, 94.4603424474942, 89.29146796879911, 88.42353401934501, 89.92522282369772, 88.80647720893944, 86.9916557600766, 88.94810891795679, 86.85827102040619, 86.30450862131298, 84.17834927434514, 85.00796617836136, 85.81502052580596, 84.31369739456835, 84.75618479052292, 85.88922846168357, 84.50371598688248, 84.52382558249198, 85.8926009680988, 85.15712441206836, 84.32939815556858, 85.82486939312408, 87.39948701696308, 87.41719283026708, 87.41719283026708
95.61, 96.28493080429884, 96.65621884986118, 96.76079493521136, 94.13240916378729, 93.26564060735186, 90.1558316256909, 90.46746729628305, 90.67515803464478, 86.81294247848176, 86.97829182493221, 88.18520404832925, 87.01700866723654, 86.66717470567427, 85.40219124618307, 86.64435846915363, 85.77795639308177, 84.50371598688248, 84.52382558249198, 85.8926009680988, 86.75867000954692, 86.99857356303411, 85.82486939312408, 86.27389362617303, 87.29242188442328, 87.29242188442328
96.76, 92.3162023702033, 93.63229409403867, 94.48944364959107, 94.94870879138557, 96.30631531656898, 95.07009419810275, 93.74027686439044, 92.24402600856209, 91.55299684701228, 90.97208789787547, 90.8339917094363, 92.48784225739327, 89.21484953896206, 90.76025710703533, 92.42312365046105, 90.53497079990079, 90.63597735502616, 90.24397844633002, 91.08959627086003, 89.76548034137643, 90.39057486854325, 87.86186687005699, 85.26996851753677, 84.18839048711607, 84.18839048711607
95.52, 95.45727991108782, 95.90346736883943, 95.10061886244199, 92.89375141429238, 94.5226034621173, 93.20214701989265, 93.91833738652939, 95.40687752087757, 94.68050571392887, 93.86341062261405, 88.46368847975778, 88.53244267794528, 88.58226260069645, 84.31369739456835, 84.75618479052292, 85.51350800543842, 84.50371598688248, 85.41007558392366, 85.8926009680988, 84.73326827916155, 84.32939815556858, 85.82486939312408, 86.81996202233556, 88.77410524353228, 88.77410524353228
95.3, 93.02163281261237, 93.9469769634201, 94.02552264169073, 93.08550403465195, 94.0898377331532, 93.0139195589262, 93.78430561651756, 94.05204617862552, 92.2616446565638, 90.3246862175557, 87.66845206601836, 85.00796617836136, 85.58829907769429, 87.57699281233964, 88.20779008487267, 85.97271102032725, 87.54348252588971, 89.34612839436278, 85.8926009680988, 85.21231897352324, 86.4137053062034, 86.77629845262756, 86.44548160080141, 85.52849073334218, 85.52849073334218
95.76, 96.99764403574939, 96.50015011542216, 97.49546575275627, 94.71503755733151, 95.19571903620859, 95.58826067397938, 96.03709098654654, 97.90834084768638, 98.92560011397872, 98.58395418278818, 98.28483158135954, 97.60910403644283, 97.8435610430267, 98.69855015821118, 99.92815741646399, 95.10436242438192, 88.29458280175872, 86.75600863884826, 85.8926009680988, 84.73326827916155, 85.482822275371, 85.82486939312408, 84.98406826740512, 85.71208646494065, 85.71208646494065
96.04, 85.0, 84.18163231585689, 85.68112224577713, 85.25147394837903, 84.10957757803895, 85.48961899980043, 85.4829156262004, 84.10845337987462, 85.25911298499855, 85.93631153924176, 84.17834927434514, 85.00796617836136, 85.81502052580596, 84.31369739456835, 84.75618479052292, 85.10754706725363, 84.50371598688248, 85.43974262732935, 85.8926009680988, 87.05374617522166, 86.98587236391946, 85.82486939312408, 85.6386977485872, 84.18839048711607, 84.18839048711607
95.07, 92.80512924618009, 94.30681560101984, 94.22942541777907, 92.40287331836781, 92.69226946673162, 93.02352228798159, 92.93554893504898, 84.10845337987462, 85.25911298499855, 85.67588852209451, 84.17834927434514, 85.13053195641635, 85.44285043188007, 87.11482283184466, 85.99796508030305, 85.88922846168357, 86.99239291323526, 88.33993424984467, 88.26051841942719, 88.21558347220441, 86.69812670434197, 86.14404011007129, 84.98406826740512, 86.55586471700843, 86.55586471700843
95.5, 95.94985426074578, 96.95455382914578, 96.64430937419951, 95.53310261637715, 96.59471615452419, 93.51062324994115, 90.45574826510246, 92.28533385945849, 91.96089790795892, 92.08225718031123, 92.62848166627099, 86.4338912327878, 85.81502052580596, 85.5492489131065, 84.75618479052292, 85.88922846168357, 84.50371598688248, 84.52382558249198, 85.8926009680988, 84.73326827916155, 86.78829880949945, 87.3452016371404, 87.52829944332478, 88.37099849404343, 88.37099849404343
96.03, 97.37290196195823, 96.63642713904949, 90.4487722249998, 86.46320215255908, 87.87163983525447, 87.77815245205544, 86.88758815313184, 87.5247160318181, 88.56710498951361, 87.45401014028815, 84.17834927434514, 85.00796617836136, 85.6586797951919, 84.31369739456835, 86.05877009087196, 86.40642320649032, 84.50371598688248, 84.52382558249198, 85.8926009680988, 84.73326827916155, 85.46660012932452, 85.82486939312408, 85.69824801612837, 86.39146102648297, 86.39146102648297
97.41, 96.07745132530701, 97.24831857544974, 97.42868781575048, 97.30676147437411, 92.0018017841833, 91.34798508387107, 92.60723655963842, 91.75599038952073, 90.9682007661586, 91.09431201810743, 91.85965381306723, 91.12008521417799, 89.51147724861104, 85.18960495413059, 86.47619843459672, 86.86531819961922, 88.8045096312774, 89.89413121525887, 88.06134717291637, 89.13695088730877, 90.86768214214224, 88.92426015236666, 90.58440087859032, 88.88485871016132, 88.88485871016132
96.61, 94.39514093853893, 95.12744203978978, 92.63243257788287, 92.933344319429, 94.97874416764365, 94.53876608279829, 95.2040174834349, 93.04642749852606, 93.54423731966642, 91.90890521499719, 93.45379992765537, 90.2361484103822, 88.92505998225549, 88.22759462625906, 89.18328055493951, 86.23079848404991, 88.42109013417993, 89.35631056089127, 85.8926009680988, 84.73326827916155, 85.1413530336448, 85.44894009734288, 84.98406826740512, 85.81127389227197, 85.81127389227197
97.41, 97.3586837936365, 97.47653291913565, 97.32477110215814, 97.28334992749856, 97.36853918805558, 95.68316864875571, 95.33370944467251, 96.72098025488003, 96.22054460353283, 96.17829816395844, 97.97977603102778, 96.25995759404321, 95.76181430030448, 98.06612695748555, 98.5336093444971, 95.46615585760021, 90.22138217558269, 89.61999027584699, 87.31425492188623, 88.26180541559741, 89.98406939872518, 86.91720744656634, 88.53322899156117, 88.0839419708182, 88.0839419708182
95.48, 92.33534565474038, 94.33431149019744, 93.76095237300481, 94.15991275474981, 95.59385458651295, 95.52170675534823, 94.82927586884918, 93.31204324897155, 94.51646441810192, 93.61427453599622, 94.55551983585985, 94.87477277215571, 93.76302645146448, 92.26272922858944, 92.84569426324215, 90.88152485960312, 91.27994044040364, 89.20134556942698, 87.88569129919581, 85.28003069646674, 85.08759925531736, 85.82486939312408, 85.52999795303066, 86.47454893845082, 86.47454893845082
96.58, 92.48500435055549, 92.07665486423315, 90.99646146076076, 89.74815358636688, 88.67728302383493, 86.33289614317259, 85.4829156262004, 86.77997683463339, 86.42640231944628, 86.9603495039381, 85.06494204664365, 85.00796617836136, 85.76775390818497, 84.31369739456835, 84.75618479052292, 85.88922846168357, 86.69321892576637, 86.98811426144343, 86.32046085584845, 86.02434171730549, 86.70464176006507, 86.122179007359, 84.98406826740512, 85.48201299435047, 85.48201299435047
96.32, 95.38594139309191, 95.62632279282555, 92.40275888616807, 93.5075492788334, 92.1575137452426, 91.41194233975037, 91.83918860839253, 94.4052062970905, 85.90186400227228, 85.17158904311783, 86.00526469531225, 87.09992490317929, 85.51171839784585, 87.10853575249033, 87.17753946464964, 87.34307426698919, 88.07430045195545, 89.9035610766432, 87.14071933658873, 88.26748996534019, 89.02661553876109, 88.17579511499628, 89.74123768322556, 90.78596542077908, 90.78596542077908
95.51, 94.72884688698562, 93.15435983365049, 93.51736732561564, 92.94951035977508, 94.08028889097814, 93.29744907982484, 94.12028006458948, 95.9789127182071, 95.24443766907443, 90.9971390813001, 92.8206469183299, 93.21956787678982, 92.57786287571372, 94.01337286559688, 90.65158751945255, 86.60550180634239, 86.51290737562222, 87.86625886368327, 85.62402538064296, 86.45848466179392, 87.76487272620476, 85.82486939312408, 85.39892930627106, 84.18839048711607, 84.18839048711607
96.79, 94.61605806686049, 94.34357548388337, 92.8103297819299, 88.46444086522224, 87.45198009013635, 87.6263133369241, 86.3156258845173, 87.94114061770442, 88.70359861548052, 89.1439407349342, 89.03434052109384, 88.4151657784334, 87.00077050566283, 84.31369739456835, 84.75618479052292, 85.88922846168357, 85.75617797674424, 84.52382558249198, 85.8926009680988, 84.73326827916155, 86.19106610867419, 85.82486939312408, 85.07544933161948, 86.63729197508418, 86.63729197508418
97.7, 92.53007727290267, 84.18163231585689, 85.68112224577713, 85.25147394837903, 84.10957757803895, 85.48961899980043, 85.03702790204007, 84.10845337987462, 85.25911298499855, 85.0897074373014, 85.68686501604236, 86.46630589317246, 85.31560688939625, 84.31369739456835, 86.08607636093744, 85.88922846168357, 84.50371598688248, 84.52382558249198, 85.8926009680988, 87.78839538519618, 88.88315091468716, 85.95430057328078, 84.98406826740512, 86.17422927682553, 86.17422927682553
96.26, 97.63008721334647, 96.2814575808723, 95.02284138815976, 93.64847828688089, 94.88177571262656, 94.44388066726839, 95.60310115282367, 94.9868652363087, 93.54730117710083, 94.23008902794446, 94.61862305230734, 94.14805320640289, 93.0287871567923, 92.40101271135485, 92.68235698141905, 91.3108616986768, 93.28417832910115, 95.31764346238559, 95.66770968389078, 90.48066761730135, 90.95133761981009, 89.42750159838154, 86.5422892197671, 88.34939393472321, 88.34939393472321
96.16, 97.53985103486002, 98.83631572527399, 96.97044504043484, 95.72243739977067, 96.18395811335633, 95.36124248518315, 93.64988402824758, 90.76010641891689, 91.44587746849082, 92.0054316392601, 91.3333105992968, 91.86996632171385, 92.1973727455389, 90.88415892831698, 89.61373582663414, 85.64402903892605, 86.43159881925173, 86.39283615008813, 85.71066101819218, 85.41322749625385, 85.97051695284033, 85.82486939312408, 85.09335127167782, 86.1308769019762, 86.1308769019762
96.49, 94.68848227525558, 91.80851457131524, 92.07565750172479, 92.91228523572579, 94.44350029298042, 91.48379846262893, 92.07035021856152, 93.52603051252098, 92.78340822222064, 91.43744995015294, 93.73545864281502, 94.53268326812868, 93.1176354814181, 93.66951716067808, 92.76952717351908, 93.32751580661652, 92.80948969122521, 91.49463674966303, 90.48090226141805, 87.3131808007472, 85.801571473341, 85.82486939312408, 85.42460710686666, 87.35054844198228, 87.35054844198228
95.58, 93.47415645406124, 92.17015531405677, 92.62587621800752, 90.41961142718414, 91.40721190672645, 87.7532058397348, 87.42273432238089, 88.42353998011228, 88.63479386204688, 88.97691574134927, 90.59100030649947, 88.28133802710498, 88.39364533547898, 89.43030570420368, 87.19046740593964, 86.82513295195112, 85.8694232378035, 84.52382558249198, 85.8926009680988, 86.56588194321174, 87.9065972441215, 85.78941649483822, 85.65998146965731, 87.80151766017545, 87.80151766017545
95.67, 90.28677745741446, 92.42414515571411, 92.30971436571177, 91.12949386043145, 87.95969209711757, 88.71120087319231, 87.12339319679333, 85.86822406203727, 85.25911298499855, 85.78070755859022, 86.4750184021548, 86.49121051098558, 85.81502052580596, 87.5113644391816, 88.75541118087241, 89.0538332373562, 90.19718812711547, 89.87101669020988, 85.8926009680988, 86.47859513593427, 87.92905201433808, 87.03249827421116, 86.3172444672313, 87.06257956051957, 87.06257956051957
94.75, 95.25207346118773, 95.7676940337358, 89.18715203645579, 89.28936005128277, 89.18080217013257, 85.48961899980043, 85.4829156262004, 87.56726801431694, 85.25911298499855, 85.67588852209451, 87.40379109535549, 88.4901776181923, 88.6427794493089, 88.4004010700618, 89.55284696591855, 88.40204623807801, 90.13414653022355, 91.3219808579027, 91.14080428843388, 91.70831848542925, 89.88615253633587, 90.12416594639312, 87.9206192939397, 88.03160881043245, 88.03160881043245
97.65, 98.34276545494019, 100.55912576790469, 100.46818036769352, 100.76072956938444, 99.79411285360867, 98.8118850681576, 98.84207709442275, 92.75029366837148, 92.58363788561535, 91.78898934364263, 92.35943041301644, 94.04970341242162, 87.71825972358738, 84.31369739456835, 84.75618479052292, 85.88922846168357, 86.46637393625319, 84.52382558249198, 85.20423106342507, 86.16141767160401, 87.45320994968156, 86.7661354621115, 85.65224650046294, 84.18839048711607, 84.18839048711607
95.95, 95.29469918202635, 93.93284802508022, 90.31088145831127, 89.5401728984065, 86.10465151886055, 85.5616659933907, 85.40549755620668, 85.39334052830888, 86.624113213084, 85.67588852209451, 85.91455076222675, 85.00796617836136, 85.5198883465629, 86.01468117128398, 85.91942114254269, 85.88922846168357, 87.07966064049675, 86.24945849960153, 85.8926009680988, 87.68163431232963, 89.12397350464099, 89.37714156313429, 88.97597027212403, 87.93190023525239, 87.93190023525239
95.49, 96.40187387527747, 91.93990562906342, 88.81741104193937, 85.25147394837903, 85.30865991860874, 85.48961899980043, 85.4829156262004, 87.91008496582262, 88.38499313323388, 86.13346395658672, 88.16528243623416, 85.22408660356189, 85.81502052580596, 84.31369739456835, 84.75618479052292, 85.88922846168357, 84.50371598688248, 84.52382558249198, 85.8926009680988, 85.20964011740931, 84.32939815556858, 85.82486939312408, 84.98406826740512, 85.68366854209289, 85.68366854209289
96.02, 96.06014270998247, 95.61457759634943, 95.99709467116669, 94.15163225614897, 93.74254423331958, 91.34695780032366, 90.73304454272936, 92.16995375110923, 92.8331312253365, 88.26556345554533, 84.17834927434514, 85.00796617836136, 85.81502052580596, 85.2909744390668, 86.21538251874284, 85.88922846168357, 86.45125852419785, 88.03927628158633, 86.52385314781394, 84.73326827916155, 85.0973556192885, 85.30001491614482, 86.46882409476517, 85.72077616325208, 85.72077616325208
95.7, 93.4832887701341, 92.61581941515111, 88.74988520126881, 89.5670698501322, 90.52628529080269, 85.48961899980043, 85.4829156262004, 86.54019463420073, 85.25911298499855, 85.13358128217067, 87.20487753033909, 87.00893409708168, 86.38428336709637, 86.78279185772965, 84.75618479052292, 85.88922846168357, 84.50371598688248, 84.52382558249198, 85.8926009680988, 87.25259632940124, 87.738620356956, 85.38374299613683, 85.29920389149329, 85.4063646779413, 85.4063646779413
95.9, 96.90197205255377, 96.93407452651645, 95.68651096838406, 95.55950140603137, 95.68282661180744, 94.7394151444789, 95.83717419144558, 95.89202305821364, 94.16268636867416, 91.82467771972286, 93.43267173251174, 92.62805377488772, 87.92574460041735, 87.95824403174686, 88.18009499189627, 85.77993546006023, 86.69649005601535, 87.90940174846776, 86.95230916995035, 85.33522285724334, 85.21872237766225, 85.82486939312408, 86.34178110437747, 88.59442705910323, 88.59442705910323
97.31, 98.85362687380113, 99.80281353101049, 98.53293579129242, 99.69143298253267, 100.52764494894551, 97.15042766509963, 96.25325379416724, 85.17331738434156, 85.25911298499855, 85.67588852209451, 85.6297709557299, 85.00796617836136, 85.81502052580596, 86.68192988392053, 86.14428864387462, 85.88922846168357, 84.50371598688248, 85.04140106632981, 85.8926009680988, 85.38440911015749, 85.77673412700676, 86.19510275612414, 84.98406826740512, 84.18839048711607, 84.18839048711607
96.01, 95.66160050737012, 92.71807713716005, 90.90628483276328, 87.88097161028013, 84.10957757803895, 85.48961899980043, 86.31212700696604, 88.44326392188101, 86.90621808671175, 86.54054909197288, 86.72592821971688, 86.92485348816628, 85.81502052580596, 84.31369739456835, 85.91528807459832, 85.88922846168357, 84.50371598688248, 85.00126806180592, 85.8926009680988, 85.7227249441572, 87.4363562158709, 87.18373873558988, 88.88279992263615, 89.54165101129891, 89.54165101129891
96.04, 95.55454752173223, 96.40381443519199, 92.28209781454815, 93.62133541519687, 92.50762897957004, 91.63922339171113, 92.59287741484926, 92.24263936154037, 85.25911298499855, 85.49005890041104, 86.55307170082858, 87.67674301609729, 88.28981872833565, 88.46990196076386, 87.32651620391485, 87.53806346379933, 88.33536558911483, 87.87649163821223, 85.8926009680988, 85.8150387845894, 84.32939815556858, 85.82486939312408, 84.98406826740512, 86.0387889035653, 86.0387889035653
95.47, 92.03445272718038, 91.44639250836352, 91.08101750808268, 91.23920228156332, 91.1953503392864, 91.04137375037897, 90.09306564911391, 90.29679268641527, 88.99009648619572, 89.91448573494976, 90.93032340213487, 87.9400583558301, 85.81502052580596, 84.31369739456835, 84.75618479052292, 85.88922846168357, 84.50371598688248, 86.55225922403035, 86.23277304957604, 87.8656831243476, 86.59222029721917, 85.61343061565661, 85.23159018491725, 84.18839048711607, 84.18839048711607
95.97, 91.68583913262498, 89.92795155477283, 85.90602072952882, 86.057025250912, 87.63514146340843, 86.92237903252727, 86.22627293955101, 87.60310788446898, 88.07438009626274, 88.0328148570448, 86.35601048178671, 87.4163113361061, 87.52133597022802, 84.31369739456835, 85.38201974074032, 85.19489591200806, 84.50371598688248, 85.84438555024803, 85.8926009680988, 86.65546337452113, 84.32939815556858, 85.82486939312408, 85.36103794816303, 85.31499977255311, 85.31499977255311
95.88, 93.66451065315239, 93.9133152504262, 93.96731427625511, 91.03180210833159, 92.55351665469686, 91.15313702416867, 90.06792813660262, 91.37797192145464, 86.36721704175784, 86.04025225641801, 84.17834927434514, 85.00796617836136, 85.81502052580596, 87.52946664240419, 85.25472573910788, 85.31308731391117, 86.5839302060056, 87.71195579720383, 85.79740530737955, 84.73326827916155, 85.81703126552708, 85.82486939312408, 85.9765909260244, 88.35520695661828, 88.35520695661828
95.77, 93.2689186606012, 94.40299471400145, 92.9472720582389, 93.0529842621505, 87.58789031649583, 88.17014594349517, 88.85343237751113, 88.27029489845734, 89.10280717192434, 85.57406710291174, 86.33834583370567, 85.00796617836136, 85.81502052580596, 84.31369739456835, 84.75618479052292, 85.88922846168357, 87.15780100981063, 87.44770516891073, 86.34582499105156, 85.07139404108656, 85.37421365848675, 85.82486939312408, 87.32093498905132, 85.70103125403975, 85.70103125403975
96.2, 96.41331917030247, 96.80995997664317, 94.21092755992278, 91.58921852397168, 90.3958630260062, 89.06333961197252, 88.4360492360534, 90.39636410064718, 91.16420079695729, 91.82826287268475, 92.65409389238074, 85.00796617836136, 85.81502052580596, 87.23522262011923, 88.30423838455314, 87.3247948339706, 89.49352208842649, 90.85860955849117, 90.22983714143149, 90.18761053990572, 89.52934642455247, 85.82486939312408, 84.98406826740512, 86.84373212352736, 86.84373212352736
96.75, 95.88188912632367, 95.08706222871376, 94.25589820340225, 91.12389559941114, 89.41693638391308, 87.52090759418026, 88.346454629017, 87.30728992497501, 85.25911298499855, 85.67588852209451, 86.14271377911425, 86.46542949937457, 86.17813201189318, 86.10127416645328, 84.75618479052292, 85.88922846168357, 85.9314356574254, 86.46956543587791, 85.8926009680988, 86.98096997496077, 88.06482438365362, 88.32653533521854, 87.18273716753943, 84.18839048711607, 84.18839048711607
96.28, 96.52859166634391, 97.43492090922075, 94.6910636222171, 94.76903545570337, 92.42628558547382, 91.59480910279123, 89.91582860119703, 90.04825461374855, 91.23320131452154, 89.8361549396861, 91.13634022826623, 92.4924820281306, 90.71658377066564, 91.85344679279268, 89.92904004066125, 85.21436216242513, 85.84006997152977, 87.21731168191754, 85.8926009680988, 85.55475711702884, 86.96401234876393, 86.97635604666839, 84.98406826740512, 84.18839048711607, 84.18839048711607
96.35, 97.31581483892086, 97.08258600108454, 95.98426115507945, 95.67765425062524, 96.75015651566413, 91.3809450816179, 89.64641101119392, 91.47815911268721, 92.73007511172396, 90.07465654236701, 87.60147181547914, 85.00796617836136, 85.81502052580596, 84.31369739456835, 85.304706111001, 85.88922846168357, 85.12410392902432, 84.52382558249198, 85.8926009680988, 84.73326827916155, 86.16046998398811, 85.82486939312408, 84.98406826740512, 85.97883371471997, 85.97883371471997
96.25, 95.79726284822007, 96.60143596749634, 96.60368152815079, 94.59701773866695, 94.53193972859262, 92.30471672602432, 87.84567909378288, 89.1983317560289, 89.17676191725016, 88.77513909491643, 85.55450141667252, 85.39592207767585, 85.02202631069494, 85.7055525640619, 85.98830216778555, 85.12922652444666, 85.58891397705456, 84.52382558249198, 85.8926009680988, 84.73326827916155, 84.32939815556858, 85.82486939312408, 84.98406826740512, 85.41641555431136, 85.41641555431136
96.35, 97.10208313891351, 95.6567413862477, 94.7282983426147, 93.89358857710039, 94.49417515947533, 94.06756943037998, 92.44095583392189, 93.90215813268131, 94.37575705207867, 91.68661466554163, 88.50176456043995, 87.73006323107819, 87.94531856664469, 88.89872058019886, 89.53645112198649, 88.0900238445585, 89.54011149200046, 87.45903594252107, 87.07250856884694, 84.73326827916155, 85.7624808480136, 85.70507662638778, 86.98757540007847, 84.18839048711607, 84.18839048711607
96.69, 91.639977290976, 91.85439367654804, 92.07105989979611, 87.11874657847356, 85.97643813229548, 85.48961899980043, 86.01725741949038, 88.34952263200377, 89.6443732128453, 90.42305465406375, 88.03530533796074, 89.43991831472974, 88.87951480234312, 89.42473856727024, 89.49531103892956, 87.95718259349958, 90.00798009383281, 91.59753276891469, 91.49317412518548, 92.36470168607121, 94.26120880834543, 87.56535994461997, 88.15307345406146, 90.06281955366491, 90.06281955366491
95.93, 97.27689063975262, 94.56431188384333, 90.76162528109793, 90.46892997442568, 88.9454780115026, 86.16711836001271, 85.94842895568134, 86.665109035179, 85.55161096659265, 85.67588852209451, 85.43024512372382, 86.12997981256959, 85.35978393076736, 84.31369739456835, 85.46002752135827, 85.4150222436972, 84.50371598688248, 85.21689351001046, 85.8926009680988, 87.63777008343801, 85.13490920472503, 85.82486939312408, 87.20077299185601, 88.92843536450118, 88.92843536450118
97.32, 96.00819894889518, 98.36432063106776, 99.06164696363129, 97.90417898108905, 95.08623972190455, 90.09753671221503, 89.9460594359205, 91.47407849991913, 92.10347120842574, 89.39539512408835, 90.1099051045951, 91.74055006744982, 86.85853298518708, 88.08809573948098, 86.66421978958897, 85.88922846168357, 84.50371598688248, 84.52382558249198, 85.8926009680988, 86.01332141979431, 86.07125148390558, 86.17481107645719, 87.41889382629931, 84.18839048711607, 84.18839048711607
95.77, 92.0436305967619, 91.77055015775215, 90.46165609620316, 89.72540853208578, 91.83018917187789, 90.50719382170594, 90.67355698126347, 88.70672702161941, 90.02104289644467, 86.8915247897304, 84.17834927434514, 85.00796617836136, 85.07219343381126, 85.22397440971358, 84.75618479052292, 85.88922846168357, 87.12612341864417, 84.52382558249198, 85.8926009680988, 85.65015322135758, 87.45731870084829, 87.84193295879724, 86.48400919192464, 86.59708420101828, 86.59708420101828
96.23, 96.50638822604574, 97.69098218687752, 96.97860034761452, 96.83378412663144, 97.09569876757962, 97.95021723588732, 98.1553840774729, 99.64843840577966, 100.96859943291555, 100.77645043273023, 99.9853891805515, 97.12025358445467, 97.61729286090247, 97.72428545703592, 97.94302912696095, 96.93379953443167, 92.84524135084672, 92.99286692249729, 85.14153199075857, 86.17922868490514, 88.49881197075301, 88.20535439770413, 85.22200972304016, 85.9666482008007, 85.9666482008007
96.0, 96.72622406617253, 94.9379990479907, 94.64752422885569, 94.6180927876487, 92.93931217306853, 92.09786324930597, 91.26072503062115, 88.94016052817874, 89.06590502920825, 89.56890515665381, 90.33269170749949, 89.16886766448299, 89.24456263664216, 89.7734479377807, 88.46759153016511, 88.06908154509956, 89.12136072021089, 87.77122490148864, 88.25666720589028, 86.94295663094309, 89.01932704128697, 85.82486939312408, 85.03315349918017, 86.37102874131492, 86.37102874131492
96.32, 95.01280315818028, 96.69153995036389, 96.46779875792495, 94.20177262576057, 95.50657013619063, 92.73885222827441, 93.01739939935007, 92.78408469758914, 94.13869201491106, 93.1416479308291, 94.4665751192191, 93.92686039851043, 91.32329856554696, 92.94139012674182, 93.1176466527168, 92.31417527129618, 91.62478333622751, 93.74682548846289, 92.36078976899921, 93.30792951334973, 94.11408323028726, 93.45826855494519, 92.6915166205126, 93.46312729794647, 93.46312729794647
95.84, 95.66526244228878, 97.3906022296537, 96.41522852721951, 96.27496190533286, 92.54073758571809, 88.15172302114485, 85.35411311613073, 84.10845337987462, 85.25911298499855, 85.67588852209451, 84.17834927434514, 85.00796617836136, 85.81502052580596, 84.31369739456835, 84.75618479052292, 85.88922846168357, 85.3111642833585, 85.42217705403891, 85.8926009680988, 85.19589073480535, 85.0719521383427, 85.82486939312408, 84.98406826740512, 86.75904079873958, 86.75904079873958
96.15, 94.31680156831834, 95.22770248720695, 95.558127283403, 92.50600843611551, 93.38956549281265, 93.92605016429928, 89.46916222871025, 91.81433872965876, 91.41378501828756, 89.6222818459313, 90.43245116223862, 89.2040321758495, 87.40606049175071, 84.31369739456835, 85.71998518446047, 85.31688681349452, 84.50371598688248, 86.62352674259417, 85.24236097026528, 86.91718158112762, 85.12604879645275, 85.59150089292221, 84.98406826740512, 86.84310356219443, 86.84310356219443
96.02, 89.35338949788542, 90.60014032885906, 89.19802872151631, 88.95530343694435, 90.23661189042267, 89.97478829166454, 89.85107532892926, 88.87008322552032, 90.19828846065857, 85.67588852209451, 87.48679324041616, 85.75269524993483, 85.81502052580596, 86.72526247303493, 86.6305216297181, 85.88922846168357, 86.22083857562811, 84.52382558249198, 85.34103160499434, 86.9986288872843, 88.29175067367036, 85.82486939312408, 84.98406826740512, 84.18839048711607, 84.18839048711607
95.91, 97.16121417130223, 92.91702621654514, 93.40574435208997, 93.75876234965247, 93.93594272059279, 91.02518761270962, 91.74258831650207, 92.58063179142124, 91.94328116640743, 92.01610299839993, 93.53371744607246, 93.76115436895634, 90.81065662144371, 91.56568765733304, 89.30792508810131, 88.50838356464472, 90.13486464932676, 90.6646474308804, 90.17168115933151, 91.03873586331922, 91.96992386349454, 89.75644987145763, 88.48259982554019, 88.79486463281913, 88.79486463281913
95.7, 97.03162704470229, 93.85619625923829, 91.48157315319271, 92.56142192512971, 92.24851858644283, 91.59004469787325, 91.99938302237965, 92.64398924574573, 92.09045034199401, 92.49258453536393, 94.44942956812307, 92.56829056320578, 91.88428664260103, 91.79813488993726, 89.12734511111628, 89.26352496002613, 90.25600448340715, 91.21228789198683, 88.59252990400104, 88.91356049798335, 90.68358047098359, 88.33226481555268, 84.98406826740512, 85.82379799120244, 85.82379799120244
96.38, 96.07825755073216, 97.19225986243114, 96.04191062427448, 94.9321620090951, 96.21719001529772, 94.18953174211082, 93.75013033761603, 95.35905641514498, 96.44081133807572, 95.34520477588303, 97.16204955267185, 97.37106986395771, 94.76186975699888, 96.16087752244822, 94.56207997179095, 92.05173635919107, 90.74348232730033, 91.51512918329227, 88.8530870285091, 89.74972789075531, 89.75995485793125, 89.50528476416639, 87.81528805363487, 88.67712032838853, 88.67712032838853
96.95, 96.01560508428578, 95.82952124468306, 95.27620341228473, 96.55889087501515, 96.37919553321575, 97.32388235742863, 96.66971887556689, 95.0275529004639, 92.32340879664207, 91.70127140689812, 91.90000315370766, 91.71935313651501, 90.27838066000396, 89.69383316368669, 89.85387818555746, 89.40645777653806, 88.2157205748449, 87.53350677064215, 86.19088791847054, 84.73326827916155, 86.2393206278015, 85.82486939312408, 87.0123682654058, 88.63429444785784, 88.63429444785784
96.7, 93.13463703493596, 94.31120038905551, 94.03358980175635, 92.11583339585896, 93.10102194392798, 93.92607283433907, 92.4941985611771, 93.76289829085188, 88.87407356417535, 88.11731995617687, 84.17834927434514, 85.00796617836136, 85.81502052580596, 84.31369739456835, 84.75618479052292, 85.88922846168357, 87.53542177237347, 85.2225756230506, 85.53072912973181, 85.3224607535774, 85.38415986223127, 85.82486939312408, 86.60382419653301, 87.33761679715708, 87.33761679715708
96.9, 97.77366869496592, 97.83203329002548, 89.9422891150494, 85.25147394837903, 84.10957757803895, 85.48961899980043, 85.4829156262004, 86.63711804779793, 85.54107029946773, 85.67588852209451, 88.1435955127267, 87.31862069513792, 86.78894962093854, 86.5825155019561, 86.3751692136191, 86.77017007807517, 86.90290758901024, 86.386196802285, 85.47767461262352, 86.69012752020683, 85.90354031666313, 85.82486939312408, 85.67281480814752, 86.86217641160383, 86.86217641160383
94.9, 95.45787478399373, 97.24185577613329, 89.00433711426336, 85.25147394837903, 84.10957757803895, 85.48961899980043, 86.17489471725779, 88.01836133222697, 89.02698714268844, 88.01773475345657, 89.22537781692608, 89.66226251263808, 87.81629262354333, 89.69631523101546, 90.71811598766412, 90.09439656469829, 90.569321149381, 90.95869234788873, 90.79680821022248, 92.24528488465627, 92.93190548314706, 93.41601815006509, 90.41680008130994, 89.59419243454973, 89.59419243454973
96.29, 95.02728756805689, 96.13493902614961, 97.02857779716001, 98.10875866157053, 95.03136484562373, 94.6105558258113, 94.61629702527506, 95.36018200274178, 95.64855754833269, 90.97123509180072, 92.45343927992407, 88.86996091165678, 87.73731241893852, 88.78201243235394, 88.88942654394167, 86.62578875193329, 87.28711572829724, 88.30956773205153, 86.99469142766321, 86.92313488629205, 88.76596559351154, 89.51322632954248, 89.07063928798065, 84.18839048711607, 84.18839048711607
96.96, 96.55616602678217, 97.52251040268322, 94.9898726721221, 92.740679052025, 94.47062700357483, 92.75228663652204, 90.70518791619656, 92.53378888532545, 85.25911298499855, 85.70170503923079, 86.84065330444535, 87.30934019018771, 87.64292627685116, 88.5431803553174, 89.34776222299509, 86.63908669153015, 87.11904425876622, 86.99686003840374, 85.48946499438664, 84.73326827916155, 84.32939815556858, 85.82486939312408, 84.98406826740512, 86.3446568645758, 86.3446568645758
96.05, 96.43581828952165, 95.07955541210087, 95.28474046333689, 93.45010524337658, 88.90230666431248, 89.8414515951502, 87.70347654112506, 87.25367030052138, 86.66389679532024, 86.62626896338548, 84.17834927434514, 85.00796617836136, 85.81502052580596, 85.41167963700569, 85.405191135692, 85.88922846168357, 85.81642701999148, 85.76914124196142, 85.74824615606178, 86.91345350969286, 86.46100952673221, 87.35480558181489, 87.50530985871733, 84.18839048711607, 84.18839048711607
95.97, 93.13131740972048, 90.81690230985198, 85.68112224577713, 86.88211015847446, 87.51105614601065, 85.42527829475718, 85.4829156262004, 85.28955054294201, 86.22316767939148, 85.67588852209451, 84.17834927434514, 85.00796617836136, 85.01949220715412, 85.99813934407281, 87.6563657543472, 85.88922846168357, 85.94077913185565, 86.24096377336669, 85.29176535000248, 86.23263802508913, 86.44171875349087, 85.82486939312408, 84.98406826740512, 84.18839048711607, 84.18839048711607
95.29, 93.15746766182308, 94.00136721241338, 92.76470420843219, 92.63628376429088, 92.62901255633818, 88.02510384756948, 87.65899587111416, 87.67067840204359, 86.5575598122052, 85.67588852209451, 84.17834927434514, 85.00796617836136, 85.81502052580596, 84.31369739456835, 86.20885081535248, 85.88922846168357, 84.50371598688248, 86.40203554004898, 87.18953845860922, 87.2265962217508, 88.09767450312964, 88.78867174338468, 89.17443580291913, 89.16332353657542, 89.16332353657542
95.86, 89.49324216229661, 91.70569276147741, 87.69534316563745, 86.32020945690574, 88.69685232157546, 85.30461710865814, 85.61505017355395, 84.10845337987462, 85.25911298499855, 85.31413863564235, 86.3664588126307, 87.11642599160787, 85.22817354896358, 86.55552565152084, 87.0794851280991, 86.5600165603501, 88.02637313718466, 89.997151461515, 88.56339707589933, 87.89633099156947, 87.45245477759516, 86.6913486649251, 84.98406826740512, 84.18839048711607, 84.18839048711607
95.88, 94.45264495550543, 96.3916159028434, 96.06720828668135, 96.93066286371672, 97.59721295442768, 96.76344599976886, 93.99894748909742, 93.98207958051461, 94.15038813315, 94.19707951817989, 90.16902835684216, 87.03853723905438, 87.43021482257136, 87.36448958178148, 86.25306933140916, 85.79407224422339, 85.9197040414477, 85.01397125556319, 85.8926009680988, 87.02475790531503, 88.28949406386985, 85.82486939312408, 84.98406826740512, 86.87014703473154, 86.87014703473154
95.74, 93.44194038514141, 93.10151824507425, 93.57208830120295, 94.35449444499417, 92.90236459601853, 91.52480261143401, 91.13433619665872, 89.75482507491392, 89.54077574492158, 88.04603323507226, 90.21411566816495, 87.28172391835399, 85.81502052580596, 84.31369739456835, 84.75618479052292, 85.88922846168357, 84.50371598688248, 84.52382558249198, 85.8926009680988, 84.73326827916155, 86.74216732582082, 85.82486939312408, 86.00767747194305, 84.18839048711607, 84.18839048711607
96.37, 96.25822247861686, 98.25764546734406, 98.40393204887917, 97.56895865594589, 94.69659554486586, 93.47057965228035, 92.30521519716235, 94.25453460891204, 94.43359815263187, 94.217819039451, 95.49089364148132, 90.27596049546472, 86.93668288514017, 86.78300758688276, 84.75618479052292, 85.88922846168357, 85.48548821964208, 85.23536507594935, 85.8926009680988, 85.00277810456676, 84.32939815556858, 85.82486939312408, 85.23094516875086, 84.18839048711607, 84.18839048711607
96.44, 95.76080135830327, 96.24015619891104, 88.9111879267948, 86.7180738747412, 84.10957757803895, 85.48961899980043, 85.4829156262004, 86.88654852532035, 86.65724835142379, 86.52679794082158, 88.78927520696274, 89.7160250088318, 88.05497241039481, 89.31578637815146, 87.2692820293153, 85.88922846168357, 87.04947189876349, 86.7979389147222, 85.8926009680988, 87.22094901294922, 88.56927736380142, 85.54566334090472, 84.98406826740512, 84.18839048711607, 84.18839048711607
96.36, 97.31860119190313, 88.52589538820284, 86.5884926320602, 85.25147394837903, 84.10957757803895, 85.48961899980043, 85.02357838452357, 84.10845337987462, 85.25911298499855, 85.67588852209451, 85.65780798494194, 85.51571068150423, 85.81502052580596, 87.57556241483111, 87.7969878657692, 85.88922846168357, 87.90810063380084, 87.10082900119552, 87.54962497997508, 89.36564976849472, 86.7976078997684, 85.79848617509302, 85.70383999572861, 85.77483937823735, 85.77483937823735
96.22, 96.73701325219136, 96.9842059895827, 95.98273134101206, 94.29275366810234, 91.07582772532966, 89.39424615626454, 89.70920973082345, 90.95632690077427, 85.61749262240676, 85.1492704879117, 86.7367258013645, 87.39329268412486, 87.05764057913119, 87.98327429328887, 86.92312186688089, 85.88922846168357, 87.76419300211906, 89.25820138897903, 85.8926009680988, 86.1875458027899, 87.60028241728357, 87.1160819047225, 86.99862973182917, 87.21540108110128, 87.21540108110128
96.22, 93.15628006628609, 95.34122937367407, 93.74913433843145, 94.43579626614809, 93.73416587549046, 94.87572053279528, 93.57828716144911, 93.47665429399225, 85.98005707160945, 85.67588852209451, 88.03545705468053, 87.04478015822563, 86.58025043269397, 87.64621913646884, 84.75618479052292, 85.0725844948488, 87.10449104560155, 87.3513539479493, 85.8926009680988, 84.73326827916155, 86.48453813678181, 85.71950375706169, 86.95016520651268, 87.88514145527567, 87.88514145527567
95.63, 97.18374410475555, 98.66382044215368, 99.57266311726954, 99.71464589703041, 97.93824653660488, 98.1362872129411, 90.22262780872695, 89.90391761420413, 86.42922980225808, 85.38982907442451, 86.7973269300521, 86.11324418858361, 85.81502052580596, 85.59458185816439, 86.30827631551469, 85.23588378901847, 86.93525754238283, 84.52382558249198, 85.8926009680988, 84.73326827916155, 84.32939815556858, 85.82486939312408, 87.07904450651645, 84.18839048711607, 84.18839048711607
96.57, 97.7282138816132, 99.16064667388846, 95.57156052661826, 93.50484484968521, 93.56581102623117, 91.03545517455166, 90.40741135812297, 90.2006045188595, 89.72257033664377, 88.09223212753471, 86.7198956293954, 85.00796617836136, 85.81502052580596, 85.8841965348432, 87.38541665464727, 87.69198093240735, 87.94861476108619, 84.52382558249198, 85.8926009680988, 84.73326827916155, 85.90906115922705, 85.33467441876572, 85.03516929915892, 84.18839048711607, 84.18839048711607
97.42, 94.3964620555906, 95.69803803848393, 96.2422746137626, 96.3653481239165, 96.32542123306212, 90.59215800052742, 90.74615514637063, 92.12866269489523, 90.61268887549461, 89.76485630165362, 85.59860813115424, 85.00796617836136, 85.81502052580596, 87.32829881866809, 88.77969360297598, 86.62904699510914, 87.02075345241842, 86.95356751109199, 87.54678673068328, 86.55695710607164, 87.2395051216742, 85.13587072624993, 85.06610644441196, 87.2808832341502, 87.2808832341502
95.93, 97.03921062899468, 93.56605652871917, 93.04616581673581, 91.13168447656172, 92.51076012156338, 85.45389207963665, 85.4829156262004, 86.22733729798729, 85.25911298499855, 85.67588852209451, 88.0806352984962, 85.28467639061978, 85.81502052580596, 85.59651105577228, 86.78656462198022, 86.54291075869968, 87.64123139900865, 86.9183385495445, 85.8926009680988, 85.74677751331411, 85.65233017136498, 85.82486939312408, 86.68722803597431, 84.18839048711607, 84.18839048711607
95.99, 97.0394470948107, 91.43185521227313, 89.41435228520446, 88.15727674720489, 90.2999614297047, 89.68475613126617, 88.8683348561444, 89.67491933154255, 91.17749137039849, 90.97556939326128, 90.33024317744258, 90.39616093151521, 90.72009611771297, 90.0285847038681, 91.23068645789485, 85.88922846168357, 84.50371598688248, 84.52382558249198, 85.8926009680988, 86.66780066444493, 87.92448175676034, 88.19318165029257, 85.81814380675132, 84.18839048711607, 84.18839048711607
95.6, 95.85712009852301, 96.7429596002061, 94.23323387751601, 93.41076389227808, 94.4961864788179, 94.65397323438633, 94.66940323509132, 94.82086731583799, 95.9328455926694, 94.58012021710664, 96.58375029420912, 96.04415429582905, 91.87701734139212, 93.15118584843809, 92.3074436275194, 92.17503407204478, 93.99391262656253, 89.56536597381593, 88.88142679065554, 90.09624035219592, 90.89284507921796, 91.20248884622701, 90.35485949294889, 87.85886776859248, 87.85886776859248
95.57, 93.50715902464982, 92.49776190390808, 92.73833410592846, 94.06153014648588, 94.05026627430685, 93.82491423587655, 93.8599590596928, 96.17528181742901, 94.31935199781171, 92.2298789335028, 90.43696330626345, 86.31353604726795, 85.81502052580596, 86.78468003559851, 87.81772154243546, 85.84895929944413, 87.78617870582192, 88.52228727057457, 85.8926009680988, 86.54549082794092, 87.47308949635642, 85.82486939312408, 87.01562435697323, 84.18839048711607, 84.18839048711607
96.79, 96.60832100234381, 97.95523895893756, 95.28357530816203, 96.30448100358305, 97.24034578377372, 86.55155898353583, 85.13154190753289, 86.79002644147248, 86.46905700944147, 86.93215700778467, 86.89628289153498, 88.29603070515562, 87.80365749646673, 87.57457754706996, 88.56649252532556, 88.81392670315577, 85.36012129229293, 84.52382558249198, 85.8926009680988, 84.73326827916155, 84.32939815556858, 85.82486939312408, 86.2909699153331, 86.89088270849942, 86.89088270849942
96.3, 95.80454785669129, 95.69000555626515, 93.46024264572299, 93.55445313944382, 94.83963609964687, 95.36152890465206, 95.60481161544432, 94.42889950185752, 91.55623199996785, 89.02688738724842, 87.48059051018302, 85.00796617836136, 85.81502052580596, 84.31369739456835, 84.75618479052292, 85.88922846168357, 84.50371598688248, 86.23533285144588, 85.8926009680988, 86.14671565568072, 88.10792874048146, 85.18359589434067, 84.98406826740512, 84.18839048711607, 84.18839048711607
95.76, 96.71166780159137, 96.19307653615033, 93.78667449120748, 90.49599219665288, 90.46363088481367, 89.16557881854754, 88.85774174858464, 84.10845337987462, 85.25911298499855, 85.67588852209451, 87.01445532700276, 86.66385108735058, 86.5569652206899, 84.31369739456835, 84.75618479052292, 85.88922846168357, 85.17284922038746, 85.93426044667126, 85.8926009680988, 87.05670003885345, 85.24876571228452, 85.60697884276489, 84.98406826740512, 86.52541728545022, 86.52541728545022
95.21, 94.3049463687054, 95.2788524736781, 92.8746997906988, 92.31280840603755, 93.88868932407, 94.74035206676422, 95.77641918332334, 94.70990585079237, 93.51538031157122, 92.42923901275175, 93.52686117820923, 93.7645132553166, 93.56529657872271, 92.11797026399303, 92.68143095210606, 92.1408947410187, 90.64830434687094, 89.28399800718849, 87.20311148822081, 87.38099813877803, 86.254893129205, 86.92155563905216, 86.5386117022407, 86.26160501261359, 86.26160501261359
96.66, 97.1790867247236, 98.54875079682932, 97.54149284285387, 97.15862442735813, 96.68106962542264, 95.52316461302264, 96.18443404567786, 97.08084111277793, 96.15268374693467, 95.84319311080351, 97.31430013803661, 96.61582674890398, 93.61799855800633, 94.19116905344309, 95.51701472297096, 92.5555108373971, 93.84685932135642, 93.26232341579293, 92.55131620838301, 86.30756630349721, 87.05814616914653, 87.4289697416162, 84.98406826740512, 86.17522813675103, 86.17522813675103
95.7, 95.77278002124272, 97.39984896810205, 95.05310984875035, 94.35681291041779, 91.43884014946474, 90.34866867825234, 87.79245859666555, 87.58425154823875, 85.25911298499855, 85.67588852209451, 87.19205536619071, 85.00796617836136, 85.2345322380738, 86.17328372878849, 84.75618479052292, 85.88922846168357, 84.50371598688248, 85.62342140516317, 86.42821470392981, 84.73326827916155, 84.32939815556858, 85.82486939312408, 84.98406826740512, 86.98463083280828, 86.98463083280828
96.8, 94.67858239988415, 92.99320527843241, 93.0556827720362, 90.00003651413333, 89.01262510690907, 88.27197726719886, 88.04880099657899, 87.07314905062395, 85.30181632326581, 85.67588852209451, 86.47613398143879, 86.18592999181239, 86.15676495377929, 88.07209229141326, 89.24184728842494, 87.66581796393197, 88.28920268550735, 89.08825042415813, 89.33913838669312, 90.87210097743996, 92.4814720696109, 92.76437776608782, 89.84117506189679, 88.53107478074595, 88.53107478074595
96.19, 95.88529740393594, 95.85206600112693, 90.3890175928172, 89.65959377497359, 90.2082425304723, 90.73811416987931, 90.45172147797386, 92.40838399525147, 91.43884556153317, 90.86730485856442, 88.63468122631191, 87.83570657405014, 87.1932057035304, 87.30046289961497, 86.68545717881, 85.88922846168357, 84.50371598688248, 84.52382558249198, 85.8926009680988, 87.86626209402922, 89.67701657449739, 88.31340374256577, 88.41217938342704, 89.2612099613638, 89.2612099613638
96.8, 97.70312245748121, 98.30279424855708, 98.53779939191402, 96.76712763737069, 99.25349432827748, 99.33151802116805, 99.08211563692753, 98.73766397309649, 99.62839083384358, 97.17666618808467, 94.88202086879332, 93.66776930668912, 93.39526633969223, 93.80039171347826, 90.81812207914446, 89.80067985376412, 90.92169269525883, 92.1796974653396, 90.64981256753437, 90.18530159490884, 92.42847262760002, 91.59494855123629, 91.61395368951347, 92.61135686436467, 92.61135686436467
95.72, 95.44314483265912, 96.6731343111345, 97.36906234015062, 93.98309806990137, 92.39231992113416, 91.25630386923078, 92.08672685155355, 93.95717327433896, 93.34851746116622, 92.99941162319539, 93.84497568508775, 94.45745813689486, 85.81502052580596, 84.31369739456835, 84.75618479052292, 85.88922846168357, 85.73076645896046, 86.09985236911207, 85.8926009680988, 84.73326827916155, 84.32939815556858, 85.82486939312408, 86.08153884600087, 87.46790322434471, 87.46790322434471
96.29, 96.55793766107088, 97.9538869023957, 92.09600489701465, 91.9779301420998, 91.60139952831128, 88.67016823473861, 88.13737032133763, 87.29660166615412, 88.02434089216347, 86.90678592346516, 88.99311801237627, 89.83188103018469, 90.30692909914328, 91.97489438830014, 90.60766158267886, 89.2289581471486, 88.43264493845454, 87.72508315947636, 86.9174841178988, 88.3164322866743, 85.23713483344844, 85.52787842354462, 86.13423154257343, 85.89179452920752, 85.89179452920752
96.17, 96.1482525945749, 94.86453130757586, 93.20204856194783, 92.46528070331351, 94.26206944959526, 94.39017384137249, 95.42266917988394, 94.09247342216564, 94.27995967871395, 89.51751784681804, 91.46161796727287, 92.88990090289897, 89.30274378100177, 90.24140308238994, 91.06261725633877, 86.07539324684545, 87.62423643986783, 88.6325148102328, 88.52274116388354, 86.42235248742273, 86.92400935155467, 87.61117721386645, 87.71382144759794, 88.54812643125105, 88.54812643125105
96.04, 96.26996520393205, 93.35439958112376, 90.44956464139578, 90.46353907438693, 89.99564722180008, 90.44591995360804, 89.9063178084331, 84.10845337987462, 85.25911298499855, 85.78405860002336, 85.07427157980739, 85.00796617836136, 85.81502052580596, 85.42189455999501, 86.59664729491399, 87.19977857552269, 88.29820173451928, 90.25641400487626, 87.67602780768114, 84.73326827916155, 86.4866091741906, 85.28604723469822, 84.98406826740512, 86.18104889680482, 86.18104889680482
96.4, 91.17237582819799, 91.7163884101444, 89.82815427537284, 85.25147394837903, 87.50539393953213, 87.98455591333959, 85.4829156262004, 84.10845337987462, 85.25911298499855, 85.67588852209451, 86.05227577916538, 86.7575724780529, 86.01366949865154, 85.68545126474838, 87.29563010325695, 86.05472147477022, 87.01109029897097, 87.37205156567325, 85.97846859361673, 84.73326827916155, 85.33104609463298, 85.82486939312408, 86.65643885621348, 86.6021516536703, 86.6021516536703
97.08, 97.41754698650408, 99.1699173300277, 96.48094615324368, 94.65466222485612, 92.9244657987329, 89.54052396118472, 85.91787149303674, 88.55199422215364, 85.23222695604254, 85.65903415932529, 87.75335981131833, 85.55801020967644, 85.81502052580596, 87.8583841614432, 88.45210878328756, 88.11764557758073, 88.24604855455419, 87.92739717339528, 88.71212296487698, 89.94554070623897, 92.22326880693146, 85.82486939312408, 84.98406826740512, 86.30198890475475, 86.30198890475475
95.28, 95.14797497126435, 94.45213656909873, 93.53787064606905, 93.5161900572343, 89.1585388873346, 88.6540400685318, 88.46031510257123, 90.53131229519649, 90.8340922317707, 89.09555187387323, 86.3974434667214, 86.15304791465971, 85.81502052580596, 85.80149895076595, 84.75618479052292, 85.88922846168357, 85.91673132539626, 87.37278887976593, 85.8926009680988, 85.15114039865094, 84.32939815556858, 85.0622263309042, 86.16413869948862, 87.91953837544757, 87.91953837544757
95.83, 96.02227927767841, 95.31175412119525, 86.73674414744812, 86.08379763181011, 85.98433939963589, 85.48961899980043, 85.4829156262004, 88.09898756901545, 86.94313296991203, 85.67588852209451, 85.02037893529713, 85.00796617836136, 85.81502052580596, 84.31369739456835, 85.65679934041223, 86.43724976144881, 84.50371598688248, 85.5118840426629, 85.29793062943398, 85.26314380025254, 85.71631210239497, 85.82486939312408, 86.59797235897628, 87.11382027027373, 87.11382027027373
94.88, 94.99407431989876, 96.0312887283789, 96.55728255143464, 95.42931531338986, 93.46476472003191, 91.4940376748824, 92.16709089218057, 93.5437836204356, 90.36201643290659, 90.9890090603758, 93.27073371332203, 92.09816391538222, 90.18499711575186, 91.48537785541723, 92.83408660517617, 92.58913986454513, 90.61208544699632, 90.99025781910174, 85.8926009680988, 86.4918628748752, 88.49253489245895, 88.54486248262711, 84.98406826740512, 86.1910591556658, 86.1910591556658
96.24, 95.81571295834392, 93.88586621964002, 93.13308867908997, 88.50548181326852, 88.12019597177614, 86.12776004535311, 85.4829156262004, 84.10845337987462, 85.25911298499855, 85.67588852209451, 85.53591991612865, 85.60266520585148, 85.38757587059028, 85.15400267471186, 85.51678347395357, 85.08533727999462, 84.50371598688248, 86.02555229471363, 86.22056113942699, 84.73326827916155, 86.51194995311728, 85.82486939312408, 86.98798263328675, 87.02716171772327, 87.02716171772327
96.51, 97.16379820127896, 97.15491144350248, 97.43162511839758, 96.90920574342951, 96.70797162612583, 96.48479190197675, 93.29662994268517, 95.44641847149263, 94.76867377423024, 93.78970203466723, 94.35977792632983, 95.30761586900393, 96.13380383941312, 95.9149874558791, 96.1618124004859, 91.35305890220965, 91.35401385243621, 91.40435304922252, 92.11303987865075, 93.10365349846631, 93.10245435917702, 91.86292002790698, 91.66963393695445, 90.41686702101931, 90.41686702101931
96.35, 95.9248681065586, 96.63809926523221, 95.98509503942901, 94.8888187788469, 96.89410535066955, 95.41625477885582, 93.30679567262924, 95.43776328972166, 93.272072619569, 92.64711211619944, 92.86540070156153, 93.13327262461145, 91.90996786030458, 89.41942121067949, 91.15121217073818, 91.57628692865723, 90.63215894560447, 91.28597473241591, 87.6649518894486, 87.50616175663852, 89.64756743627264, 86.22687154096765, 84.98406826740512, 84.18839048711607, 84.18839048711607
95.79, 96.0535574185907, 98.52309507519497, 97.88851888361333, 99.11494039586087, 101.41541987079842, 101.97656525139872, 100.40407372281258, 102.5238081211765, 102.78832163317013, 103.12155010549995, 103.15617512915122, 103.07568316680373, 103.15844989054371, 100.27620306941603, 98.77325492768726, 99.1234494441298, 96.75482501522993, 94.51799826320575, 94.2430433260664, 95.73308998999822, 97.7544265023898, 97.2404090058253, 96.15710622688441, 97.68072662203423, 97.68072662203423
96.15, 96.60359679418886, 99.0693971007286, 99.23981473994812, 96.9926166775659, 94.99860817549414, 89.2775568955889, 89.1219614273212, 89.71009976190057, 88.85240294541667, 85.67588852209451, 84.17834927434514, 85.00796617836136, 85.81502052580596, 84.31369739456835, 84.75618479052292, 85.88922846168357, 87.88932572743751, 88.15913001367134, 87.12814412692606, 87.19652542347032, 85.34282051570753, 85.29803459098136, 86.29825786480515, 87.35177848597684, 87.35177848597684
95.89, 96.87723699847544, 97.96061425019661, 95.8639390347364, 94.4396844043501, 95.16710696337982, 94.4530393778163, 94.2968323399503, 92.1762065523014, 88.00641359886981, 85.6845856399004, 84.17834927434514, 85.00796617836136, 85.07233298623923, 85.85370379285564, 86.44574613356967, 85.88922846168357, 85.29397738779718, 84.52382558249198, 85.8926009680988, 84.73326827916155, 86.95243919594269, 85.82486939312408, 84.98406826740512, 86.75799539497169, 86.75799539497169
95.8, 95.05990705616567, 95.02360787209696, 94.90002299263132, 94.8263803157852, 93.69789171253997, 87.75532794081676, 87.91682947407821, 87.23716156822441, 86.66916893966616, 85.67588852209451, 87.23306336932488, 85.00796617836136, 85.81502052580596, 86.79402979590319, 84.75618479052292, 85.88922846168357, 87.56370244574458, 86.4026436713999, 85.69430910012325, 84.73326827916155, 87.00262773535793, 86.30239718699026, 85.6320444089759, 87.56958438022065, 87.56958438022065
96.35, 95.6787353540392, 96.1969643839324, 90.97758285829397, 89.92774596098603, 91.14264471057686, 90.71411926906596, 91.18157832173488, 92.13609039787664, 92.00465644982063, 89.13764657217203, 86.79199279941932, 88.08150960203804, 87.12192868565307, 88.58697110378147, 90.24100349214471, 88.71189729150981, 89.16130831149322, 88.56933331265067, 86.40499339609805, 84.73326827916155, 85.56044877869563, 85.52291145882626, 86.2456118098333, 86.91628962211546, 86.91628962211546
95.82, 96.03100477793986, 95.29997085856189, 92.87545433967294, 92.7417076525726, 93.62058820468965, 93.5693701226688, 94.322296531065, 94.92108646334448, 92.9057611039286, 93.85546407835439, 89.02202618942039, 89.23627151270354, 87.69395872243581, 88.46566188499804, 87.11022216178424, 85.40535601443607, 84.50371598688248, 85.23741664560374, 85.8926009680988, 84.73326827916155, 86.91071758190849, 87.11461797596094, 85.95900450981048, 85.32780121018645, 85.32780121018645
95.35, 94.47036726070908, 94.33468159420782, 93.2450398161336, 91.63082019824566, 93.9007171935949, 93.47141674936586, 94.4866843106116, 94.45967389274378, 94.74664728997041, 92.44248331106405, 91.5180392551687, 91.70347778687142, 92.36701698716469, 93.9591631615634, 95.58232883610142, 95.60675970764127, 97.42296789077777, 99.36468989660158, 99.12267681897796, 96.31610268232524, 97.72981736355544, 98.38907542592074, 97.97909427808949, 98.71155142183686, 98.71155142183686
95.47, 95.29688117581394, 95.97336106467031, 95.38981298709062, 96.55290545987687, 98.50198565642373, 91.31513705511387, 85.4829156262004, 85.11013896216254, 85.25911298499855, 85.67588852209451, 86.68495979068804, 85.56568528422181, 85.81502052580596, 87.69911001498846, 88.71193363262881, 85.88922846168357, 86.93688592578447, 87.67927256051001, 86.58998613636093, 87.42182057094395, 86.78729611206954, 86.50971092589917, 85.27677593569607, 85.89915887710096, 85.89915887710096
96.28, 91.95355821294618, 92.75083365269566, 92.93693296763685, 90.9454984558538, 91.53964589146976, 89.69820441578028, 85.4829156262004, 84.10845337987462, 85.25911298499855, 86.02597452331563, 86.59232287204418, 87.19096161592466, 86.10720732591814, 84.31369739456835, 84.75618479052292, 85.88922846168357, 86.67138909497838, 85.05590894945018, 85.8926009680988, 87.26273231271185, 85.0020867307479, 85.82486939312408, 84.98406826740512, 86.17684633142191, 86.17684633142191
96.44, 95.74922713839142, 95.2156835982188, 92.02921037920316, 92.86630233873258, 93.78145620938726, 86.22676910942627, 85.4829156262004, 84.10845337987462, 85.25911298499855, 85.67588852209451, 87.73496536566208, 88.66261243816378, 85.19304882043609, 86.98730469637273, 86.1844284012933, 85.47260097203417, 85.84510888435273, 87.05158241180442, 86.3821931771688, 84.73326827916155, 86.37465398165187, 85.44191693964984, 85.82296606324567, 87.78678666722035, 87.78678666722035
96.65, 93.01129869205705, 94.43898947407023, 94.60912510543844, 93.11541365263932, 94.88253322250517, 91.5421263113681, 89.46599679807406, 89.9460916870034, 85.25911298499855, 85.67588852209451, 84.17834927434514, 85.00796617836136, 85.32096994702185, 87.27826824020045, 85.29279558425382, 85.88922846168357, 87.18797164935555, 88.7082645616228, 87.57994474312936, 85.08645697161174, 86.39271543194586, 85.82486939312408, 86.87720526055632, 88.70515618654616, 88.70515618654616
96.87, 95.82885229025983, 97.33671350172035, 97.32214479685457, 94.79801601022095, 90.40296071865406, 90.66974963120161, 90.27812771318864, 87.84481228184976, 87.40598111651347, 85.86313276613843, 85.6713423400854, 85.00796617836136, 85.81502052580596, 84.31369739456835, 84.75618479052292, 85.11513098444959, 84.50371598688248, 84.52382558249198, 85.8926009680988, 86.45027905735057, 87.81786718639323, 88.6117080927723, 89.46538645604258, 85.57035626839281, 85.57035626839281
96.93, 97.30345772488863, 96.57366954037316, 94.8988986886093, 94.86443852196446, 93.67414252726711, 92.81716445509227, 91.56303859610517, 91.1715058733251, 91.40304600951045, 91.81757048414948, 91.64965907623464, 93.01537743442081, 91.54464733994904, 90.98569185817477, 92.25111161619468, 92.84572969038115, 91.68143735970665, 93.26800399470739, 91.7904518444834, 88.90376368238496, 90.3866992993734, 90.53509228431656, 91.70190784353738, 92.01949768343314, 92.01949768343314
95.82, 93.08830708250244, 87.30939993748443, 87.01423574465358, 85.11490962881267, 85.85591825630888, 85.3298597066509, 85.22971411930712, 84.10845337987462, 85.25911298499855, 85.67588852209451, 84.17834927434514, 85.00796617836136, 85.81502052580596, 86.69695929549218, 87.0153151808263, 85.98018699241986, 87.69042940727347, 85.3333599421182, 85.73207708636397, 87.73136278290562, 88.64155880380734, 88.86180961819267, 89.88044150110403, 91.59456201987577, 91.59456201987577
96.02, 94.95269596496796, 94.68283809933611, 93.92556742919822, 93.31468351950961, 94.06169419576638, 93.85220300081595, 94.21935246405087, 94.85730097832615, 89.92394597599896, 90.15405151711144, 91.41126980302077, 89.96545277947494, 88.28670383731131, 88.30101433701688, 86.12208434346644, 85.67496791905904, 86.03095745812259, 86.19210224129186, 85.46894326947763, 84.73326827916155, 85.89822535665238, 85.82486939312408, 84.98406826740512, 84.18839048711607, 84.18839048711607
95.97, 96.17593432805769, 97.84249859895608, 94.31239973005859, 95.29047223047424, 97.94062759376709, 96.66809427048325, 94.90656377025427, 93.69278420083442, 92.01290325018937, 93.11056746418727, 94.50349540560768, 94.79683897973112, 94.46727182518568, 94.03220932999542, 94.20118379925742, 94.45482777363272, 93.14764076781272, 94.07443249655046, 92.64141741872199, 92.55682856489652, 93.70201193336763, 90.75338793490468, 91.16227825706696, 91.76057508016113, 91.76057508016113
96.38, 96.9811465188715, 98.78303326850539, 98.20312470666343, 98.33522471436055, 97.56526638631203, 93.73071581529048, 93.38377936220282, 88.42254957663454, 85.25911298499855, 85.67588852209451, 85.32702563106285, 85.684206012747, 86.33784245716853, 85.51382030147386, 86.25612551111536, 85.88922846168357, 84.50371598688248, 84.52382558249198, 85.8926009680988, 84.73326827916155, 84.32939815556858, 85.82486939312408, 86.60223502922258, 88.69184583349144, 88.69184583349144
95.28, 95.98891098047262, 95.44153323632618, 85.401269333358, 85.25147394837903, 84.10957757803895, 85.48961899980043, 85.4829156262004, 86.56496036848078, 87.43628249573942, 88.27659244651797, 89.60064001351235, 89.76064428524374, 90.45240380818055, 89.80556400448259, 89.0976128694372, 88.3388992285822, 87.17541134189408, 89.1666307021435, 85.8926009680988, 85.00947776722404, 85.04943203147874, 85.82486939312408, 84.98406826740512, 86.1849988330235, 86.1849988330235
96.21, 97.84897609093186, 98.87766604561664, 99.94844186190223, 99.5744120700273, 101.77526289691902, 102.63358693638722, 98.46668909029546, 97.92295330401117, 98.33769649576236, 99.17016784878089, 98.26420340346968, 96.81988067779008, 94.67135382893923, 95.06061799170052, 96.16906990400763, 93.87704786305645, 89.26647079056961, 89.72947444895286, 87.61004707029097, 88.1428867585208, 87.29236331036843, 85.82486939312408, 85.13909702347169, 85.25216588043199, 85.25216588043199
96.92, 98.57638344165744, 98.07034333856214, 98.89292960855961, 94.28026549663325, 95.91266813489857, 94.43434700623972, 92.30095296519444, 93.54451434817133, 94.22880926329513, 93.76218621667753, 96.04012732954024, 93.78226512784107, 86.30672610324429, 87.86250608896043, 88.99099945958264, 88.92578739588393, 89.25787341543936, 90.22688296471546, 90.29302709026223, 90.65166478980632, 93.00902852983089, 93.55806381966038, 91.89545876002153, 89.73614417431743, 89.73614417431743
96.6, 96.15116490606135, 97.1807419161954, 90.79900048447352, 91.2177919009155, 89.80902376099759, 89.43982068721672, 90.58662860281402, 88.45603768510429, 85.9795158913622, 85.67588852209451, 84.17834927434514, 85.31670979241119, 85.81502052580596, 87.11421617757232, 86.90916422525333, 85.88922846168357, 84.50371598688248, 84.52382558249198, 85.8926009680988, 85.2635246289395, 84.32939815556858, 85.82486939312408, 86.19393759484862, 84.18839048711607, 84.18839048711607
95.96, 95.03137299612564, 92.21867161468052, 91.82202196676117, 92.89785721938775, 94.61213139933088, 93.61709490723386, 91.90378162777444, 93.59026033348414, 93.35173093917129, 91.55892100335214, 90.90457370416489, 89.6599801176448, 88.07806547901626, 89.1591144096365, 87.22475853979918, 86.60651080920618, 87.12885060120531, 85.50410831825384, 85.8926009680988, 84.73326827916155, 86.55180294891427, 85.60302857338026, 85.37885315564493, 84.18839048711607, 84.18839048711607
96.67, 97.15705257623297, 97.0055027327719, 93.82213720529377, 94.97983748188223, 92.16888113968113, 91.39353814765869, 92.24495458144295, 86.62317042776009, 85.25911298499855, 85.67588852209451, 87.66430224208267, 85.16120456217894, 85.81502052580596, 85.89752586689998, 85.38282172576281, 85.88922846168357, 87.08991667225781, 87.58567672997718, 87.37923528868531, 86.15296757492895, 84.32939815556858, 85.07010052008184, 85.1657199159476, 84.18839048711607, 84.18839048711607
95.95, 94.54945861791768, 95.14380121097878, 91.93088371246051, 92.9615754030594, 93.62607623553868, 93.91113502893829, 92.43277815283412, 94.31490319427016, 93.6418402223362, 93.9051761683785, 94.9251843632385, 95.4467699910625, 93.00760317638922, 94.77462982473794, 95.39310622430403, 92.93880778640089, 93.48481949384606, 88.44424036731249, 85.34322045822961, 84.73326827916155, 86.43969709324577, 86.82613336190724, 86.5341779387878, 87.70296819983855, 87.70296819983855
96.27, 95.75987151665746, 96.48350095440976, 95.56927521805872, 92.3842601744749, 94.15947308662511, 93.62414379233107, 93.11765807997104, 94.01637633440427, 91.923142159272, 90.28635913411004, 89.03423183103713, 88.7357584245097, 85.81502052580596, 86.69013235892174, 88.16427648583667, 87.96813487225612, 86.33906920419145, 87.82779489924097, 87.6541686192222, 88.21477642735093, 88.92347406302642, 89.35221312195891, 90.72823005977351, 88.97108552635036, 88.97108552635036
95.47, 93.48425452291752, 95.14614043581614, 94.39977137609688, 95.2563864219553, 97.13898768457186, 97.01652248404224, 95.95315941214342, 93.95211254404187, 95.20708273464922, 96.06950525072511, 94.7480872201257, 94.84531980229151, 90.92240661397133, 90.54247589555234, 89.06738693935345, 89.09972055604092, 90.73669747990549, 89.86123394752906, 88.39615495773945, 87.18783362438427, 84.32939815556858, 85.82486939312408, 85.02891960012744, 86.75220280056217, 86.75220280056217
97.02, 98.41640005867366, 97.9205604242848, 98.54164311288503, 97.96590009283841, 97.73538796429351, 95.84466717949792, 96.92645611533639, 99.00773561804188, 99.71444415760865, 92.702093417999, 92.58436762486859, 92.02596941608869, 92.3574274370722, 92.18327876050166, 93.37758303972495, 87.10942044670014, 88.95522169576678, 84.52382558249198, 85.8926009680988, 84.73326827916155, 84.32939815556858, 85.82486939312408, 85.65793420646251, 84.18839048711607, 84.18839048711607
95.29, 95.54908769812471, 95.8146417687249, 93.841865311278, 92.101926785466, 92.31447620737727, 92.59706143281475, 88.68706836560874, 89.55782744000753, 90.50950732068604, 87.47581203599083, 88.33002096015134, 87.44684034577492, 87.32858870561684, 84.31369739456835, 84.75618479052292, 85.88922846168357, 87.44369242025006, 87.94762477000128, 86.03283102369275, 85.82024260581028, 85.14056216260072, 85.82486939312408, 85.43408787642522, 85.75816495142995, 85.75816495142995
96.16, 95.62473038666135, 96.24450335552235, 96.5855691361259, 96.2760679348407, 91.97273644733875, 92.27427146400045, 92.31815590945021, 94.33263466909814, 92.12217849419798, 89.71255825928498, 90.59904281475083, 91.78612430786954, 88.65861556972308, 88.54625761386278, 87.14942199747722, 86.23020913620853, 86.34132489245754, 88.0248649136879, 87.79381478504055, 89.45223171049794, 88.59225076327752, 87.43324344488191, 85.66750790002745, 86.37196744907021, 86.37196744907021
96.28, 90.64111158992078, 89.38600319665001, 85.65891763145628, 86.25910071213781, 88.29288704371785, 88.33115569363815, 87.34532275196075, 88.27450204622488, 86.32881884570249, 85.45816921091267, 84.17834927434514, 85.00796617836136, 85.61215659423254, 85.41963451909423, 86.39797262943019, 85.88922846168357, 87.7993985489984, 87.85413547871715, 85.8926009680988, 86.63398596763183, 87.0193082097879, 87.25020835720873, 88.2065559621644, 89.57769624550637, 89.57769624550637
96.23, 97.08062672569913, 95.73675976923312, 96.25890237144904, 96.1935416425492, 93.89185791893638, 90.14757342935118, 90.86875820328999, 91.3102828400112, 92.39411768931005, 90.92601272076287, 90.81889550029246, 87.31298575140057, 85.84066018546115, 87.95873906847126, 86.23453912811124, 85.88922846168357, 85.5220647205796, 84.52382558249198, 85.8926009680988, 87.35452120737281, 89.10604376689186, 86.95015940037497, 87.51936214585686, 89.07723464529741, 89.07723464529741
95.25, 94.81091654243129, 95.14095447185558, 95.93929825664128, 95.36890867107452, 95.52003493859367, 94.54544853856468, 94.85404941702299, 93.73428242378691, 92.35721096012925, 91.83339544522903, 88.58767941863884, 89.99977995439902, 85.83659387092082, 85.86358784572884, 85.61155896490197, 85.88922846168357, 84.50371598688248, 84.52382558249198, 85.8926009680988, 87.41031035070635, 85.69089291226459, 85.92532423299767, 85.67269146920655, 87.31763543483167, 87.31763543483167
96.21, 95.59728243381235, 97.60663042423343, 97.1412881071704, 96.36837954278859, 96.48898480201196, 92.75520272758332, 91.12366063230874, 89.54628242601032, 88.04673337807453, 85.00850815496372, 84.17834927434514, 85.00796617836136, 85.81502052580596, 84.31369739456835, 84.75618479052292, 85.88922846168357, 87.26356049981844, 86.42217742286338, 85.22581617044365, 85.02616271710139, 84.32939815556858, 85.82486939312408, 86.81972470305979, 87.10014498947024, 87.10014498947024
96.42, 97.89959065554996, 97.74345462599176, 94.17620234125424, 90.77858185470177, 92.46829501517223, 91.82827625829452, 88.32132677185788, 87.02230630661657, 86.82683974828053, 87.0908281400026, 89.15053347191312, 89.59740150986168, 89.75982339470173, 91.48854985828946, 89.27008603961956, 88.57052851481932, 89.02966508527439, 90.70956011625545, 89.925679016831, 88.008267046106, 88.66842282017559, 89.23634851437981, 90.07263928697891, 90.67706340817598, 90.67706340817598
96.58, 94.81760945327706, 93.75862404152123, 89.33227867526294, 89.64524127292394, 87.10975277628926, 85.48961899980043, 86.39398838892201, 84.10845337987462, 85.25911298499855, 85.67588852209451, 85.15652672112753, 85.00796617836136, 85.81502052580596, 87.3272067975979, 88.81966633397057, 86.54889163462677, 88.52614365669238, 85.01486989963736, 85.8926009680988, 85.09217818587234, 85.00011066609294, 85.82486939312408, 84.98406826740512, 84.18839048711607, 84.18839048711607
95.96, 94.62489495535428, 94.69317482950632, 94.56664553585931, 94.18752041450524, 93.62654350067014, 91.99014633835765, 89.4506613113799, 91.69462773100008, 87.2190134036419, 85.67588852209451, 84.17834927434514, 85.00796617836136, 85.81502052580596, 87.09890816298159, 88.36356960753433, 88.32550840795541, 87.05003764013738, 88.57711896930739, 87.6890082700742, 88.37345542848692, 85.96138032265276, 85.82486939312408, 86.68506302034412, 84.18839048711607, 84.18839048711607
95.1, 91.95784057274057, 91.5573085722795, 90.90998394848422, 87.9238364184766, 87.4728328645246, 87.21263009055755, 86.75378693291313, 85.29001627356413, 85.25911298499855, 85.67588852209451, 84.17834927434514, 85.00796617836136, 85.81502052580596, 84.31369739456835, 84.75618479052292, 85.88922846168357, 85.8440750425929, 87.50147538154674, 86.15220874905928, 84.73326827916155, 84.32939815556858, 85.82486939312408, 84.98406826740512, 84.18839048711607, 84.18839048711607
94.94, 85.0, 86.52882700105401, 85.09276971306224, 85.25147394837903, 84.10957757803895, 85.48961899980043, 85.89043622838919, 87.46021902123425, 88.34430706472386, 87.22915390029812, 87.82120207652058, 88.11877299522257, 87.27530676387917, 86.36969276756642, 86.11144283532361, 85.88922846168357, 87.70213381985225, 84.52382558249198, 85.8926009680988, 87.50397488938205, 84.32939815556858, 85.82486939312408, 85.77652666672385, 87.40747470895136, 87.40747470895136
94.96, 94.63251895640649, 94.17261690905818, 91.83553056473642, 85.25147394837903, 87.49210516713279, 85.58624599813193, 86.86477407294815, 86.62610518748637, 85.25911298499855, 85.67588852209451, 84.17834927434514, 85.00796617836136, 85.81502052580596, 88.0303183358534, 89.768934333402, 89.19243427080065, 91.11292427780499, 87.87696638551498, 86.47399035697553, 85.8206315729268, 86.30796797503038, 85.82486939312408, 86.49442771532748, 84.18839048711607, 84.18839048711607
96.96, 98.24029850394103, 97.40213410011187, 94.9983188845378, 93.53861104230212, 92.22078144509591, 91.84486819660712, 92.58267517976792, 94.39829781745466, 92.5992506308156, 91.295693872754, 92.32098910789627, 92.23178691227659, 91.85919650884878, 91.8634401936947, 93.20335315328899, 90.97207399560534, 91.5538254029262, 91.25895797788368, 87.89303160470523, 89.57678469032408, 88.98146532946295, 88.79511549063925, 89.19223277217165, 91.63874233471849, 91.63874233471849
96.27, 94.49097691648251, 89.33312932936583, 86.44074500697066, 85.27947688014017, 84.10957757803895, 85.48961899980043, 85.61467006486816, 85.86755835091822, 85.25911298499855, 85.26530160656182, 85.57418550842227, 85.00796617836136, 85.81502052580596, 84.31369739456835, 86.07388497106811, 85.78605789323244, 87.70960355329811, 84.52382558249198, 85.8926009680988, 85.95138308302784, 86.91920025125194, 85.9848336772734, 86.51681565846003, 88.39613225405908, 88.39613225405908
95.95, 95.01313058010432, 96.35586107974237, 96.09244992922673, 96.07989294358597, 98.30625174088902, 99.46205136934006, 96.85123246799127, 98.63756797817013, 99.25094856587924, 98.59222078686734, 99.66695965577452, 98.94210853766275, 99.31704717894964, 98.65039157536826, 99.04168163278332, 98.68746318553964, 97.3164667274669, 96.9798876199463, 95.84401531909984, 91.48544698354733, 90.65302984820077, 90.46862348268272, 88.48998585290077, 87.8470142176696, 87.8470142176696
95.79, 97.53846083155622, 93.91269852143736, 94.73128043040091, 90.11481480553356, 85.5697843691818, 85.48961899980043, 85.4829156262004, 86.30793592746257, 85.98812495261718, 86.81854889662473, 88.70147581795602, 86.4552199478423, 86.42717837753578, 87.00420779878426, 84.75618479052292, 85.88922846168357, 84.50371598688248, 85.2459009529729, 85.8926009680988, 87.6912921217231, 89.3955701225053, 89.57977463957246, 90.12141401645263, 90.69396455408565, 90.69396455408565
96.34, 97.44993921476238, 98.59766252262796, 98.1534949000996, 97.50344403004833, 96.53070182290499, 94.90607679223382, 95.99269980267323, 97.03109359880884, 92.34925160555653, 87.1318377326536, 88.53995759312762, 89.39056816932855, 88.61741978600546, 85.72170663408866, 84.75618479052292, 85.88922846168357, 86.79712149796708, 88.50598593724521, 87.01720005101896, 84.73326827916155, 84.32939815556858, 85.82486939312408, 84.98406826740512, 84.18839048711607, 84.18839048711607
97.11, 97.39357385808047, 99.42702725740176, 98.69878509597899, 98.88017401909148, 98.51964076168228, 97.51681763072649, 97.39373973366405, 98.71753161251107, 98.0708974659407, 95.6295209658341, 94.66475036485116, 95.70788518344828, 94.11310789009889, 89.96982170566153, 90.19384256927853, 88.60770284150249, 90.11806714590749, 88.02279805914384, 85.59329091487479, 87.01947672344161, 87.71191786683097, 87.78107395764283, 87.51614214955644, 85.60837209479007, 85.60837209479007
96.81, 95.9280625511824, 96.50049723414823, 96.7821848826305, 93.41745135540718, 91.39590294456775, 92.31100703585767, 92.70841149668189, 94.02525982779441, 90.11274045998748, 89.31243111361778, 85.02297949956487, 86.22979752791613, 85.39191182505365, 87.55275361603569, 88.82680689296747, 87.69514745372551, 86.9506885631183, 86.28251279919505, 85.8926009680988, 87.68354981653833, 89.91024591278456, 85.82486939312408, 87.38560331424787, 87.71516069032042, 87.71516069032042
96.04, 90.51524302076935, 92.71049141638254, 86.45892390292022, 86.13639356650874, 87.37520189246669, 86.37274329883343, 86.16328468754011, 86.33059275071868, 85.25911298499855, 85.67588852209451, 86.10779798514886, 85.00796617836136, 85.81502052580596, 84.31369739456835, 84.75618479052292, 85.88922846168357, 86.77023984264653, 85.38461467677674, 85.8926009680988, 86.04603543660477, 87.28597654532687, 86.19531438239416, 84.98406826740512, 86.70358178244562, 86.70358178244562
95.76, 95.99563946093886, 97.91565181525829, 98.25522658389333, 98.14428962600981, 97.69242554216157, 91.80640312997821, 90.0337859280114, 86.39222546481508, 86.56088135705834, 85.67588852209451, 88.0725559775048, 88.03124201471913, 85.81502052580596, 87.04323909033079, 85.96215161762788, 85.88922846168357, 87.59063650771103, 87.75691090793251, 87.70785186519646, 84.73326827916155, 85.04225861649095, 85.82486939312408, 86.3078054857239, 85.13079465837488, 85.13079465837488
94.89, 93.91204988496085, 95.20389721198818, 95.04794650460852, 95.22417443871007, 91.35701591221263, 91.23461482859895, 90.8482729843813, 90.90284850060692, 91.20961938426866, 90.22533055072172, 91.47577820111108, 85.00796617836136, 85.81502052580596, 84.31369739456835, 84.75618479052292, 85.88922846168357, 87.32727995866428, 86.25848920934058, 85.1262015223644, 85.57988797127788, 86.42137574408204, 85.82486939312408, 84.98406826740512, 87.20480214912206, 87.20480214912206
94.97, 94.89665022869329, 96.0159361153481, 95.36832203756798, 95.64743922606796, 97.34606661888431, 95.17141386620783, 92.42719010462281, 89.53188272784102, 89.82413269072389, 85.94130234298251, 86.93837127520467, 85.00796617836136, 85.81502052580596, 85.68993164320197, 84.75618479052292, 85.88922846168357, 87.49523403587907, 84.52382558249198, 85.8926009680988, 87.31708997579409, 88.06232919820964, 85.82486939312408, 84.98406826740512, 86.05798698511074, 86.05798698511074
96.06, 97.03598711003575, 99.40886124625086, 95.33411612745485, 96.81813121336869, 94.43977380561006, 94.31064017179327, 93.26705745219425, 92.24033851324526, 92.42572210290396, 91.53137094803152, 90.23416557402943, 89.15210303505313, 86.61514431486846, 88.2562320655305, 85.11592358658915, 85.97308837989655, 85.51664718624423, 84.52382558249198, 85.8926009680988, 87.35155866446446, 86.57956669329351, 85.82486939312408, 84.98406826740512, 84.18839048711607, 84.18839048711607
96.81, 94.87500685664483, 95.01220196621917, 94.60243829309115, 94.08740576149839, 87.61595385539366, 85.36988660162852, 85.4829156262004, 84.10845337987462, 85.25911298499855, 85.67588852209451, 86.71674874148182, 88.45806826551716, 85.81502052580596, 84.31369739456835, 84.75618479052292, 85.21310114143145, 87.1360287597069, 88.11811680384335, 88.60341198403519, 84.73326827916155, 85.2677808346507, 85.82486939312408, 84.98406826740512, 85.6228533794416, 85.6228533794416
95.92, 97.60293118615736, 96.02357113930113, 95.75829328923787, 93.55613150680115, 93.31512316775263, 91.89864441620675, 91.27319066218166, 91.57051637935442, 90.0063211017577, 89.89665887509035, 88.83871221749496, 88.73868950343764, 85.81502052580596, 86.73820481426878, 87.54114739286234, 85.88922846168357, 87.19508649661151, 84.52382558249198, 85.8926009680988, 85.75361220209037, 86.26959589837357, 85.82486939312408, 84.98406826740512, 85.6869334454468, 85.6869334454468
94.71, 94.35344841730353, 92.80284092118288, 92.51079480080584, 91.76633212038601, 90.78978082222254, 89.25375947715467, 88.32826788725129, 87.99767088788344, 86.72181822975364, 87.25105167684507, 89.44675258543022, 90.3497691805428, 88.84917542549088, 90.06513882793287, 90.49389758802204, 89.16360264988224, 90.21679040581, 92.26105971697231, 91.15324964189293, 89.55090910101389, 85.9380542860955, 85.82486939312408, 85.76661005985301, 84.18839048711607, 84.18839048711607
96.55, 97.35298502323344, 99.47586754694039, 99.07402162073781, 100.08733507518843, 96.80695661283382, 96.72230651510856, 96.44670744590324, 92.66211920875101, 93.10948233188697, 93.11730855604748, 94.89859296403282, 93.1418590672869, 93.12723298949761, 93.29395604033819, 94.69378742040723, 90.12479310627072, 90.68006808001343, 91.11099219844196, 87.08679786330872, 84.73326827916155, 84.32939815556858, 85.82486939312408, 84.98406826740512, 84.18839048711607, 84.18839048711607
96.15, 93.57463087542801, 92.7397062116285, 92.66365684309444, 92.39040785551552, 90.12929497075667, 89.06912285688318, 88.35543026538033, 88.78133534556248, 89.30364611165842, 86.64781130183925, 87.90818907627708, 85.00796617836136, 85.81502052580596, 87.34990815759278, 88.40317157509251, 86.33069625704798, 86.8333703707493, 87.57222269239209, 85.81453159650249, 86.45878395407959, 88.33176864603709, 85.82486939312408, 87.33911035757143, 88.57695686134115, 88.57695686134115
95.77, 94.32425368287923, 94.1435369887937, 93.489875036295, 94.38995176690986, 93.55215909686466, 94.08284400974989, 90.3217381105786, 86.20882208432711, 87.72279523538117, 85.67588852209451, 88.18084679205465, 88.8312891399393, 87.94359240286857, 87.90089660945183, 88.66170711215048, 86.83034762479544, 84.50371598688248, 84.52382558249198, 85.8926009680988, 86.76267338553795, 84.32939815556858, 85.82486939312408, 86.88574306022694, 84.18839048711607, 84.18839048711607
97.37, 98.93721975138885, 99.99544361946828, 98.62627071059043, 98.72435973748227, 97.74757293932944, 96.88679165876634, 96.78349477900397, 96.27406195634161, 92.42870768083449, 93.29294674759224, 91.44987077781254, 92.77517186129552, 91.04283513087537, 90.88952963255304, 89.69881629632957, 89.60704871196344, 88.35033346993508, 87.67671319841526, 85.7421512746983, 85.19501945361671, 87.46765179664763, 87.7944339567752, 87.79309851538359, 84.18839048711607, 84.18839048711607
96.57, 97.2123208930115, 98.6276301507271, 97.85375411679942, 95.42982702569033, 96.11010147177565, 92.96880541163524, 92.29948465867712, 87.60794371463412, 87.83259632301457, 85.67588852209451, 85.26985083044285, 85.61721119964258, 85.81502052580596, 87.76855014072365, 88.46971856258196, 86.85900970568032, 88.28153347347471, 87.92263059975964, 85.8926009680988, 86.86421052832658, 87.85784692808872, 85.82486939312408, 84.98406826740512, 85.68385283562446, 85.68385283562446
96.51, 95.54575241810907, 91.3838698846318, 91.99677499998042, 91.3307612773774, 92.3396366048493, 91.04521440585266, 86.26396485402869, 87.34428627532851, 86.34595548935646, 85.67588852209451, 84.17834927434514, 85.00796617836136, 85.81502052580596, 87.37165161330533, 85.3252940648335, 85.88922846168357, 85.70098445661861, 86.88969078253281, 85.92584431855138, 86.42029188835457, 85.91621706900612, 85.85897573278135, 84.98406826740512, 86.90722923566794, 86.90722923566794
97.62, 98.80253249525258, 101.25115117296977, 99.81847082549321, 92.89515750181432, 95.09912095678433, 95.53554016360468, 92.22886586500175, 90.36993710065398, 91.65618383819005, 90.88205301440642, 91.01822613549754, 92.20929912426794, 89.52064967269301, 91.31423833502825, 89.05731052748484, 89.32795119658103, 87.3928364232591, 88.94747428432105, 85.8926009680988, 86.5237458538932, 84.32939815556858, 85.82486939312408, 84.98406826740512, 85.9376025940507, 85.9376025940507
96.12, 96.75187042373618, 98.42827418828642, 99.1984493334445, 100.01100853933468, 99.29892031576081, 99.7856473045703, 99.0837682483459, 98.0329606394075, 98.66001477497834, 98.98843330066757, 100.34533497221618, 99.54909950215244, 99.39803073491419, 100.26752723104434, 100.76983362111459, 99.58293921440416, 101.55436391782746, 103.12587251284097, 102.61140303728958, 100.46677125245908, 98.2353449898994, 96.22798648141965, 96.74738911362292, 96.94211396938648, 96.94211396938648
95.62, 95.77509397710551, 96.9190275198515, 94.69431969930697, 93.72536718586504, 93.57317291641002, 90.28298868096678, 89.0439124772072, 89.26843257100835, 89.80354350234832, 89.52888425167478, 90.07536118519853, 87.3540535007881, 87.48620529705816, 87.82806699740152, 88.46503604127093, 89.09076331563732, 90.74719004195573, 87.73945023805936, 85.8926009680988, 87.8914561268521, 85.6414695863596, 85.82486939312408, 84.98406826740512, 86.56576306544716, 86.56576306544716
95.96, 97.04824231041714, 96.82280788445352, 92.66676373608152, 93.43989677529217, 94.31923158558418, 94.21051856296464, 95.24255076139413, 91.88616329015065, 92.06813022792369, 87.66945833718725, 88.06500305327587, 87.76153188740935, 86.0526811337789, 84.31369739456835, 84.75618479052292, 85.88922846168357, 85.28532391955943, 86.72921854774883, 86.64421914855336, 85.9576148874026, 84.32939815556858, 85.82486939312408, 85.00965615627071, 85.84424963083438, 85.84424963083438
96.72, 91.3316480761266, 91.04784314834863, 91.26755255327036, 91.60458805072352, 91.95336001594049, 91.65262750839726, 87.38735247939385, 89.4013274202833, 85.25911298499855, 85.67588852209451, 87.17491195318082, 87.00768544446044, 85.78006864315005, 84.31369739456835, 84.75618479052292, 85.88922846168357, 85.24139723844216, 85.59365548092366, 85.91479643460545, 87.20685773997796, 89.42036796737727, 88.1498952205557, 89.35156728333071, 90.51442944951087, 90.51442944951087
96.23, 92.82683984870415, 90.8879358596598, 88.83997857863422, 86.38739725635382, 87.93926995435244, 87.4077745812312, 85.72018195545805, 87.01689450864869, 88.29070932988306, 85.67588852209451, 87.50309366686686, 88.30162925747075, 86.99878035759295, 85.44361080300108, 87.4474438954165, 87.24995467202086, 87.9349936076561, 89.63141462590852, 85.95282931026176, 86.79633006974149, 85.64784923348131, 86.45487199653292, 87.17667594758454, 88.34545887896545, 88.34545887896545
97.03, 97.15910536036262, 98.94385729670064, 98.60474888718286, 97.75864963708055, 96.66345535187514, 97.32599935623936, 97.60381529122728, 92.9852790442819, 93.71539541070435, 88.37970943467562, 89.25859202011014, 90.64812752330722, 90.55014142353357, 92.19317088570892, 93.95525366312326, 91.16187825269776, 92.0004621918795, 93.58861219001483, 91.94392930097644, 92.94840872594236, 91.64761634007805, 90.1139014217213, 91.03948566972069, 92.44014257023201, 92.44014257023201
95.75, 95.99407719207818, 96.24549449995955, 95.46009834993036, 94.07548000983492, 93.96202061908282, 93.52731724077218, 92.83979687317675, 94.52163700057187, 92.78459317940795, 92.65174386850249, 94.2845897473413, 86.24079308904187, 85.10126435987064, 84.31369739456835, 85.06829835947545, 85.88922846168357, 86.39023485164644, 84.52382558249198, 85.8926009680988, 86.40877884534531, 86.71962573353555, 86.35513484191735, 85.35163689327774, 84.18839048711607, 84.18839048711607
96.27, 95.13612223044306, 86.49187050392698, 85.68112224577713, 86.59828299066194, 88.47227961934189, 85.15810520713754, 85.4829156262004, 84.10845337987462, 85.25911298499855, 85.67588852209451, 86.42594904082587, 87.5768276541616, 85.81502052580596, 85.92113660350824, 85.06363346191023, 85.88922846168357, 87.3151814641927, 84.52382558249198, 85.8926009680988, 87.27222291396916, 86.28113103155235, 85.82486939312408, 85.53536614491915, 86.24471830208259, 86.24471830208259
95.97, 94.25336964243786, 91.4495961728889, 85.68112224577713, 85.68800214293636, 86.61223820115715, 85.48961899980043, 85.49796282165214, 85.67872645919968, 85.36828224334897, 85.65313581186699, 86.01437785902661, 86.27620551148107, 85.03406222252754, 85.74084956527129, 86.24505287826602, 85.88922846168357, 87.15498654252268, 86.99985302885997, 86.03160424956101, 87.1723614717687, 89.1475265191781, 89.22555660584786, 87.2464437376515, 84.18839048711607, 84.18839048711607
96.25, 94.97671613930684, 94.18396417598406, 92.75580013157429, 87.20926139669209, 87.410170149928, 87.39345049414149, 85.4829156262004, 87.2354279626111, 86.27807278794624, 85.37607682376006, 87.69624667067563, 87.6221990557563, 86.5128759377706, 88.69069609520677, 89.60468555432413, 88.60805750972277, 90.75199839414668, 90.00954209236751, 88.3233033940391, 88.05872907653983, 87.81927592594342, 86.61314997531763, 84.98406826740512, 86.54346250067022, 86.54346250067022
95.74, 93.62049822097168, 94.80069277525303, 94.22173455459274, 95.1189783659982, 94.27520057691048, 90.68887215585944, 91.71505729326559, 93.0957821957863, 94.17762241128112, 89.27858860868577, 88.05150119008627, 87.8749648446736, 87.19415832877007, 85.83629452540944, 86.8265304983712, 86.91111098973866, 84.50371598688248, 84.52382558249198, 85.8926009680988, 85.15468663652472, 86.21480740503563, 85.16137947444939, 85.57269922615635, 87.76260278654685, 87.76260278654685
96.23, 95.37355593174095, 95.48938394210977, 93.38909211856051, 91.59696022053976, 90.97443626676855, 89.79005375744053, 90.64469065057797, 92.36063911443136, 87.55712595172551, 85.67588852209451, 84.17834927434514, 85.00796617836136, 85.81502052580596, 87.31479017366243, 87.31037625411378, 86.12908619723136, 84.50371598688248, 84.52382558249198, 85.8926009680988, 87.28078931337215, 88.43709161947415, 85.82486939312408, 84.98406826740512, 86.310449543197, 86.310449543197
96.14, 93.49472882335907, 94.77662912189469, 95.12810549713153, 88.56254521714294, 90.89177790157645, 87.29509170651043, 86.90712200412261, 84.10845337987462, 85.25911298499855, 85.67588852209451, 84.17834927434514, 85.00796617836136, 85.81502052580596, 86.02021489781212, 84.75618479052292, 85.88922846168357, 87.74161818472463, 85.38299047343688, 85.8926009680988, 84.73326827916155, 84.32939815556858, 85.82486939312408, 84.98406826740512, 85.11686738525731, 85.11686738525731
96.92, 95.49234489735831, 95.50661051248181, 91.17658756918617, 89.28027485440514, 87.72119451335662, 85.48961899980043, 85.8863596368852, 86.85770628935452, 85.06640735126123, 85.67588852209451, 84.17834927434514, 85.00796617836136, 85.81502052580596, 84.31369739456835, 84.75618479052292, 85.88922846168357, 85.95043735827772, 86.59199377460696, 85.8926009680988, 86.41791582161514, 85.01558419455426, 85.22668721082364, 85.79842714351554, 85.14864028160416, 85.14864028160416
96.22, 93.45887920175747, 91.86814258457926, 92.47134924525459, 93.0937898490728, 95.51139373764866, 94.0575105475354, 93.95512786820962, 95.77483139662255, 95.700728492939, 94.2023636332731, 94.54937200158876, 94.29224388129089, 92.57952920950457, 94.7249792514546, 94.79119618303574, 90.98607372525032, 86.30215551427324, 87.43360524849368, 85.8926009680988, 84.73326827916155, 84.32939815556858, 85.82486939312408, 85.20450821169683, 84.18839048711607, 84.18839048711607
96.67, 96.35110218087782, 95.99441771015724, 89.5850996527743, 88.91067831322225, 91.2340635007225, 91.13363453631112, 91.46263875899795, 91.34803583790412, 89.08154348996558, 85.67588852209451, 87.14576548679833, 88.82469891418907, 89.22273017135618, 89.4502366437504, 90.62400024839657, 85.88922846168357, 86.05673486045825, 86.86708583621284, 85.8926009680988, 84.73326827916155, 84.32939815556858, 85.82486939312408, 85.68374954244001, 87.9559252424363, 87.9559252424363
96.06, 97.00655159366734, 98.96411960839575, 94.74882186862544, 92.8445787729219, 90.7415644096785, 85.48961899980043, 85.45646224975526, 88.04540467032555, 87.62117203111029, 86.81505777740973, 88.34439439400211, 85.74505600269285, 85.08272534838932, 86.63004058318921, 86.72981408224499, 85.93002066899766, 86.14596483816041, 87.48233477446196, 85.8926009680988, 85.27525965597539, 84.32939815556858, 85.82486939312408, 86.99853497912041, 86.98325896147519, 86.98325896147519
95.85, 96.1109090538992, 94.20159369519547, 94.43802196482656, 95.34262238342613, 96.97009518436144, 95.88468427204248, 93.25855596363658, 93.23603464433684, 94.49208051337041, 94.13501219888792, 94.68530594781619, 93.17058378746431, 91.27339657478059, 90.77002933082461, 85.53049845748565, 85.88922846168357, 88.17808741314, 89.15502984084819, 88.55292167001998, 90.19331944215305, 89.80904576615161, 86.46487006774933, 87.9053416467149, 87.33407573560245, 87.33407573560245
94.79, 94.50759281610716, 93.50799214760924, 93.29796499894184, 92.03800595307248, 93.03393094740954, 93.01163124073182, 93.96740778826073, 95.02066658240273, 96.05646723512696, 94.87263801126846, 93.37215732303015, 92.52188108126266, 92.85651268779382, 94.51169916686648, 93.3065538773269, 93.62349846594282, 94.91221989033245, 96.00620778454406, 93.47628488113669, 91.4961901262729, 89.64845594247683, 85.86149318499979, 84.98406826740512, 85.94893140673197, 85.94893140673197
96.68, 95.96356160619044, 96.38976947602981, 91.65605960589761, 92.19679587448644, 90.84883192186597, 88.00007909215763, 85.4829156262004, 84.10845337987462, 85.25911298499855, 85.67588852209451, 84.17834927434514, 85.00796617836136, 85.81502052580596, 84.31369739456835, 85.15066705711601, 85.13933884214504, 85.83203949581552, 87.77601368869959, 85.83034110576402, 86.75935611896811, 86.34358632704237, 85.82486939312408, 86.60303134282606, 86.35198451683837, 86.35198451683837
95.52, 93.838409730768, 96.06295911964261, 92.56358331882248, 93.58513455334929, 95.09817889614314, 95.21410517510681, 94.73749481448485, 93.36088274499005, 93.32089348984711, 89.96207346029352, 92.45423830050132, 89.25620066916272, 88.50891929059807, 84.31369739456835, 84.75618479052292, 85.88922846168357, 87.64897849616867, 87.45036933433254, 85.8926009680988, 84.73326827916155, 86.3875519206417, 86.30684416457406, 84.98406826740512, 85.01241703779931, 85.01241703779931
95.73, 92.40101907084214, 90.68126434307014, 89.83379854088236, 87.73983078798665, 89.96859126704177, 89.25925573834459, 85.4829156262004, 84.10845337987462, 85.25911298499855, 85.67588852209451, 85.16687725405774, 86.58885098583046, 86.31919150292923, 88.55414499791367, 88.16681464516009, 85.88922846168357, 88.17168839022652, 85.38380739346435, 85.8926009680988, 84.73326827916155, 84.32939815556858, 85.82486939312408, 84.98406826740512, 85.21224186145447, 85.21224186145447
95.6, 95.11770741198994, 94.84980981274323, 95.68192903215528, 96.427615618006, 97.85494328870267, 98.49159723601342, 89.03724436142205, 87.29182902402304, 88.31748003285752, 87.4439598472487, 89.77803441357247, 88.86536270310596, 86.77485502043898, 86.28798859345089, 85.855153225844, 85.88922846168357, 84.50371598688248, 85.70146658902273, 85.47328057312652, 86.53281143580121, 86.01668930528331, 85.82486939312408, 85.75346395268433, 84.18839048711607, 84.18839048711607
97.2, 97.2034591599105, 98.06235094183062, 95.59601820192448, 90.66628052330812, 91.76281433484782, 89.7856661608076, 89.41101748435177, 90.7086929366053, 90.63375253222479, 90.65573637328723, 89.10658294329173, 87.30578696578029, 85.81502052580596, 86.67413937549273, 87.34627569341572, 87.02103942670117, 85.61175778425803, 86.02987974259781, 85.8926009680988, 85.96541132883601, 84.32939815556858, 85.82486939312408, 85.29088128586515, 85.7365757157743, 85.7365757157743
95.63, 94.41400058420925, 96.23329241119406, 96.73828811218912, 92.94602837184286, 94.21398921167162, 95.28579581867406, 95.11920966203888, 94.52021508768371, 95.00894809503313, 95.62871733983688, 96.55738524769222, 96.6917359783318, 96.26355655162583, 97.95693146726896, 98.1060915950637, 96.59194138145101, 94.9084979194234, 92.9150481950881, 92.79041409244289, 94.26872100037424, 94.40533590102092, 88.10560786345108, 85.73862927676737, 85.98600381948572, 85.98600381948572
96.31, 97.56335405250276, 98.20696284395385, 94.63592133117494, 93.88978776246535, 93.12827621181286, 93.09684810922559, 92.3594447888758, 94.09938346658915, 94.9040393219758, 95.43283305267425, 96.44939702044876, 97.03494957946185, 96.33019489318244, 98.19077768623535, 93.73713303159286, 89.44432220779387, 89.86361117743608, 85.76641622554695, 85.8926009680988, 86.53049724919987, 84.32939815556858, 85.82486939312408, 84.98406826740512, 84.18839048711607, 84.18839048711607
96.46, 96.23137190536724, 95.21880986639998, 93.69420470666778, 94.12576236616606, 93.6068015458339, 94.14847455707378, 88.67454454251201, 88.33885707390336, 86.96225451458456, 85.67588852209451, 87.91911518917597, 87.76400551107636, 86.18204156442685, 86.85531369489863, 88.01853286922508, 85.62786841242796, 86.30224593283327, 87.93554664094697, 87.28399985266088, 84.73326827916155, 86.4665911325145, 85.49114070867931, 86.6074416546413, 86.72665054653376, 86.72665054653376
95.69, 93.37800053417679, 93.57653919577264, 90.3224529727546, 91.03685620051837, 91.42767839173591, 89.55253773210144, 89.10646153861727, 86.90547854826107, 85.25911298499855, 85.16096871044309, 84.17834927434514, 85.49948998190334, 85.81502052580596, 85.07754726895692, 84.75618479052292, 85.88922846168357, 85.43977782425083, 86.76027512376406, 85.8926009680988, 87.76678235803793, 87.08465465462513, 85.82486939312408, 87.00902919578594, 87.51104169069968, 87.51104169069968
95.54, 92.25806373165543, 93.78326601635186, 93.87269438575052, 93.27058340394484, 93.47244421802556, 91.08024608562064, 88.48737938223387, 84.10845337987462, 85.34456209672459, 85.67588852209451, 85.20623989358471, 85.00796617836136, 85.81502052580596, 84.31369739456835, 84.75618479052292, 85.10012465074817, 86.04904077411192, 86.2057083110689, 85.8926009680988, 87.71551237122871, 86.23460355768238, 86.9357416750132, 87.60550133649991, 88.76957607165934, 88.76957607165934
94.85, 94.8599937186611, 93.07943698825315, 88.04002539603349, 87.48630283949072, 88.79442131950901, 87.25561177938442, 86.46978635320214, 85.59733739759017, 85.25911298499855, 85.67588852209451, 86.06389109121096, 86.65844502207185, 86.64471793779394, 86.51791269690615, 87.1820487568292, 85.88922846168357, 85.5579583856149, 85.461302460226, 85.18500255567471, 85.02388971015228, 84.32939815556858, 85.82486939312408, 87.58267679245742, 85.96576838709326, 85.96576838709326
97.45, 96.56756428816854, 94.32731796568045, 94.34978154424977, 94.30611481992092, 95.6985043544506, 95.83104298020355, 95.21679246514434, 95.43230748383708, 96.15932667572758, 96.19852515010328, 96.37790899735097, 97.07240453554537, 96.36824844360645, 97.12639739870903, 98.7490983145844, 95.56904786911566, 97.2341737934465, 98.10786263925336, 96.30046352527302, 97.22513823142263, 96.82999711806528, 94.17697210840475, 90.25905564601092, 92.72888579087908, 92.72888579087908
96.42, 94.21541617300856, 95.75543113527458, 90.72334828579464, 91.01778613855657, 90.58664750390392, 91.72761404262255, 90.22342273380241, 89.6085221536431, 89.71811824099608, 89.12861999164868, 85.58069659807364, 85.33701982303597, 85.7222669205707, 88.068033892567, 88.23549666924606, 87.96300660682446, 88.36283742278441, 88.12185195699736, 86.38803027230203, 87.70832951106081, 84.32939815556858, 85.82486939312408, 84.98406826740512, 86.46234126978632, 86.46234126978632
96.89, 93.86893268963331, 94.8605804439098, 94.8022548310308, 88.72219189923656, 88.02334261739819, 85.48961899980043, 85.6333202633215, 84.10845337987462, 85.25911298499855, 85.83462284588718, 88.15392254170408, 87.63613832319287, 87.66430604889673, 84.31369739456835, 85.17818805370746, 85.88922846168357, 87.81157361280944, 89.29353723649618, 88.55714463745991, 90.09557964111887, 90.8164199588464, 90.73577303726678, 91.31777838780141, 91.61215170702329, 91.61215170702329
95.89, 95.17862568141507, 95.02749469454604, 92.55028186217926, 91.68912753788804, 93.16299712942225, 91.72001158083889, 91.38781154309457, 90.45423203535252, 87.22513174142203, 87.48956167822325, 88.08399814736725, 88.69827494324788, 87.72589607651939, 88.33545684740417, 85.7211465614071, 85.88922846168357, 85.99489472935322, 86.34997123776654, 85.07862967578525, 85.82448346693296, 87.34399392494115, 85.82486939312408, 85.47218053211733, 84.18839048711607, 84.18839048711607
97.44, 98.15826639206372, 95.87974162950633, 96.454168927166, 94.7194968606329, 97.25530728655511, 95.06745519076992, 95.02109708557113, 95.91940667883472, 96.78138723031624, 97.13644263568783, 96.32300964371503, 96.78717389954585, 94.88672472694624, 95.00621245473039, 93.1844268497309, 91.0119344899331, 91.04247163571647, 91.97078567953128, 92.23265367301687, 93.85293817784995, 92.0238644130156, 91.01378635053955, 92.01064640835598, 94.23890333512311, 94.23890333512311
95.77, 95.87460589640439, 97.5949728533414, 95.50626937129908, 95.56170991002391, 96.15122897532547, 95.90889129023346, 95.54902523327098, 97.99414654894828, 98.73976219712863, 96.94865092866087, 95.84250280513173, 96.57122634229727, 97.08616334138185, 97.37701148428594, 98.85290257589884, 98.75821566663633, 98.046985977629, 98.96176917561537, 97.02776732422751, 93.90891977518568, 94.90798018198666, 86.0590634444835, 84.98406826740512, 84.18839048711607, 84.18839048711607
95.45, 94.01160223762031, 91.67813976552718, 87.68335662365871, 88.88545292225339, 89.48124018150762, 88.210440579203, 86.87749308914074, 87.7526538390354, 85.25911298499855, 85.67588852209451, 86.59193404423004, 87.94729078302042, 85.81502052580596, 85.78958427211676, 84.75618479052292, 85.88922846168357, 85.14721904388428, 85.1129141162603, 85.48180914020197, 84.73326827916155, 85.5462581900309, 85.82486939312408, 86.52026417735301, 86.35385920613459, 86.35385920613459
96.08, 92.22941796767488, 93.99413430575844, 94.08010100554925, 92.1420236100677, 91.1164684256868, 91.5660634402033, 89.94641958188689, 88.09775915721269, 88.61717273648904, 89.06403272737681, 90.53770881439851, 90.1408731870581, 88.21307319985681, 89.81613238322608, 89.81920152508235, 85.88922846168357, 85.65069981471328, 87.38953352729831, 87.28590092857067, 87.50291960326891, 88.15935497191468, 86.41511954802837, 84.98406826740512, 86.72441372375319, 86.72441372375319
95.63, 94.74101186824346, 94.83502704060398, 91.74877562019024, 90.96146402642657, 92.48445129788729, 90.85683848907696, 91.72919348050881, 94.11452510235424, 92.21780207293476, 93.01749243345226, 94.90181872645911, 94.75914271194907, 94.76115740410317, 95.60253048689925, 95.18480631483439, 93.5966426652679, 94.00089057673092, 95.03047218395803, 92.83425034350562, 88.38127938925224, 88.63295683357748, 86.97018584456143, 84.98406826740512, 86.41387938685149, 86.41387938685149
96.19, 94.81355024930076, 95.1616894458182, 90.32460929598719, 91.28189995884131, 92.25277227071935, 92.65632597466947, 91.53484834936123, 91.00195303255775, 89.6016526104881, 89.70087326495393, 91.59192341862575, 92.47444288411575, 93.01542284060967, 94.47977156185775, 94.03899154573953, 93.85717984653338, 94.05577722811195, 89.56422426904882, 88.38913169379029, 88.09098978579821, 89.17558044045714, 87.93440253609782, 88.65530749533738, 90.96198772876959, 90.96198772876959
96.02, 96.31290974223188, 92.0245411113764, 89.51502273225042, 90.3478729385277, 91.62718344008061, 91.43738450603982, 90.93389136232133, 90.63180154556852, 90.12322338973016, 90.04520979201324, 91.50293991664408, 91.81921671984425, 91.6266702209046, 93.84385982602429, 92.36754049813734, 92.5435919665553, 92.80067460130762, 91.55342702459077, 89.38067911051999, 91.21736529411633, 92.23052071410852, 90.71665070185468, 90.71082382412354, 90.21017638302597, 90.21017638302597
95.65, 94.14266858069868, 93.68693849504307, 88.83629248250466, 88.17911573611978, 88.46314236658735, 87.7749331241682, 87.41985479398787, 88.96216517770675, 89.7772345917567, 89.05509625439029, 90.67067097725948, 87.3870070013399, 85.8235114818513, 84.31369739456835, 84.75618479052292, 85.88922846168357, 87.58838415120623, 87.80539343536644, 85.8926009680988, 85.67808005675711, 85.98411889633627, 85.82486939312408, 86.1843086384382, 87.40220150126636, 87.40220150126636
96.12, 95.4226852768622, 96.65665994359699, 95.39239377882134, 96.1780601282568, 98.330347243865, 97.47660455360524, 96.03201410273536, 96.84939673633085, 91.29868472284245, 90.61457663800316, 91.91162447356112, 91.26868482676036, 91.86731896347234, 89.8855209690801, 86.02569918627331, 86.36960459841396, 85.38587342308143, 86.26928710912546, 85.39096991648837, 86.92196220504611, 88.77367459146475, 88.47821022435511, 89.85058839194666, 91.24291140997067, 91.24291140997067
95.26, 93.02668069112838, 92.33111602934048, 91.27801603967828, 91.47403464538392, 92.7778988051379, 90.9050080487659, 91.68096340172953, 91.84294387880664, 92.13718624888382, 90.91077082542628, 91.91850319757226, 91.9629803709487, 85.50666153217408, 86.33085799182406, 87.28850244131542, 86.26804513190623, 84.50371598688248, 86.32829719648811, 86.33584955235418, 86.99717817872758, 88.225201596296, 87.31782945541421, 86.48840937832684, 85.23889764711747, 85.23889764711747
95.63, 97.01631298164983, 95.549874347071, 94.30716817767575, 95.31043812968683, 94.39314056294424, 93.54917764241006, 91.88670407813713, 92.0199734503457, 89.83815263174836, 89.81142828048347, 85.34289689434823, 86.65570534201812, 86.95886182148243, 86.96572526208367, 88.28923125250495, 86.01612590885583, 87.04752779449765, 89.03549081679989, 89.00018054402379, 88.6620777800673, 89.89661375297479, 90.12010159109848, 90.11714986622302, 91.49390830022813, 91.49390830022813
96.13, 94.04205041653279, 95.87926252955465, 96.53056177082196, 93.94749669938005, 92.19531878755751, 92.92443163496652, 89.87108404006669, 84.10845337987462, 85.25911298499855, 85.67588852209451, 84.17834927434514, 85.00796617836136, 85.81502052580596, 84.31369739456835, 84.75618479052292, 85.88922846168357, 84.50371598688248, 84.52382558249198, 85.8926009680988, 84.73326827916155, 85.52037192492324, 86.12625530363482, 86.78095810022813, 87.52023702575795, 87.52023702575795
95.65, 94.78245563500093, 95.53439517140288, 90.94889291542428, 91.28951791145721, 92.92488831547817, 93.5332684517061, 91.95608575733876, 93.85457470986096, 89.25795167882983, 88.5431342864217, 88.49032760107106, 89.400712028118, 85.81502052580596, 86.21345286986127, 87.43245258918057, 85.88922846168357, 87.42160279192896, 84.52382558249198, 85.8926009680988, 87.553621866725, 84.32939815556858, 85.82486939312408, 87.38616411319708, 85.03339160327155, 85.03339160327155
96.13, 96.7057229042459, 97.70114266402443, 98.61220683468353, 97.89839019327623, 96.75737303440738, 97.24462756362622, 93.90245162586818, 96.20946689791334, 85.25911298499855, 85.67588852209451, 85.75189695472737, 85.00796617836136, 85.81502052580596, 86.67718282727978, 84.75618479052292, 85.88922846168357, 86.99367199457512, 86.9555682018989, 85.8926009680988, 84.73326827916155, 84.32939815556858, 85.82486939312408, 84.98406826740512, 87.30347187475824, 87.30347187475824
96.76, 96.32176474966742, 96.60479599261141, 96.29776498920997, 95.58759831109568, 91.81124105756814, 89.98636015762814, 89.16030936691814, 91.77811613467914, 85.89155910925427, 86.04717267747749, 84.17834927434514, 85.00796617836136, 85.81502052580596, 87.83433900293886, 88.61112559363491, 88.62965107960503, 87.93293461869564, 87.53389773512599, 86.42050802244368, 84.73326827916155, 86.86799467898217, 85.82486939312408, 84.98406826740512, 86.70814626971116, 86.70814626971116
96.47, 96.98897553965965, 98.95964157385082, 93.52593380166338, 94.5177873966196, 91.31777993580896, 91.43392499213665, 92.71782684002667, 93.65483515135575, 93.98512410690917, 91.37584604273638, 91.5280175510975, 86.95389965604562, 87.11176316162236, 88.20201380582111, 87.80400526007693, 87.40388049918478, 84.50371598688248, 84.52382558249198, 85.8926009680988, 86.30641794369183, 85.81159336870803, 85.82486939312408, 86.8091686018856, 89.22782944657155, 89.22782944657155
96.05, 95.72032429601754, 94.23439411188751, 95.05197516058954, 95.38066265751456, 96.6819563235001, 96.48310584249988, 97.25519144426714, 99.5135440640155, 97.97980030986382, 97.48533813455916, 96.86380688191645, 98.4067217866364, 97.8816822339381, 96.10859090694547, 95.39549718842298, 94.26586029244537, 93.37040732718027, 93.37019065042801, 90.62044478409112, 89.46496964728703, 85.59053592482846, 85.05362915695144, 85.56030273586029, 86.22656649149651, 86.22656649149651
96.48, 91.1531171599028, 92.33068432106168, 88.45278623768574, 85.25147394837903, 86.46327903980813, 85.48961899980043, 85.4829156262004, 85.11540420894302, 85.25911298499855, 85.60836606784345, 84.17834927434514, 85.00796617836136, 85.81502052580596, 87.81804943784566, 87.9512662427322, 88.21658573361452, 89.48592664426532, 91.2577497205916, 89.12511825614068, 90.10889821385744, 91.05952069165373, 91.0081426179794, 92.6267191902312, 89.77445330299615, 89.77445330299615
95.44, 96.64900320310204, 96.68107263882455, 96.18014310400832, 90.60036419950319, 89.46977281008792, 87.29936775217709, 87.42874821851323, 88.7798997996851, 88.62158585600669, 87.42465239754482, 88.77300443992323, 90.08564863131969, 89.82038424737387, 91.04557709740405, 92.49197696860308, 92.20142659734296, 90.84827388400778, 90.85638943246926, 91.18971714521737, 92.05333428085176, 93.2773904524153, 91.56512860320476, 91.94854301223064, 87.94822816105669, 87.94822816105669
95.42, 94.9846114304715, 93.71000849824304, 92.54971182224574, 90.4846170621633, 89.22590663304067, 89.50769169916128, 86.45556712818617, 85.85743724780092, 86.102109540986, 85.67588852209451, 84.17834927434514, 85.00796617836136, 85.81502052580596, 86.3136544375973, 84.75618479052292, 85.88922846168357, 86.07112274197225, 85.43528916374775, 85.8926009680988, 86.59039679283215, 87.92624718632297, 85.82486939312408, 84.98406826740512, 84.18839048711607, 84.18839048711607
96.11, 97.15394602385189, 93.88593169965743, 92.76553626812918, 90.15292898129437, 91.74011866899696, 91.32980093308691, 91.37672925931551, 93.41716754086569, 92.43625315008879, 91.99879087281101, 86.61119596612868, 86.01628655653941, 85.22954523113964, 84.31369739456835, 84.75618479052292, 85.88922846168357, 87.03827909292261, 86.52399939532023, 85.8926009680988, 85.94978355130041, 87.00448828540175, 85.82486939312408, 84.98406826740512, 84.18839048711607, 84.18839048711607
95.64, 95.68171237373622, 94.36929510771014, 92.86172444023589, 93.65502070048214, 94.59765005485481, 92.99720306099003, 92.90740279254177, 93.10965992556162, 88.9066896092029, 88.49830171094432, 86.08481526242608, 85.00796617836136, 85.21457720773107, 84.31369739456835, 85.51405220665562, 85.88922846168357, 84.50371598688248, 84.52382558249198, 85.8926009680988, 84.73326827916155, 84.32939815556858, 85.82486939312408, 85.90053670226109, 87.31733100696522, 87.31733100696522
96.12, 94.68849931843242, 93.93991859323869, 94.03568233442347, 94.84438791846125, 95.15168621789229, 92.79552637444498, 89.98149526269432, 91.86032475565764, 86.85135628912907, 85.67588852209451, 87.73570143242527, 88.7611481790035, 86.2286579344876, 86.58023380089504, 84.75618479052292, 85.88922846168357, 86.34992956061332, 87.02240859652515, 86.03338297355411, 84.73326827916155, 85.43410957063254, 85.82486939312408, 85.93744442364535, 86.4235311339155, 86.4235311339155
96.71, 95.72729838988157, 96.95290176136731, 95.77281080983106, 94.98005404518898, 93.40104101609445, 90.00631364890658, 90.72796562969336, 91.92536376851604, 89.09478005927922, 87.43288513262166, 84.17834927434514, 85.00796617836136, 85.81502052580596, 85.24928806258612, 86.07827178521471, 85.88922846168357, 87.12186385512219, 85.57965031068429, 85.8926009680988, 85.84753247516213, 84.32939815556858, 85.82486939312408, 85.46617424602131, 86.6064235111566, 86.6064235111566
95.28, 96.7056597783142, 97.92734225289476, 97.73693189391342, 98.64242282587088, 99.15686461746823, 98.17133185925857, 95.78017682199862, 94.91304983770563, 92.60085656903436, 89.95766074612311, 92.16859708619764, 93.14420137778855, 93.61024954576918, 95.93566263522999, 94.60288743531419, 94.1020927079248, 94.54840088696818, 92.27940467060469, 85.8926009680988, 84.73326827916155, 84.32939815556858, 85.82486939312408, 86.52576214909746, 88.33483052538986, 88.33483052538986
96.04, 95.42782333654175, 96.47993162487715, 97.02321346834066, 95.9117366043413, 93.13822082512343, 93.97221633763552, 94.25727734367112, 94.84368008210991, 94.7315378575115, 94.4918353012796, 95.95197010110361, 95.98467272223448, 95.27412115589236, 93.30519234330032, 93.30364642208059, 91.45411554786493, 92.80045420803015, 90.70022884267729, 89.86274293558861, 90.79925864308069, 84.32939815556858, 85.82486939312408, 86.08860477810359, 88.45908247420391, 88.45908247420391
96.3, 95.17459091498696, 94.79985626747873, 92.68080967095858, 88.29737040573646, 90.30771097964197, 90.01766175783601, 88.75713661690051, 90.18015586882473, 90.51749731380274, 90.0227290787592, 91.81640943020298, 92.58031123243285, 91.65607474499518, 91.55390735528759, 86.15995924165603, 86.34887640751643, 88.33952084280925, 89.15605479710644, 89.31101626476546, 87.8626242447281, 87.23675591611517, 85.82486939312408, 84.98406826740512, 86.55480424177863, 86.55480424177863
96.5, 95.71527619372893, 97.29924137468498, 94.58535447294021, 94.61928549273226, 95.95862680423677, 91.96455352099521, 91.95035743068298, 93.09413357158624, 91.8786610966282, 92.15800652238161, 94.1286701798126, 94.15739651475201, 93.08749700002477, 91.56511140331263, 92.54839006750804, 91.02419602143428, 92.45228212829801, 91.76695616328101, 92.58120497944601, 93.64941636609258, 95.50963515641595, 95.15316987931483, 91.34925503278605, 89.5272963164185, 89.5272963164185
95.71, 94.23628096420819, 94.04749411593981, 94.06459307635019, 91.296688752917, 88.64237439383426, 87.68496148772148, 88.80509057683157, 88.24695872284755, 86.54736876170693, 85.36717771910985, 87.39523152240439, 85.00796617836136, 85.81502052580596, 87.45395018834641, 84.75618479052292, 85.88922846168357, 84.50371598688248, 84.52382558249198, 85.8926009680988, 87.14710167187992, 85.75120005723957, 85.82486939312408, 86.18001496028353, 86.86521050241379, 86.86521050241379
96.38, 96.88870918032126, 96.15114429834172, 96.33263424633401, 97.34652914687237, 98.36662494699978, 98.70492375468002, 96.18236642969916, 93.32293679203963, 94.39596790047806, 91.90046354038967, 93.18555268084245, 92.63490037150471, 85.81502052580596, 87.41193880804738, 87.74740850634564, 87.75240883063852, 89.48833578363619, 87.5107709194741, 85.8926009680988, 86.9208244631497, 87.98684554119282, 88.09820217148523, 86.94766743963227, 88.05293066519263, 88.05293066519263
96.9, 97.91849955521876, 98.8168739999971, 95.75092090502156, 91.28382559593005, 92.33865365410679, 92.2151369179049, 85.4829156262004, 85.6505823603967, 85.11084148999012, 85.67588852209451, 85.73438531531033, 85.48697940010064, 85.81502052580596, 86.82636340707934, 87.32073366128307, 87.31398800047164, 88.6231581551532, 87.42104148898102, 86.50663240007128, 84.73326827916155, 86.4452233854038, 86.33208919209191, 86.57958283071954, 88.1930645747831, 88.1930645747831
95.67, 91.55016243947966, 86.58674305773111, 85.13520165739544, 86.23926164823787, 84.10957757803895, 85.48961899980043, 85.4829156262004, 85.52550099258877, 85.25911298499855, 85.66365299713786, 84.17834927434514, 85.00796617836136, 85.81502052580596, 87.20497425509868, 87.49192782903943, 85.10058162560696, 84.50371598688248, 85.25612541867535, 85.8926009680988, 84.73326827916155, 84.32939815556858, 85.82486939312408, 84.98406826740512, 85.58827647450272, 85.58827647450272
96.38, 97.81170716262757, 98.08735367964991, 97.61194478099088, 94.07872353293523, 93.17307451690485, 91.6248951300547, 89.59486157967345, 86.27175927889878, 86.29521123465202, 86.07973271187912, 87.86535222655203, 88.12339188293525, 86.68976699938555, 87.08089105939466, 88.35435283987631, 88.01122757221876, 87.64473664267597, 85.9928422847035, 85.8926009680988, 84.73326827916155, 86.53291577421722, 85.96355333425974, 84.98406826740512, 84.18839048711607, 84.18839048711607
96.02, 96.21222361784325, 98.54678806417232, 98.75406547892528, 99.20726813403206, 96.02886011711354, 93.55464921836383, 93.58043790461606, 95.09012951081147, 95.99244289163346, 95.51268411755571, 92.95281379499423, 91.13788092990488, 89.34208269246378, 89.56536813505454, 87.66957236844094, 86.59879856171514, 84.50371598688248, 85.81779603596192, 85.8926009680988, 86.53605168546021, 88.36087748518496, 88.09935492671008, 87.76109727980413, 87.8669102709841, 87.8669102709841
95.84, 95.49864343826323, 95.74404467257149, 93.93723508023305, 93.5174369736947, 93.4628213930325, 93.80062936722213, 92.86015699829312, 94.25780715390152, 95.31650911387497, 92.3234544625815, 93.2064635614423, 89.18952509785001, 89.75710089252047, 89.93020255967485, 89.51373326168235, 88.17123127625969, 87.74860366936441, 89.66605102682992, 85.8926009680988, 84.73326827916155, 86.6477525914776, 85.1738525863037, 84.98406826740512, 85.47132753269688, 85.47132753269688
95.19, 96.09610578968976, 96.69950768301592, 94.85486779317564, 94.88908428234869, 93.58428529196172, 89.04913843821433, 87.93379416557742, 89.29410623083568, 85.0051039174473, 85.66265823214516, 84.17834927434514, 85.00796617836136, 85.81502052580596, 84.31369739456835, 84.75618479052292, 85.88922846168357, 85.98574353731043, 84.52382558249198, 85.8926009680988, 86.96996382126403, 86.19442598880624, 85.96358732514005, 86.39749461954173, 84.18839048711607, 84.18839048711607
96.81, 96.81676865568436, 96.74761322884432, 96.25788543023708, 93.08483633155369, 92.90521680118697, 92.2676576177402, 90.81362376320479, 90.40346506805223, 89.62088673625102, 90.13558873060298, 91.83723426409676, 86.19000229436293, 85.60444245886441, 84.31369739456835, 84.75618479052292, 85.88922846168357, 84.50371598688248, 86.01539049600494, 85.8926009680988, 84.73326827916155, 86.43303283609173, 86.3428634667562, 84.98406826740512, 84.18839048711607, 84.18839048711607
95.96, 97.05324377193259, 97.56373219960626, 98.10350877937611, 96.75108320495762, 98.23350965255032, 93.70089963851393, 94.36060784655399, 95.33528116902832, 94.0445476927608, 90.7135985394156, 91.3780730214332, 87.21652694412427, 85.81502052580596, 84.31369739456835, 84.75618479052292, 85.65623538108999, 84.50371598688248, 84.52382558249198, 85.8926009680988, 85.51343205354071, 87.13304620602156, 86.53028524872028, 84.98406826740512, 85.40276220879026, 85.40276220879026
95.7, 96.1419582010171, 96.94662437485835, 90.09338691850567, 89.20022401894038, 89.05766440285812, 89.39790353223856, 86.8178142863702, 89.17641275342902, 90.1650276159899, 89.77997633029817, 90.09341836674182, 89.58306902077891, 85.81502052580596, 85.84754347878803, 87.239158276302, 87.01008254832317, 86.2919040752099, 87.91083679168364, 85.8926009680988, 86.77455150052191, 86.99970754332195, 85.08302434867234, 84.98406826740512, 84.18839048711607, 84.18839048711607
96.02, 96.7244359676464, 98.2233215927345, 96.29410300597344, 94.51102324607339, 93.35745667356805, 92.61417783195985, 93.6506870262524, 92.90061819833718, 90.64784077184785, 88.34230613434721, 86.9946712792198, 88.57057223278332, 89.38407934388326, 88.26528917153874, 87.40341866597156, 86.41231719158695, 85.54475865999171, 85.78282224942791, 85.8926009680988, 86.50749806203822, 84.32939815556858, 85.82486939312408, 84.98406826740512, 84.18839048711607, 84.18839048711607
95.63, 94.97589710469865, 96.56188503809621, 95.89286928876292, 91.94650723923272, 92.78581632988544, 88.81046438419995, 89.0787292903879, 87.65245954835821, 87.54719768315493, 85.67588852209451, 84.17834927434514, 85.00796617836136, 85.81502052580596, 86.97821936052247, 84.75618479052292, 85.88922846168357, 85.45813113326008, 84.52382558249198, 85.8926009680988, 86.65650597298612, 86.14025774599796, 85.82486939312408, 84.98406826740512, 84.18839048711607, 84.18839048711607
96.97, 98.47109761487663, 98.30496780273262, 98.54218321451404, 99.71947997623754, 100.69573420101302, 88.13146384665518, 86.60288198251084, 88.7503410323176, 87.35988544563918, 87.57853707051376, 86.6953085398012, 87.32592537276933, 85.81502052580596, 86.69961920146672, 86.47909689762955, 86.3341060417999, 86.03738653342134, 86.95498766617094, 85.8926009680988, 87.32833498929519, 89.58797123810125, 88.40956535577523, 86.72622886965591, 86.09084532674645, 86.09084532674645
96.69, 96.60983692919473, 96.38880704858768, 96.3473878746272, 94.14750782706801, 93.31482916870156, 89.62058965535974, 87.13475959197578, 88.21886685216388, 86.91938137180823, 86.48069172330851, 88.42836246918907, 90.05746153625567, 85.81502052580596, 84.31369739456835, 84.75618479052292, 85.15992403040875, 85.15853462462883, 84.52382558249198, 85.8926009680988, 87.10327643478048, 84.32939815556858, 85.82486939312408, 86.47585941493035, 87.56138567705989, 87.56138567705989
95.09, 93.61274907926291, 93.9319142291656, 92.73009031518536, 92.55996672898527, 91.50276746139853, 91.077641803106, 86.22603481589566, 85.38471849961364, 85.25911298499855, 85.67588852209451, 84.17834927434514, 85.90483349711867, 86.08935976664783, 84.31369739456835, 84.75618479052292, 85.88922846168357, 87.39638247725186, 87.15498551382545, 87.61158421671132, 89.32405494338622, 90.59476261713452, 88.75077174182324, 90.04262404937565, 91.23320331247156, 91.23320331247156
96.52, 95.93025968067566, 94.58981328722899, 93.99310177629965, 91.75628815999012, 90.40081314171019, 90.95169308046097, 88.65867688296204, 85.89006729933993, 86.49003695668917, 86.81380154733691, 88.89369417927126, 89.36188149183121, 89.88041445063571, 91.70996214091727, 93.16902585159423, 93.67410582864026, 93.48914434795874, 93.54880895911131, 91.82189376130741, 91.97101424119965, 92.49364185533369, 90.75900161242394, 89.21228010695484, 90.08651183779963, 90.08651183779963
96.69, 95.37332630127712, 90.4467799634314, 90.05257592957929, 87.6086622705691, 90.16492374974565, 89.42032162298067, 86.63995841589096, 89.20869356846525, 89.70254947034385, 85.15252596095017, 87.7047315318814, 88.49941351067622, 86.14370029612641, 85.7322883492309, 87.13578877958531, 85.88922846168357, 84.50371598688248, 84.52382558249198, 85.8926009680988, 84.73326827916155, 86.43122755562518, 85.82486939312408, 85.10259865201142, 85.21605089627933, 85.21605089627933
95.96, 94.40532498776467, 94.04677036885312, 91.86048519053799, 86.11898520653052, 87.34151069205899, 86.60932396060656, 85.4829156262004, 84.10845337987462, 85.25911298499855, 85.67588852209451, 87.29957707923334, 87.86008420392675, 87.65643916129855, 86.95621532089001, 87.54641558172753, 85.43182390797107, 85.19236010640822, 84.52382558249198, 85.8926009680988, 84.73326827916155, 85.75889544665867, 85.00731484815768, 85.38245012423918, 84.18839048711607, 84.18839048711607
96.12, 92.33795136097879, 93.1147546380972, 92.00100492065994, 92.78241717180596, 94.79135880981953, 86.38071832067435, 87.60306279047992, 88.94155869564243, 86.55791500657799, 85.27556386258246, 84.17834927434514, 85.00796617836136, 85.81502052580596, 84.31369739456835, 86.15150444444285, 85.44392869602756, 84.50371598688248, 85.13050655119258, 85.8926009680988, 86.47142055021179, 85.58164483052751, 85.82486939312408, 85.27180797827882, 86.41631701656145, 86.41631701656145
95.92, 97.58349020087729, 97.74892067129524, 96.08302656850395, 95.42896787571962, 96.22800309690335, 94.72626953251007, 95.22522379403974, 95.87051615889082, 93.91349042975425, 93.79046036242089, 94.31219436485031, 94.82296983358391, 93.19207528426928, 91.80454986517951, 92.4974612830519, 92.54832361319352, 93.82374345476424, 94.1268998952042, 94.39985965110618, 94.79749645830258, 96.25753156403734, 94.88490737401297, 91.48167047934523, 92.09949029744932, 92.09949029744932
95.92, 93.57208524710205, 95.7512491822902, 94.4733109437808, 94.62529681917565, 95.7250075667093, 94.05946301851748, 93.56574880351857, 91.6770444674734, 86.53822573475107, 85.67588852209451, 84.17834927434514, 85.00796617836136, 85.81502052580596, 86.87898051871105, 86.98002069155994, 87.43936452343222, 87.50795341867345, 86.66225352434266, 85.8926009680988, 86.07946076924883, 84.32939815556858, 85.82486939312408, 85.4409931387339, 85.35286703213531, 85.35286703213531
96.61, 97.27695593913205, 94.74134060005231, 92.92991285285339, 93.59667799093492, 91.86595927568376, 91.9315732440162, 92.88911896776281, 91.84371888296067, 92.91950103462725, 85.67588852209451, 84.17834927434514, 85.00796617836136, 85.81502052580596, 84.31369739456835, 84.75618479052292, 85.88922846168357, 84.50371598688248, 84.52382558249198, 85.8926009680988, 87.68550875328941, 89.43702146111983, 85.82486939312408, 85.43520075929112, 85.948322305324, 85.948322305324
96.45, 97.09984824622988, 95.56326824427258, 94.9959862907594, 91.16523629773407, 92.6743361777069, 93.14222898598489, 93.24510762523005, 93.63931945358148, 94.07048161181861, 92.43755962432053, 94.45686916265568, 95.5435620020232, 95.18781455648356, 95.78003873995482, 97.3617811658344, 97.11183702282136, 97.74428059298072, 95.5992346217333, 92.14414713965137, 92.78283462193133, 90.37505129393887, 86.8387476841905, 84.98406826740512, 87.01159225561118, 87.01159225561118
97.63, 98.17359729496908, 97.41424570681447, 96.82217681540551, 98.05947220693629, 99.45956503151521, 96.67862429847436, 95.43185585358574, 97.49097834499135, 93.3736388311571, 91.61194375999047, 91.51623006002819, 89.32882245622663, 86.25778927650782, 85.69065566352423, 84.75618479052292, 85.88922846168357, 87.4077526307781, 84.52382558249198, 85.8926009680988, 84.73326827916155, 84.32939815556858, 85.82486939312408, 87.57507300156466, 89.25299435258303, 89.25299435258303
96.28, 93.42310197580059, 90.48107143625843, 90.4340568285685, 90.6057639327251, 91.99335789503616, 92.44058345035755, 93.54147453309211, 91.4813866311414, 91.31014343046976, 88.74745884098331, 88.3352408309485, 88.00831954385903, 87.79096125551509, 87.56540714209338, 87.07272432239165, 86.24247400803795, 87.5239222873022, 86.6480891343102, 86.30326570228212, 84.73326827916155, 84.32939815556858, 85.82486939312408, 86.07355449605944, 86.91823706304167, 86.91823706304167
96.83, 98.47454734532963, 99.50630653862962, 99.06867939188523, 99.75769916502898, 97.8260387463016, 96.74856637517237, 97.19667521509463, 98.21975286083229, 97.65164875489522, 90.66312135792043, 91.35866165751548, 89.58397083225357, 89.82175787423513, 90.37653228989207, 90.33200403314575, 88.1744387942821, 86.91070640041968, 85.46128731443139, 85.59986952049516, 85.36293033671595, 86.85389616198957, 86.35592984220057, 84.98406826740512, 86.82102270486492, 86.82102270486492
95.87, 96.54313831776648, 96.5675242452501, 94.79147458284828, 91.99405855472415, 90.07302981891998, 88.31462185113912, 89.26149424538136, 91.04537021888744, 90.37626999597471, 89.60733947278162, 89.98840622607105, 87.44045181251951, 87.54103775192823, 87.98653021209473, 89.86777222943016, 88.34926958604864, 88.33013125535003, 88.45534304347109, 87.30420406659515, 88.03326255005092, 86.91710491851758, 86.85636833133798, 85.50541081823785, 84.18839048711607, 84.18839048711607
95.94, 96.79375040114691, 97.59788299873112, 97.49491130244583, 98.19393698062208, 100.16642273619732, 100.53793837590948, 95.9248686679864, 95.67834752103253, 94.54309945555346, 86.31983155739606, 84.17834927434514, 85.00796617836136, 85.81502052580596, 85.3723626822476, 86.6913102281078, 86.29692836631214, 86.31516219555196, 84.52382558249198, 85.8926009680988, 84.73326827916155, 84.32939815556858, 85.10108359140345, 84.98406826740512, 84.18839048711607, 84.18839048711607
96.37, 98.01413120475661, 98.84747131435391, 93.8080165979319, 93.5049677445567, 95.97095305051766, 94.5704907280968, 92.40603114800946, 92.9942268862305, 91.47813021356627, 90.14719998778277, 90.66026485156375, 91.76313074710967, 90.96944868112146, 90.80953496200134, 91.6261764480327, 91.98390177468373, 91.70422791931139, 92.19889663726761, 87.0623335290996, 88.3110336787794, 88.76906688273132, 85.91498924686678, 87.09859683643087, 89.578672044927, 89.578672044927
96.27, 96.85014738781565, 97.37494296733593, 97.9230286381045, 98.0613921328925, 99.5854841773394, 98.62399461419905, 97.01196314536553, 97.48373406787164, 98.65047340524296, 97.55509867388594, 97.97731884310495, 93.44527955103226, 92.67481565866056, 92.7305047836261, 91.0589140082249, 87.40785973201348, 89.52617139955609, 87.84057602381324, 87.20660782195849, 85.94267742726944, 84.32939815556858, 85.82486939312408, 85.35549844779278, 84.18839048711607, 84.18839048711607
96.75, 96.78977850009741, 98.20679820301554, 98.1518842846746, 96.87176956179376, 97.35454060923473, 95.64551356895733, 96.2882389536519, 95.98406555251702, 94.59673484142911, 93.01683363363591, 93.02094491608285, 93.26354501503889, 92.87810816102336, 93.54067348817439, 88.03053262376717, 87.2803513347051, 89.3012360232255, 90.77493153321663, 90.34776273579048, 85.04096106778023, 84.32939815556858, 85.82486939312408, 85.52285694199186, 84.18839048711607, 84.18839048711607
96.18, 93.41795527633273, 90.67682298921991, 87.95012794051618, 88.48309302771621, 89.62573257154449, 89.89094366167495, 90.21371917474615, 91.50198803622148, 89.87173173986153, 88.35704187282879, 90.20952028496127, 88.44872019987257, 87.4558249991169, 86.6246106751732, 84.75618479052292, 85.88922846168357, 87.03295272081377, 86.10866246755317, 85.25937742244079, 87.17822537345337, 87.23363830803243, 87.36913914334959, 88.03188970018611, 88.6259692731333, 88.6259692731333
95.58, 97.01074289914794, 98.9334125248849, 94.94160866647016, 95.7415937513253, 96.89840974785831, 90.80296367436156, 90.77611666118652, 92.5181795269894, 91.32561275817281, 91.90714302840662, 91.58469343570835, 92.17661036346578, 91.48041734108213, 90.01643383896743, 90.05123931097621, 89.74751593982029, 90.34835069438978, 90.19087335462751, 88.57860122970928, 86.97320133138551, 88.88345907453429, 87.01145052015568, 88.1155725931995, 89.6909971269732, 89.6909971269732
96.96, 93.5463494040649, 94.24884063670062, 89.58921332868731, 89.25530551298809, 90.84096666002117, 91.62739459443843, 91.87548475957743, 93.3561812916028, 91.03617019751785, 88.96605338640262, 87.1657332710808, 88.17169957667232, 85.81502052580596, 86.4981056410962, 87.56705873180421, 85.4919476739403, 87.19158291623752, 88.43457850546883, 86.40798448796232, 86.2253641831427, 84.32939815556858, 85.82486939312408, 85.87675654620818, 87.67625073062894, 87.67625073062894
95.92, 92.07344339451774, 91.96559794231777, 89.43102088887784, 87.33318347143515, 89.08529442002137, 89.74942790670174, 90.2416299967909, 89.319993996233, 90.01816314459793, 86.22547048087428, 87.51184014525202, 87.95199493407698, 87.89745529230036, 88.52463736630804, 87.29800126713721, 87.2457835069775, 87.16165693526821, 86.9524936775753, 85.1837209577621, 85.02609188090688, 84.32939815556858, 85.82486939312408, 86.74795528213835, 84.18839048711607, 84.18839048711607
95.98, 93.17899578600169, 94.6711764719432, 93.3294269375009, 90.68092175822419, 89.93708189586056, 87.45280248990557, 88.34213882066261, 88.47942804548371, 85.21789770046966, 85.67588852209451, 87.84502274652809, 85.11665523207395, 85.81502052580596, 85.48311802139759, 86.38063899215109, 85.88922846168357, 87.49893178390005, 88.54130327260039, 85.8926009680988, 84.73326827916155, 86.0330470457645, 86.36202048289825, 87.44480344974785, 88.28804412991944, 88.28804412991944
95.91, 88.25369937304265, 89.32209921388313, 89.9545624679357, 89.47832424190044, 89.29521335359806, 85.48961899980043, 86.06264852297265, 84.10845337987462, 85.25911298499855, 85.67588852209451, 86.11559640419554, 85.00796617836136, 85.81502052580596, 87.92042282150675, 87.71962501236857, 86.81664089904719, 86.31151384596599, 84.52382558249198, 85.8926009680988, 84.73326827916155, 86.09307409522094, 85.61435453653425, 84.98406826740512, 85.09448643299851, 85.09448643299851
96.49, 97.92347339482129, 97.02796147029068, 95.12487702838014, 96.46283730769125, 96.78342592708752, 94.31679011470358, 88.11872109152397, 86.45432831995245, 85.36081809303396, 85.67588852209451, 84.17834927434514, 85.00796617836136, 85.81502052580596, 87.10520518594832, 87.22932071796606, 85.66604600395807, 85.9709983334092, 85.98352118133168, 85.8926009680988, 86.84798946988704, 88.41898540601018, 85.71331688875759, 84.98406826740512, 84.18839048711607, 84.18839048711607
95.68, 95.90813991065882, 94.77593421005068, 95.64856617341509, 92.39373034412083, 90.61798583990432, 86.81333247291391, 87.10308970101791, 89.11107492381616, 89.3109382314558, 85.67588852209451, 85.21406515898305, 85.00796617836136, 85.55759902402335, 87.75212359945941, 87.07974123810847, 85.71923982587444, 85.91899599506836, 86.81907995184739, 85.8926009680988, 84.73326827916155, 85.31512315888449, 85.82486939312408, 85.49674138162453, 87.27370305098012, 87.27370305098012
96.55, 93.39727215989834, 92.81303607369192, 93.03601463006434, 93.29490235850524, 94.37015627057289, 95.47046280614474, 94.17622571545348, 96.1611086607444, 93.71195303757938, 92.13733004758792, 93.3231340983309, 94.50989910723209, 92.76466302723507, 90.14081626291407, 90.9394809741351, 85.40347564994214, 84.50371598688248, 85.48540801542048, 85.90109159862044, 84.73326827916155, 84.32939815556858, 85.82486939312408, 86.98633208373855, 84.18839048711607, 84.18839048711607
96.57, 93.64908300194905, 94.31218096910561, 95.28481128550999, 93.76460956104454, 95.39697159466706, 95.71935478653732, 96.32437699180824, 97.97010748584508, 94.95134499649454, 95.18332836736643, 95.49385246797334, 96.18475774780758, 94.70775974824494, 94.93015380664033, 90.07642258471004, 86.67459546654544, 87.07610992756833, 88.22582436559517, 87.98289867340549, 84.73326827916155, 85.35712857604989, 85.82486939312408, 86.24934233441819, 85.10600548687587, 85.10600548687587
96.08, 97.51191958614801, 99.83212788203521, 97.71523943254874, 98.47178585095958, 98.44193120178883, 96.75984138964661, 95.76431374357533, 94.76304031550471, 95.39359693624132, 95.00322009611956, 96.4422809543763, 96.43538824059388, 92.66821667228456, 94.69582635351371, 96.68753184205676, 96.71379483768546, 97.27685800738936, 93.53257274330198, 91.34992299713313, 88.00959598590916, 88.0599179239298, 86.38595807021485, 86.11001009691326, 88.26987300957914, 88.26987300957914
96.22, 97.45694051523695, 98.55809948533343, 98.31727333045069, 99.03407905645167, 99.30266145860972, 97.06788859506196, 97.52905296225408, 96.4748697147276, 95.88560404345577, 94.46373780714123, 94.63992323352743, 94.00859470474086, 91.62365402165823, 91.86935727450737, 92.90805744389083, 85.88922846168357, 84.50371598688248, 84.52382558249198, 85.8926009680988, 85.0454683012679, 84.32939815556858, 85.82486939312408, 85.62974291078282, 84.18839048711607, 84.18839048711607
97.49, 98.30340876386782, 97.02957400191355, 94.6684239794833, 94.10137138295552, 92.78594203216548, 93.7106091325144, 92.54743308580896, 93.39252310459541, 92.80688167394204, 91.90853828123967, 90.89704546044514, 90.54412509480763, 89.02047705363054, 86.78146535250433, 86.87822526173692, 85.88922846168357, 87.65924059444615, 84.52382558249198, 85.8926009680988, 87.44183172398779, 87.44725747502993, 86.13650660415176, 84.98406826740512, 85.65340278043698, 85.65340278043698
96.81, 96.82292668300164, 97.00528191971343, 97.38599797797433, 98.06783876856369, 99.5154104017459, 98.45272363851763, 97.86836983654452, 100.35854292434735, 100.69299548120883, 100.5410042275091, 100.83746766685046, 99.8064350543089, 100.39155688862627, 101.33451830278118, 100.35818322871192, 98.13772158032016, 99.77175404228082, 96.64998772698803, 95.21322794053303, 94.68803571990955, 91.18686840645965, 85.75696724711884, 85.24150692996892, 84.18839048711607, 84.18839048711607
95.51, 91.69265063273676, 93.94792576719843, 94.4425702770742, 92.78681744674937, 91.46915862134075, 85.48961899980043, 85.23712087294257, 86.84818714333825, 85.09784055151434, 85.67588852209451, 87.68174580322977, 88.28563907628194, 86.89484119119133, 86.71457402360866, 88.52279840652865, 88.03525495905969, 88.51518391955649, 86.79601889674439, 87.5330868164169, 84.73326827916155, 84.32939815556858, 85.82486939312408, 84.98406826740512, 85.07400100479856, 85.07400100479856
95.96, 95.80579121742824, 94.14565445274576, 93.48117364553872, 93.85724359914666, 95.30621818681955, 94.72657845104057, 93.58240877212826, 94.30516187416904, 94.18453087030326, 93.10355117552001, 92.83542899393646, 87.80155659044041, 87.11932074489796, 87.03430062675123, 88.27917247251258, 87.55157417063944, 87.75346688735999, 88.05701660937936, 85.8926009680988, 86.76968224299758, 88.22672581536283, 87.5687930904513, 87.1677720908311, 88.77333757912203, 88.77333757912203
95.18, 96.47413706044854, 97.70835114315962, 90.17530973949164, 85.25147394837903, 84.10957757803895, 85.48961899980043, 85.4829156262004, 87.77179012456979, 87.59286489254931, 85.46390193166188, 84.17834927434514, 85.00796617836136, 85.81502052580596, 86.40382223331414, 84.75618479052292, 85.88922846168357, 84.50371598688248, 84.52382558249198, 85.8926009680988, 86.15107261327576, 86.09062301212414, 86.76471662429043, 86.22900426223143, 87.93208507093138, 87.93208507093138
95.21, 95.76807275491609, 95.51110722607143, 95.60368215361662, 93.06553737406334, 87.24788091879903, 85.01922807337687, 85.72311961026944, 84.10845337987462, 85.25911298499855, 85.67588852209451, 85.95503560640563, 86.84966102545665, 86.17439657569736, 84.31369739456835, 85.85316446748146, 85.88922846168357, 85.87519367203, 86.13852396038517, 85.8926009680988, 84.73326827916155, 84.32939815556858, 85.82486939312408, 84.98406826740512, 85.78314473825066, 85.78314473825066
96.69, 95.68835902621875, 97.72562405571738, 90.96532922884909, 91.37458590569885, 92.17661326362031, 93.207451118099, 92.67066829531417, 91.63624317505294, 85.6079744702806, 85.20511733313846, 86.7135614267438, 85.00796617836136, 85.81502052580596, 84.31369739456835, 84.75618479052292, 85.88922846168357, 84.50371598688248, 86.04812319358649, 85.8926009680988, 87.14384211241406, 84.32939815556858, 85.82486939312408, 86.32778698890277, 87.62294457334005, 87.62294457334005
96.71, 97.62616445872682, 96.5773434441352, 95.50901224468262, 96.7190903818643, 97.50986323123695, 94.27298252122763, 94.38579652205438, 95.97308268981263, 95.0083190095498, 94.54565468340428, 95.82992001958814, 97.19935860592038, 96.19059476698423, 96.64995364325073, 98.10672392915647, 97.07339811988595, 93.54447562055606, 91.06946356617405, 88.79738774665894, 86.30919419126143, 84.32939815556858, 85.82486939312408, 84.98406826740512, 84.18839048711607, 84.18839048711607
95.54, 91.44881613398222, 90.20486278265543, 90.56266398040403, 90.25213587477894, 92.51012038372255, 89.81944770095411, 88.80048458651379, 89.13908620883969, 87.99585872501247, 87.08787658330614, 84.17834927434514, 85.00796617836136, 85.81502052580596, 87.44923929824866, 87.2712935915761, 85.41806579130615, 84.50371598688248, 84.52382558249198, 85.8926009680988, 85.64666721009881, 84.32939815556858, 85.82486939312408, 84.98406826740512, 84.18839048711607, 84.18839048711607
95.69, 95.73536046991234, 93.02735022504345, 89.77723164351612, 88.2542901506057, 89.68456313422143, 89.24122906766934, 85.4829156262004, 84.10845337987462, 85.27914890542995, 85.67588852209451, 88.0384231710745, 85.00796617836136, 85.81502052580596, 87.05558666278249, 87.0366050262361, 85.88922846168357, 87.04845509260306, 88.69800124976645, 85.8926009680988, 87.42414319189471, 85.63988334271058, 85.82486939312408, 86.10878481699102, 84.18839048711607, 84.18839048711607
97.31, 97.62761884229903, 98.1977223407015, 98.64282116422534, 99.45624247834151, 99.32873957373234, 98.18205903126623, 97.53119162767173, 99.51143406556726, 99.11856710548352, 99.96887669874084, 99.86727367695099, 99.49997520388742, 97.89181971582993, 99.92910384766186, 97.59580125207933, 96.5148213317498, 98.07675267585928, 97.62786285019783, 93.22921812899558, 92.20857360709194, 94.2703023735536, 93.53083756928078, 93.12637295983903, 93.68062822392777, 93.68062822392777
95.67, 94.65582706011739, 90.926259509226, 87.0872473456732, 85.1567863349224, 84.10957757803895, 85.48961899980043, 85.4829156262004, 87.3153883029805, 85.25911298499855, 85.67588852209451, 84.17834927434514, 85.00796617836136, 85.81502052580596, 86.77070841884661, 85.79185219577577, 85.12725470737176, 86.24254737792097, 87.3405244549011, 85.8926009680988, 87.79817519677032, 89.31111544856769, 89.22110151319053, 87.00483341454331, 88.17988129698136, 88.17988129698136
95.74, 96.79033009299093, 91.42164238591343, 89.52469609776496, 88.8778260936797, 90.27430661709361, 89.15797702200264, 87.61489454033673, 87.18310994791295, 88.09160675142219, 88.3814397713828, 90.0874699749946, 89.71189646473314, 88.23233168674919, 88.86293821075319, 90.40741034721586, 90.79919695731935, 92.86212178054436, 89.67597396674698, 85.2737881600634, 86.48733397556575, 84.32939815556858, 85.82486939312408, 87.2112090810042, 88.21480157990831, 88.21480157990831
95.21, 96.40023097146262, 91.4201089882654, 90.79097033175871, 90.73306700679211, 92.78286351853549, 93.92024578510497, 93.48322670388777, 94.63642091661754, 95.08983426023701, 95.12594742798697, 95.14537935048578, 94.07979465526623, 94.4163312434664, 95.77973593429479, 93.78245579845765, 91.92138107178833, 91.75322154386087, 92.33003919308285, 88.53800930573213, 86.64586000432638, 87.12644040194253, 85.82486939312408, 85.64772064474275, 84.18839048711607, 84.18839048711607
96.72, 97.23954516557286, 99.32089924131888, 99.93163694659037, 97.72591152642218, 99.18093565055914, 96.80503408170635, 97.72850738731469, 97.3853602531205, 98.72735872689313, 87.84542951918861, 88.00711220510475, 89.11375111581914, 88.84091433193801, 89.41251945112276, 89.45791796095388, 85.88922846168357, 84.50371598688248, 84.52382558249198, 85.8926009680988, 84.73326827916155, 84.32939815556858, 85.82486939312408, 85.9605477770567, 88.01398417310106, 88.01398417310106
96.17, 96.31840743211578, 97.71130570603698, 97.77584164646353, 98.6562328797227, 99.46086974400355, 98.89470853830876, 97.25362513320079, 99.34707154417339, 99.98486239703129, 98.34438702715734, 97.7137404386601, 97.80481742868565, 94.95649780949478, 93.63276681749218, 93.17355036985742, 85.30797266190336, 84.50371598688248, 85.45604068173776, 85.8926009680988, 85.38591952547004, 86.77880526100213, 85.69607180769363, 86.69768027925659, 86.33107096577032, 86.33107096577032
96.33, 95.72564338413315, 97.91098183408712, 93.02970634717524, 91.49464941677353, 93.70775474685186, 94.42911564626999, 94.54216477047996, 94.19143437635503, 95.2722601459825, 95.98951425726013, 96.86418883082416, 97.18485438975962, 96.76238472913238, 96.31257909237817, 95.27097110567935, 91.86459940432421, 93.34720388341363, 94.31836708332982, 93.51178741101779, 94.18780836593248, 93.27053535128186, 93.36560896388403, 89.97649806535011, 90.09047611766249, 90.09047611766249
95.95, 96.71408971613506, 93.16752924910494, 93.51517609807267, 85.65240023542786, 86.64325967698404, 85.58746425150447, 85.81128783186514, 86.63927395728044, 87.27602492957905, 87.9468083970803, 87.52753190836113, 87.92860742085966, 85.67572055131876, 84.31369739456835, 85.14056490254177, 85.30752292966885, 84.50371598688248, 84.52382558249198, 85.8926009680988, 85.83189940799022, 87.31283336519408, 85.95731881334075, 84.98406826740512, 84.18839048711607, 84.18839048711607
96.1, 97.12560973710892, 96.47808783989746, 96.66291802879869, 97.60157155916662, 96.1594249774342, 92.6835887472637, 91.26605867683672, 92.38127242901197, 93.18876749659526, 93.20669161445686, 91.4200328656736, 88.93911544024886, 89.82363344006768, 91.54803551140823, 90.65420374069257, 89.21800412142375, 87.84836504970409, 87.24115308665395, 85.8926009680988, 87.0110213635632, 88.83124611405763, 85.82486939312408, 84.98406826740512, 85.78384547785826, 85.78384547785826
96.51, 94.80185889824533, 94.9966805015777, 92.59048031615033, 90.93430357826018, 91.30977462324827, 91.18947654895439, 91.35396209366861, 91.67070439827505, 88.34074325747582, 86.53472442799513, 87.55597059058061, 86.29340934857835, 85.81502052580596, 87.94192491173762, 89.28181683627933, 89.8878455029089, 88.75554069663286, 84.52382558249198, 85.8926009680988, 85.18422048482148, 84.32939815556858, 85.82486939312408, 85.65133167836444, 85.97432872447845, 85.97432872447845
95.24, 95.5527982805544, 96.62663057943891, 95.77861427789817, 95.29249085220839, 95.19859666957666, 94.85285449289772, 93.47535588147117, 94.4511532776868, 95.33497540141732, 94.12143836289457, 95.39800140837038, 95.75511254490314, 92.83835507145936, 92.1667063542057, 89.00016093579387, 89.58356170439544, 90.85627734410063, 90.42540581341667, 88.83165636050406, 89.08589366936133, 86.76541976336226, 86.49004380687175, 87.9602846572179, 87.22238918301753, 87.22238918301753
96.76, 98.23220336800324, 100.44013196893042, 99.91320785832072, 100.66922210189485, 102.43505980387292, 103.3652085586211, 104.39847807876139, 101.5375583890999, 102.14386266376064, 102.05123312238646, 100.33905114997468, 101.61195701304898, 101.73233221344563, 104.01761737211811, 101.44209991280955, 100.26700693823375, 101.83801229053762, 101.93179594246516, 100.58652198864208, 100.8577147868959, 102.35545456026767, 102.18335517916337, 100.94488003018999, 102.37027704803353, 102.37027704803353
96.53, 94.89691093786526, 92.52714397973124, 90.14341412402935, 90.45689696251641, 91.50041651468217, 85.53030128982934, 86.18965386229716, 88.34010633173315, 85.28072497527995, 85.67588852209451, 86.87629639353023, 86.51417449258747, 85.00418556289182, 84.31369739456835, 85.22574002060495, 85.05775831817382, 85.12642044746926, 86.15116762288562, 85.90614436020033, 85.55617192685473, 84.32939815556858, 85.82486939312408, 84.98406826740512, 86.02837229586346, 86.02837229586346
95.25, 95.91585113559154, 96.00420479987095, 94.59285176353615, 95.44657542605773, 95.88519464139368, 96.13995555796296, 96.21323503323113, 97.21355544704174, 97.9788429996244, 97.4971522615038, 96.43952431636923, 95.91473140932767, 93.85982842664558, 95.40343083048349, 95.21105863590286, 93.49584680278308, 95.72693873573877, 97.5459147781509, 95.7278168943292, 94.12668202201179, 95.08559421557761, 94.06625658772957, 94.58803504341063, 94.1245930509491, 94.1245930509491
95.94, 97.2472857196064, 94.66622860135872, 93.36629890558146, 93.71915136274794, 94.63170105001171, 93.22025107151165, 90.8439372362816, 88.20289033301236, 86.17267904962772, 85.78077976198188, 86.27720266124128, 85.00796617836136, 85.79552076760716, 87.17405417148333, 88.76177175115588, 85.34302551315845, 84.50371598688248, 84.52382558249198, 85.8926009680988, 87.12595266391276, 84.32939815556858, 85.82486939312408, 84.98406826740512, 84.18839048711607, 84.18839048711607
96.39, 85.0, 84.18163231585689, 85.68112224577713, 86.73521591708786, 86.90253604751554, 85.49889296523533, 85.4829156262004, 84.10845337987462, 85.25911298499855, 85.67588852209451, 86.35040799815779, 86.32526755129904, 85.81502052580596, 84.31369739456835, 84.75618479052292, 85.88922846168357, 85.65362831295865, 84.52382558249198, 85.8926009680988, 86.06626879161941, 87.33108327141271, 87.42419770143393, 87.05799174746483, 87.84843545982221, 87.84843545982221
96.32, 97.85865181079852, 96.1206601755719, 96.72982314529197, 97.86722929616661, 93.09392922664955, 93.4324058247244, 91.58057191319368, 90.16507383846327, 88.37437042511476, 87.82435384641353, 90.16002196754663, 90.8797947460634, 91.01859180578464, 91.51647950254808, 88.67825470523898, 88.06416970110426, 88.84384752249416, 90.1733582820207, 88.70406991543226, 90.33361853001577, 89.89141632772001, 88.99007302558877, 88.75818891127122, 87.70173338075242, 87.70173338075242
96.07, 90.38112046726528, 90.64194178575583, 90.8066602087485, 89.95145180013262, 92.49264678778964, 90.57513499567861, 90.57290067487362, 89.31536948837689, 90.10606254453685, 89.48703600360142, 91.01647200342374, 87.91034894019117, 88.46295759211073, 84.31369739456835, 84.75618479052292, 85.88922846168357, 87.27423058908087, 89.24513715898148, 87.91212229501569, 84.73326827916155, 84.32939815556858, 85.82486939312408, 86.72950640220343, 84.18839048711607, 84.18839048711607
96.88, 95.9545714521696, 97.04261562417292, 95.17911637165285, 93.85414560237176, 91.56885747270968, 88.75695760402354, 89.68766337763039, 86.84986570453901, 85.25911298499855, 85.67588852209451, 87.34220161597285, 85.11510272294251, 85.05345812470368, 86.43449453764642, 87.44275055826915, 85.88922846168357, 86.86817845391022, 85.74893295190057, 86.03434815165278, 86.05135030093064, 84.32939815556858, 85.82486939312408, 86.6741392676553, 86.97246746138872, 86.97246746138872
95.59, 95.96758224065407, 95.06435524674838, 93.39872972554431, 89.39384004591703, 91.37345741224335, 91.74488635063526, 92.00910825272699, 91.68618467249347, 90.70814051995728, 87.11570969133476, 87.2487861369624, 88.46396776303348, 86.53198695703955, 87.95232333025558, 84.75618479052292, 85.88922846168357, 87.47092926600453, 86.24128411506993, 85.8926009680988, 87.69136281275304, 87.27931478389995, 85.82486939312408, 84.98406826740512, 84.18839048711607, 84.18839048711607
95.97, 94.82418231969416, 95.60637711911427, 95.6443291255491, 95.24535908846325, 96.75602823541814, 93.94904649127092, 85.91131530842786, 87.22530459643508, 86.90587571196271, 85.30753767221452, 87.54799744819285, 88.35249414320651, 87.93699340492405, 85.6737563412578, 86.56596637792286, 85.53581076881125, 86.31549940813808, 84.52382558249198, 85.8926009680988, 86.50501887248593, 88.53212619316632, 88.80985915314568, 87.99962396208629, 86.75640892561032, 86.75640892561032
96.01, 92.00835917157322, 93.86720795049824, 89.19982068305204, 88.58271906740238, 88.22109077612366, 86.03342918910279, 85.4829156262004, 84.10845337987462, 85.25911298499855, 85.67588852209451, 87.14800057411053, 85.00796617836136, 85.81502052580596, 84.31369739456835, 84.75618479052292, 85.88922846168357, 84.50371598688248, 84.52382558249198, 85.8926009680988, 84.73326827916155, 84.32939815556858, 85.82486939312408, 86.50144388702769, 88.08808972360617, 88.08808972360617
96.65, 93.38130464289104, 95.26510719116408, 94.65027298275224, 93.69836914535679, 95.38468741849744, 95.34851858894208, 91.47768685050761, 91.87912754336993, 90.77014189501408, 90.53372209836114, 90.90906543790032, 91.26537112320912, 91.00920739065735, 86.77916617569015, 88.30829117428729, 86.01149655064073, 84.50371598688248, 84.52382558249198, 85.8926009680988, 85.95235326194958, 85.70943507207016, 85.82486939312408, 86.5107729199256, 89.03943730406915, 89.03943730406915
95.54, 97.17585700418587, 97.10283512716427, 95.60411587477942, 94.72888895744114, 95.53351139081553, 94.98101642752512, 91.37198777605325, 89.47213156628833, 90.25912337531695, 85.67588852209451, 84.17834927434514, 85.00796617836136, 85.81502052580596, 85.29948622534963, 84.75618479052292, 85.88922846168357, 85.8591830198839, 86.07094228529833, 86.73909885195401, 88.00866150723196, 89.22206586486061, 88.1342999721043, 89.67714420113995, 90.53028733987769, 90.53028733987769
95.33, 95.66551696538818, 96.5480846525294, 92.58156590512367, 92.65391064579353, 90.48634711107967, 90.87199465843305, 88.95422115506847, 90.892701417556, 89.25989352754051, 88.4428965920665, 86.22377560391287, 86.11378017274633, 85.81502052580596, 84.31369739456835, 84.75618479052292, 85.88922846168357, 87.83246081265204, 89.87041715664631, 89.95548387826568, 88.9241440694664, 87.93329331475734, 87.29206965734838, 88.89405821337404, 87.1478941823925, 87.1478941823925
95.9, 94.63718611956199, 94.30540616286235, 93.74497816831827, 94.34266744873693, 93.36710357989168, 88.03231126189557, 86.409025576144, 88.72231397689585, 88.13696768251721, 87.78326816081183, 88.13107773070897, 87.87049383685714, 86.72789650066873, 84.31369739456835, 84.75618479052292, 85.88922846168357, 84.50371598688248, 84.52382558249198, 85.8926009680988, 85.84840558504833, 87.66576469235214, 86.50271999833377, 86.81466251640552, 84.18839048711607, 84.18839048711607
96.56, 95.41953311265021, 95.67714314586215, 94.14123684945989, 95.35453960286732, 97.05667578670798, 96.49721087265922, 95.6471372973764, 95.61118024667879, 95.71250717457932, 95.78961844459796, 97.51846125065904, 93.9948331740515, 94.37140769767585, 94.47154124387694, 92.22716828142806, 92.13721993592225, 93.8180427606129, 94.88814650171076, 95.03033318381917, 96.71385835618013, 96.22826824668512, 96.6994418308325, 97.03779509737485, 98.75120315550389, 98.75120315550389
95.07, 95.50823805525248, 97.31663198074939, 90.54823546034298, 90.25993542995084, 90.93531967339909, 91.0049448686488, 90.16893107970023, 91.04704326729197, 91.9861907534064, 93.08712841596127, 94.8841162643441, 93.17075699825206, 91.6381352625605, 84.31369739456835, 85.23851215733882, 85.88922846168357, 86.74365322623838, 84.52382558249198, 85.8926009680988, 85.32856937720102, 86.29248133375052, 85.90896878508794, 84.98406826740512, 84.18839048711607, 84.18839048711607
95.91, 96.19315571465347, 98.00346845583708, 94.33485616672282, 93.32038100215803, 92.46260869164375, 90.53955688246334, 90.38596356576932, 90.99439199821319, 89.87001852908423, 85.67588852209451, 87.71971789859168, 87.86998298993615, 86.40544202951747, 88.4583927740099, 89.16464726891299, 88.15840224680332, 84.50371598688248, 84.52382558249198, 85.8926009680988, 84.73326827916155, 84.32939815556858, 85.82486939312408, 84.98406826740512, 85.14038162202347, 85.14038162202347
95.71, 90.36474066282378, 90.63185820494414, 91.26913368803777, 91.53554723579066, 93.15600334381367, 94.08197488778349, 93.47016314001982, 95.5813020473916, 94.02765429531573, 87.36218227850081, 87.55907650293683, 86.16505949965786, 86.7717931184719, 88.19231715788658, 89.49650497561476, 88.87646988942832, 85.54500996300659, 84.52382558249198, 85.8926009680988, 84.73326827916155, 84.32939815556858, 85.82486939312408, 84.98406826740512, 87.27195370932463, 87.27195370932463
96.88, 95.48583519980804, 96.30675726668655, 93.07650933758825, 92.32761462262818, 94.54270415847782, 94.21698384765352, 92.67489118952412, 90.54360791928512, 90.65943006126403, 89.55487171698225, 88.22946320378536, 87.30290941820076, 88.16723114420613, 89.32479491188988, 88.52818410017052, 87.89376618710673, 84.50371598688248, 85.67452506872525, 85.51630915659787, 85.2363536762288, 85.52118650947563, 85.41149817409044, 86.36512133322904, 86.46831595650428, 86.46831595650428
95.48, 96.9692761289176, 97.13010354800025, 96.00783659388739, 91.62971992324854, 87.50043530284702, 85.48961899980043, 85.4829156262004, 87.71287890850158, 87.02970513877298, 85.01462726347573, 86.44474353211297, 85.00796617836136, 85.91127055941867, 84.31369739456835, 84.75618479052292, 85.88922846168357, 87.69525014849599, 89.15408169532972, 85.8926009680988, 85.94721002459146, 87.75666810270768, 87.40280929077628, 89.14643813023234, 88.69884090817031, 88.69884090817031
95.81, 96.50364268731151, 97.65397776396611, 94.50361156761142, 90.23789691582688, 91.82714105235662, 91.48153010675505, 89.86499782073862, 89.67889356332397, 89.33415070570513, 89.19923407985593, 87.21278693394878, 86.58617181929412, 85.24223324244885, 85.13323294093851, 84.75618479052292, 85.88922846168357, 86.13319466905375, 84.52382558249198, 85.8926009680988, 85.40765973945565, 84.32939815556858, 85.20085592618547, 84.98406826740512, 85.11948097855418, 85.11948097855418
95.91, 96.40568744921048, 94.99485995348962, 94.14758934795209, 90.61106847683641, 92.27048619582112, 91.62840145265801, 85.4829156262004, 84.10845337987462, 85.06647964644092, 85.67588852209451, 86.89381599315267, 86.8985637171045, 85.81502052580596, 85.62338500106021, 86.74393353207006, 85.88922846168357, 86.24537965002196, 85.86214618683283, 85.8926009680988, 84.73326827916155, 85.29720590656726, 85.94109924795337, 85.26831089790028, 84.18839048711607, 84.18839048711607
96.2, 96.24572545255448, 97.67134000536183, 89.55275440408536, 89.78926993843423, 90.93441885769253, 90.83782144887994, 89.9373047365142, 90.31743802888653, 89.89234582692578, 89.78440550226954, 88.3912227480404, 89.45785374368303, 89.55151579712901, 86.95181642059669, 87.31065953914485, 85.88922846168357, 85.56257980046703, 85.08607270749914, 85.8926009680988, 85.37253706870418, 85.8019259741322, 85.82486939312408, 85.73283876439716, 85.14569978588702, 85.14569978588702
96.0, 96.8321331910432, 94.9023284646479, 93.3539051348236, 92.59668616852721, 93.34862200271485, 93.9908197423608, 91.71438553765338, 90.80144214512316, 87.49497702413773, 88.11635684920573, 88.85081256128406, 89.33694164602481, 88.47314441517719, 90.21031339651977, 89.38935654126871, 88.8697825657254, 89.89250367538123, 89.43815310379433, 88.22073277171697, 89.53724142806118, 90.88761879223107, 90.65654322995111, 88.92132726592264, 84.18839048711607, 84.18839048711607
96.05, 92.78345116008896, 93.49448581358492, 91.91214921660092, 92.94089765141632, 90.42596580088909, 89.91963852070425, 91.09850712285949, 90.87453834816995, 87.01706831564603, 87.28440420590681, 84.17834927434514, 85.00796617836136, 85.81502052580596, 87.4287770040097, 85.45912604204317, 85.88922846168357, 84.50371598688248, 84.52382558249198, 85.8926009680988, 84.73326827916155, 84.32939815556858, 85.82486939312408, 85.79851587958291, 84.18839048711607, 84.18839048711607
96.2, 95.79577302769479, 96.12929486053785, 94.45216182930207, 93.23777654912001, 95.286785225031, 94.96004095018645, 94.93632650751992, 89.26743358680358, 90.67850945608797, 87.89871435435306, 87.56248037816226, 86.62351286722635, 85.81502052580596, 84.31369739456835, 85.91988502761085, 86.21520551249868, 86.400497309054, 85.06929605942955, 85.8926009680988, 86.3712594221774, 87.4708388623599, 85.82486939312408, 84.98406826740512, 84.18839048711607, 84.18839048711607
96.15, 92.23835582482315, 90.3798625864157, 85.68112224577713, 85.19130029784343, 86.52926564780147, 85.61752382370908, 85.15637157534778, 84.10845337987462, 85.25911298499855, 85.67588852209451, 86.33782634815469, 85.00796617836136, 85.81502052580596, 84.31369739456835, 84.75618479052292, 85.88922846168357, 87.27755862250089, 89.01660792781121, 88.6945718828239, 88.61984610481146, 89.39114400880108, 88.615574300196, 89.21222049273304, 89.32247729045807, 89.32247729045807
96.32, 91.1720829397879, 92.49375817476637, 87.63916991194203, 87.53377228526077, 84.10957757803895, 85.48961899980043, 85.4829156262004, 84.10845337987462, 85.25911298499855, 85.14009613484761, 87.44185420754198, 87.57161194266091, 86.37209427578573, 87.72382467609411, 89.00657363853222, 86.4274279148087, 87.02476191779006, 84.52382558249198, 85.8926009680988, 86.93432881255474, 87.77771140964344, 86.93699436846059, 86.73692241037308, 84.18839048711607, 84.18839048711607
96.8, 92.60794025646584, 92.83786692877652, 89.77780446455117, 88.98528177637078, 87.99082243860832, 88.02102526187555, 87.89524406422251, 87.62933583199322, 85.44374858284549, 85.67588852209451, 87.80898575329144, 87.25791708029651, 85.02125953370937, 84.31369739456835, 84.75618479052292, 85.42210524416141, 84.50371598688248, 84.52382558249198, 85.8926009680988, 86.31983701749495, 88.0839071550902, 88.43055247424623, 87.50265536769521, 88.41616481976013, 88.41616481976013
95.54, 97.1051125313318, 99.42607758853124, 100.1656932399861, 98.97460876712523, 99.69346895475694, 99.13330449922907, 88.5699015330108, 85.019572283726, 85.25911298499855, 86.13612904655194, 85.74905386399527, 85.00796617836136, 85.81502052580596, 85.39747770731846, 87.00817508446117, 85.88922846168357, 84.50371598688248, 85.18662774252596, 85.86870962847192, 84.73326827916155, 84.32939815556858, 85.82486939312408, 86.78890984404825, 88.85426396568042, 88.85426396568042
96.23, 96.24898638283335, 97.1805633717353, 97.18828754508245, 96.67165881712538, 98.30891528543248, 98.55689956825435, 97.57841788185321, 95.49895693070226, 94.75653813736494, 90.53392021336802, 91.69518166874127, 89.66644308836032, 90.01895041073757, 90.4352581841632, 88.23695075974535, 88.33404544333176, 86.58519880538884, 86.75795889020151, 85.5512072754495, 85.59206790067333, 87.62590162793252, 88.21642228891874, 87.18746474883007, 89.66571644145536, 89.66571644145536
96.07, 91.49881692465807, 90.60752094149535, 91.00904970354863, 86.57520297103721, 85.99870894806853, 87.18290676336449, 85.96270046047636, 85.91369194970024, 85.25911298499855, 85.7119733927181, 85.3432550345627, 85.53578424869549, 85.81502052580596, 84.31369739456835, 85.64854056636925, 85.88922846168357, 85.47942851401399, 85.88607255411414, 85.8926009680988, 86.50833802938486, 88.40094310852847, 86.21615804529719, 86.5695868549187, 87.64791004744586, 87.64791004744586
94.79, 93.44012172336161, 93.36147716512636, 92.83509595602729, 92.165447246669, 93.11594578662438, 87.94620906402956, 87.49050741330076, 88.98305632272941, 89.9449620225732, 85.32659764365295, 85.3957087081284, 86.89481487238486, 86.81686595343962, 86.27845088685098, 87.2069344824294, 85.30696434711663, 86.21940153120677, 87.08565269778806, 85.8887661764101, 86.79717566966853, 89.2389928454947, 85.89246598602456, 84.98406826740512, 86.2724974694441, 86.2724974694441
95.82, 94.16833276902646, 96.66995236366989, 97.55688125955326, 97.68648042593546, 97.25997803139605, 97.17624917312938, 94.84260437030916, 94.34040800757737, 92.65440272104324, 89.44533863323133, 91.25714223234947, 90.33536145306222, 91.03482777321605, 91.3072310372431, 92.52089093602906, 92.25412283587829, 94.41260022978956, 95.50860112757921, 92.60098099396151, 93.52558373798608, 94.37582157522215, 94.14184980036258, 95.58712582588953, 97.36235066049771, 97.36235066049771
96.84, 95.63037871541326, 93.37245608723713, 92.2095265392991, 90.97218599861912, 93.3403462404931, 87.03254147579399, 87.72086588071298, 89.49488710166293, 90.07148812982078, 90.72775504594941, 92.1779984453258, 92.13261692427179, 89.63751622988701, 87.94209299525275, 87.29037815514288, 85.93547770173149, 86.6011730867545, 86.59210238784374, 86.36513484321469, 85.65837293783574, 87.01187542834684, 86.61277073796664, 86.34788425366168, 87.7424730311751, 87.7424730311751
95.56, 96.9831168355469, 96.61890880916897, 96.11173939173327, 94.6464442483541, 95.11268951394027, 92.65760131606551, 91.69498785423143, 92.25520592585197, 90.68820161281067, 90.2552015298811, 92.0410416523927, 91.30477646586814, 91.55584535823597, 90.44766022144913, 88.43165816977853, 86.73597759411342, 87.22819023616195, 86.92216376637222, 86.95268724562133, 86.04659299434118, 86.13920467741337, 85.82486939312408, 85.64797478376187, 84.18839048711607, 84.18839048711607
95.13, 93.2799357183089, 94.24866333049037, 89.82342403612951, 86.5435253149774, 85.24425462522031, 85.48961899980043, 85.4829156262004, 84.10845337987462, 85.55939596751512, 85.78721270736487, 85.47306342309527, 86.17907774479723, 85.81502052580596, 84.31369739456835, 84.75618479052292, 85.65751898269335, 86.20644226768368, 87.83918146974199, 88.18000632745901, 87.99485248570625, 89.48042011628092, 88.124994589877, 86.85941129581646, 88.37657440446664, 88.37657440446664
96.66, 97.28133292864051, 97.54162432073167, 94.95868471592912, 94.78400561024824, 96.54754287455158, 95.21662934628723, 95.5548732008161, 96.80192775103859, 97.47856537551368, 97.68317673068093, 97.08500954647288, 95.34974847326926, 95.81655449937328, 95.52939552420766, 96.44678166873443, 96.00466849730331, 96.99991627432283, 95.58610751476154, 90.94285686413136, 89.661803302333, 89.62707174565388, 89.04856485346633, 84.98406826740512, 85.02913453481978, 85.02913453481978
96.36, 95.36784486303591, 92.79222461986646, 91.59248498574534, 92.04649623184835, 93.05984459672362, 92.49182442953443, 93.17675398533103, 93.16968549747226, 87.50058867958013, 86.67567513280545, 84.17834927434514, 85.00796617836136, 85.81502052580596, 85.31349303746738, 85.74145097616277, 85.88922846168357, 86.20528662476124, 87.69807227985173, 87.22522979650928, 84.73326827916155, 85.6210534506388, 85.50719276132519, 85.3939888199739, 87.09021014742946, 87.09021014742946
96.09, 95.64026948826823, 97.54315492037895, 90.38041125983946, 91.06262969263076, 89.41235375733164, 88.98707101265553, 87.77714338197869, 88.69228652951412, 87.5476576237108, 85.67588852209451, 84.17834927434514, 85.00796617836136, 85.81502052580596, 87.56883164099006, 87.2542651907503, 87.01372530937289, 84.50371598688248, 86.12162599912767, 85.83890808733834, 86.09020542165393, 88.14326154983729, 86.17826419853604, 84.98406826740512, 86.25874878735405, 86.25874878735405
95.65, 93.60201023561027, 94.83506088825897, 95.6709442702487, 96.6173897956707, 98.7647172792079, 97.03593345469822, 93.19526880301453, 95.45497803360954, 92.39708172315538, 89.0851917544392, 89.26735102191496, 86.40761121663715, 85.81502052580596, 86.79068907807006, 86.97618392169898, 85.59184596767479, 87.52253812134663, 85.75906033540822, 85.8926009680988, 87.56799669802501, 88.01217859897835, 85.39255364589157, 86.08493871209815, 87.99659776837824, 87.99659776837824
95.97, 95.00784119198221, 95.28674998403118, 96.26500085325362, 96.79555738387964, 95.31050958148337, 95.77719839254542, 95.92143644205083, 90.88713549103355, 90.16041016932112, 89.78575742395354, 89.12845686750315, 88.92991415374257, 87.70576773169974, 89.83047194872677, 89.81211814281478, 89.85456343583594, 89.90685903199522, 89.46300415038154, 87.84650062255996, 88.35122166903523, 90.57012523894353, 85.519361422567, 86.36950584445415, 84.18839048711607, 84.18839048711607
96.32, 96.61325958149665, 95.18473835296038, 93.32932761487118, 94.04666091609481, 87.26492284592095, 86.44814540965558, 86.86788220050938, 86.21374995517411, 86.68205532068787, 86.00785745202069, 88.56238582265519, 88.3294965884026, 86.6403137336965, 87.74660365389654, 88.20153648904628, 85.38267925060866, 86.2071950352698, 85.12803055671766, 85.8926009680988, 86.78312846697841, 87.40081739755767, 85.34740724088914, 85.72731112811162, 86.39113537485929, 86.39113537485929
95.98, 97.67939990493471, 94.1237187355043, 88.49445926529839, 86.66502389276556, 87.6827087713388, 87.514930767778, 85.4829156262004, 87.91247110376695, 85.25911298499855, 85.67588852209451, 86.37658274982489, 85.32678125607183, 85.81502052580596, 87.37363916173183, 87.4002687939761, 86.50992849786074, 84.50371598688248, 85.17633493698317, 85.8926009680988, 84.73326827916155, 85.57589365130644, 85.82486939312408, 86.15846470492073, 88.1712593616626, 88.1712593616626
96.18, 96.24835133576988, 89.70850671197945, 86.37841946624012, 87.0992217503431, 84.10957757803895, 85.48961899980043, 85.6423852815892, 87.01300964494857, 87.00207272755495, 86.50893128157306, 87.09415406977496, 87.1607179620394, 87.75615917365124, 87.01537217765464, 87.31349365498733, 85.88922846168357, 86.97366930201065, 86.87466366391851, 85.8926009680988, 86.38271348774026, 84.32939815556858, 85.82486939312408, 84.98406826740512, 84.18839048711607, 84.18839048711607
96.17, 96.55803826661639, 98.92955580083003, 94.21942107374278, 95.18615169649463, 95.74894515051656, 94.17858735603164, 92.38267786344574, 90.86703216957494, 89.69635730145986, 88.56551594132195, 89.33340779991245, 88.70467873930941, 86.79737558247501, 89.00478617331677, 88.58287371214193, 87.18344340906647, 88.21790176030356, 88.55786373241014, 85.8926009680988, 87.14304190101988, 88.82567001193732, 89.18024041430765, 89.93230254916777, 88.48373466204092, 88.48373466204092
96.43, 93.1225796514605, 93.62260269096102, 93.8083906731269, 95.09292960527162, 96.55714583078954, 96.18116679264023, 96.62363362435539, 97.20629306098193, 98.44509231771966, 97.04799895777234, 94.43973997207864, 94.15419524850262, 87.628051842665, 88.92047152131282, 84.75618479052292, 85.88922846168357, 84.50371598688248, 84.52382558249198, 85.8926009680988, 84.73326827916155, 86.73726131555377, 85.82486939312408, 87.26364841335186, 84.18839048711607, 84.18839048711607
96.02, 87.80537159771563, 85.79291900023475, 85.68112224577713, 85.25147394837903, 86.03116527148097, 85.48961899980043, 85.27343656544689, 85.30960429998923, 85.25911298499855, 85.78284754390081, 84.17834927434514, 85.00796617836136, 85.81502052580596, 86.73669023888104, 88.597217003137, 85.38673115726824, 85.76970248489953, 84.52382558249198, 85.8926009680988, 85.14850919964071, 84.32939815556858, 85.82486939312408, 85.95509878294892, 87.24783896367394, 87.24783896367394
95.31, 96.96069157562306, 98.94152453025544, 92.19016316623488, 92.86695225108994, 92.43618820165665, 91.07347269662696, 87.68651652437573, 89.72947987402151, 90.80096717158105, 91.6978275898807, 90.04358575729614, 89.23485974816072, 85.48300226235035, 85.64534836352993, 87.4412918540993, 85.5561098365921, 87.72518404321323, 87.94878135156408, 86.89042312319299, 87.32812724124031, 86.97124431915356, 86.5051039255192, 86.31680846276934, 87.52643585250752, 87.52643585250752
96.21, 95.55226992103796, 96.75929777324552, 97.38179516503794, 97.08868230218519, 96.97066033103194, 95.99965590063282, 95.68590438526205, 91.4428225602218, 90.73490281871709, 90.60295626204686, 91.03228337288091, 92.33889346133776, 91.617141275398, 93.41877830584716, 92.13162815185157, 91.64120364728508, 93.11068818322852, 87.33017332670289, 87.7965462055892, 84.73326827916155, 85.20620522338376, 85.68267225227079, 84.98406826740512, 86.36253870352105, 86.36253870352105
96.27, 95.81518625298983, 96.68379109275241, 92.44244242694008, 90.51004453705542, 88.92315254974582, 88.55617595521514, 88.1738387515448, 87.05285634399279, 85.25911298499855, 85.67588852209451, 86.7521408386844, 86.51805467933544, 85.81502052580596, 88.08255552526879, 87.87644710631817, 86.13197568131037, 88.00980857001096, 86.01107079714215, 85.8926009680988, 84.73326827916155, 85.86405566491875, 85.82486939312408, 86.76010413492847, 88.35944731288237, 88.35944731288237
96.05, 96.18586752181533, 96.82292953223624, 93.44343326253316, 93.22224808507902, 95.32951465464762, 91.75230230360215, 88.80164436764275, 91.14550898287663, 91.5842518376816, 91.06164031333931, 92.76239092891261, 91.21844988039378, 91.94607685969622, 92.4849918662228, 88.66526452070384, 86.51449273245242, 84.50371598688248, 85.56930607601315, 85.8926009680988, 84.73326827916155, 86.23164577916056, 85.27081140629893, 84.98406826740512, 86.21589259311311, 86.21589259311311
95.03, 95.89009409713822, 95.86467474599316, 94.59274573651453, 93.6022218184612, 93.67857530880393, 91.96968142822666, 89.08792214011584, 90.76840146130382, 90.88462175202238, 91.37209193265717, 93.3242948519961, 93.7033995906494, 91.31506705155094, 92.77407371077794, 90.47973814906824, 89.6042508511226, 90.62383255763514, 91.44525353261002, 89.17656850754823, 89.15294751940658, 89.72192581027076, 88.96514460490874, 86.54057464995745, 84.18839048711607, 84.18839048711607
96.65, 93.48083665509598, 92.36446183621263, 90.99973122200636, 90.60557530640205, 85.54481415964337, 85.48961899980043, 85.4829156262004, 87.65262327615036, 85.25911298499855, 85.70913434701032, 86.54041411128894, 85.00796617836136, 85.81502052580596, 85.90989900914514, 87.4114146927642, 87.453977868395, 85.95251599093805, 87.76248436917378, 85.8926009680988, 84.73326827916155, 86.89574615730837, 86.71787514048602, 84.98406826740512, 84.18839048711607, 84.18839048711607
96.89, 92.80700949762075, 94.07210307841656, 92.2973066004516, 92.28823120150798, 93.8728009198083, 90.67780458604715, 89.59266863661404, 87.40920150158755, 85.55244543903913, 85.0949027529659, 86.50928473520365, 85.00796617836136, 85.81502052580596, 84.31369739456835, 84.75618479052292, 85.88922846168357, 87.89488354886645, 87.50523103482422, 88.0154522842401, 88.5092793135123, 90.58674337960844, 90.06113679642857, 89.83817235904381, 87.18545945679845, 87.18545945679845
95.86, 97.00733547295202, 96.3432054701031, 93.08741694499861, 92.90048112508191, 91.14772464089778, 91.0490932754554, 87.12583479773866, 88.97923206043652, 90.1283895569119, 87.58902394260868, 89.63672970969925, 85.00796617836136, 85.81502052580596, 87.1271443197109, 88.02305924231322, 86.37716887421192, 84.50371598688248, 84.52382558249198, 85.8926009680988, 86.43094128543211, 84.32939815556858, 85.82486939312408, 86.45116427301409, 87.09172289742146, 87.09172289742146
96.59, 94.81239088669821, 95.80092132039914, 96.2166199582861, 93.62577729780783, 95.03751368668127, 91.54788158066384, 90.69224696224381, 92.55706619544536, 89.06358572229763, 86.54533837710035, 87.45925021578724, 86.68903007144124, 85.69938021946237, 85.88575947057774, 87.0510426504675, 86.55212333802216, 88.33898771419257, 86.00382829170249, 85.8926009680988, 85.02966226422397, 86.09193051238675, 85.82486939312408, 86.08771730596533, 86.64652001372059, 86.64652001372059
95.24, 96.31573696918922, 97.12678221379686, 95.70560207425282, 95.79382161923958, 95.94915245055432, 94.50017884395126, 95.15206832261595, 94.70107303850578, 93.08446250212819, 88.47349426671236, 87.89880990072399, 85.98602922340568, 85.81502052580596, 85.5164054271854, 86.780750884156, 85.8680102154957, 85.87172281526804, 85.07558994472183, 85.8926009680988, 84.73326827916155, 86.26902345623617, 86.34368248719599, 85.64166943957738, 86.89023874894131, 86.89023874894131
96.35, 95.81917886751586, 94.36943191059942, 86.5779543730761, 85.25147394837903, 86.29501726953107, 85.48961899980043, 85.4829156262004, 87.90783651635172, 87.23160388125102, 85.67588852209451, 86.48119929053951, 85.49185285012538, 85.81502052580596, 85.68048623130112, 85.52197890110992, 85.88922846168357, 87.53930584186165, 88.17894659942829, 87.0938174650814, 87.93268732036144, 87.03960196494629, 85.90995247462904, 84.98406826740512, 86.60842818193784, 86.60842818193784
96.0, 93.49672346382143, 95.66370823745342, 90.88632702931493, 91.70894440786397, 89.50836656037507, 90.03202221533816, 90.10759097042985, 92.1867492182607, 92.88511129445074, 92.89619612339547, 94.27181196318729, 91.5611661994608, 88.25087041394066, 89.48938928669355, 89.75471264255124, 90.11732985456351, 86.05815432512021, 86.98538467443731, 85.8926009680988, 86.4392466258394, 87.32240088597531, 85.97362735282995, 87.19221854702937, 88.54115361507958, 88.54115361507958
97.29, 93.80030921316875, 93.79565301178602, 94.38267611640734, 93.33074505828118, 92.83069509459295, 91.54493788889984, 91.46202863282527, 91.84530304360607, 88.68921621541273, 86.11429161957423, 86.11130879601926, 85.3194615553368, 85.81502052580596, 86.66256993155899, 84.75618479052292, 85.88922846168357, 85.63475303863257, 85.3288862406265, 85.04075072999221, 84.73326827916155, 84.32939815556858, 85.82486939312408, 84.98406826740512, 85.54302995632256, 85.54302995632256
95.37, 90.70191760761932, 91.76214717273963, 92.56011433707562, 92.28982428462443, 94.1684230927111, 92.09716277370586, 88.93517704847415, 90.3023456529027, 89.58266937978695, 86.24551847243218, 87.04429744083556, 88.29531613272401, 88.78195365287021, 89.86146567426493, 89.22654474508563, 86.26383307934856, 84.50371598688248, 86.62162847784421, 85.8926009680988, 85.22820940074706, 86.0391714388492, 86.08044364254407, 85.08818482583297, 84.18839048711607, 84.18839048711607
96.58, 97.83991077943277, 97.32266991486082, 95.4881097497419, 96.03507410673531, 93.56106696661533, 91.49275836557695, 88.90004455076131, 90.98345734727003, 92.0003757860508, 92.12491203770237, 90.76529382122794, 90.4245531525131, 87.01864812890223, 89.358288138183, 88.71325305690134, 85.88922846168357, 85.69670538782073, 84.52382558249198, 85.8926009680988, 84.73326827916155, 86.63652116064686, 85.82486939312408, 84.98406826740512, 86.89010215003098, 86.89010215003098
96.38, 93.49728319309828, 95.42470233569392, 94.34620685196505, 93.19823750003553, 94.08303860883537, 88.65352268208633, 87.25417027549655, 85.05464292303786, 86.42497212360668, 85.8595132739686, 86.35381219386016, 85.00796617836136, 85.81502052580596, 84.31369739456835, 84.75618479052292, 85.88922846168357, 87.22948819760462, 84.52382558249198, 85.8926009680988, 86.9494979699317, 85.14822246372097, 85.82486939312408, 86.26050192044461, 85.03390062142775, 85.03390062142775
95.75, 93.92755013273118, 96.03078217035335, 93.07928149636274, 88.76839354463405, 91.07767325344058, 91.14722842472969, 89.00000375606723, 87.56965604598759, 87.18601695177647, 85.29378279494105, 85.51015694620399, 87.06687826683184, 86.9027862678881, 84.31369739456835, 84.75618479052292, 85.88922846168357, 87.63200127048317, 87.9467252724701, 87.09003340322339, 84.73326827916155, 84.32939815556858, 85.82486939312408, 84.98406826740512, 86.01254881600431, 86.01254881600431
95.47, 95.08963470976246, 96.19495873824113, 96.04233582307529, 95.95720634572955, 96.1641164551161, 96.51041403478439, 95.73123508693662, 97.94592860927041, 94.74128483016328, 92.33370884550806, 89.45004990504992, 86.74281437341503, 85.81502052580596, 84.31369739456835, 84.75618479052292, 85.88922846168357, 84.50371598688248, 84.52382558249198, 85.8926009680988, 84.73326827916155, 85.87743462630424, 85.58569416511226, 85.97213054447384, 84.18839048711607, 84.18839048711607
96.04, 94.82945571469418, 93.84498927938589, 93.76288693079425, 94.15824160277859, 96.48913479281653, 96.50910527519798, 97.10007593536163, 96.6345939095106, 97.42547297677383, 97.33608314138088, 97.10492263256982, 90.31603845008665, 90.83432126181403, 89.7638528238708, 87.16032021175899, 86.95473785734873, 86.60980512568683, 87.71723602899662, 87.49298717558638, 86.3826945311243, 86.36671999066704, 85.82486939312408, 84.98406826740512, 85.65135332645072, 85.65135332645072
95.77, 94.45786300301513, 92.10187939980854, 91.22935423879422, 87.78724946933195, 89.86371636386646, 89.69565418769207, 89.03167463766, 89.75986994347198, 88.7832538501494, 89.36496727960883, 89.36562242194172, 88.74474250733815, 89.41907924143138, 90.63522663840767, 88.14478734681643, 86.26191333434488, 86.616999367661, 84.52382558249198, 85.8926009680988, 86.99658754635219, 88.8796615406763, 86.49970024870697, 84.98406826740512, 86.86266871138362, 86.86266871138362
95.81, 95.93011141070333, 97.29851885255455, 96.64226357303394, 97.21242619461971, 99.80513354073071, 100.7879233123445, 99.85397405623236, 101.68706801801626, 102.8870116691273, 98.40931840867803, 96.57797157592914, 97.57747631248948, 95.23072441980484, 89.92452969798833, 90.12566950788879, 87.72826371429304, 84.50371598688248, 85.1777958470275, 85.8926009680988, 84.73326827916155, 86.91147565965281, 86.69922015971024, 86.26828932815255, 88.14226541259264, 88.14226541259264
97.83, 91.04732995678027, 88.80931118229145, 89.31890337365279, 89.59522766903481, 87.9566705798039, 88.65178697441354, 89.52161778339013, 89.44346983255073, 88.0545851706761, 89.0267989643372, 90.21293917389453, 89.72104813316774, 88.3507213474542, 87.75184386059527, 87.56108591338585, 85.88922846168357, 85.1974156460811, 85.65269114828936, 85.8926009680988, 87.10968674879413, 89.0101688799695, 88.69729642466035, 89.94929624792188, 89.54672542560928, 89.54672542560928
95.71, 96.52682152062249, 96.65172198577653, 97.27767225734979, 95.78386598667916, 93.75434752501906, 91.4034216693138, 88.70470215260474, 85.70266392796245, 85.25911298499855, 85.67588852209451, 84.17834927434514, 85.27658685807278, 85.81502052580596, 86.43881743286187, 85.74065874581335, 85.88922846168357, 87.30371809264355, 87.98999182946118, 87.06686321535783, 84.73326827916155, 86.42821654076873, 85.82486939312408, 86.62115712007656, 87.39457265519317, 87.39457265519317
96.19, 95.6763023564295, 95.09647958553374, 94.08637916728507, 94.43995592936963, 94.70095829808803, 94.55857288635234, 95.06004483226812, 90.47287648747954, 90.69844203448984, 90.79364655767293, 89.88806937657618, 89.0384146333536, 89.65491698699572, 90.52493066838129, 89.75079598559002, 85.88922846168357, 86.53370879213962, 86.6830009457266, 85.94168383525147, 86.09898128172176, 86.37067898896458, 85.82486939312408, 86.22189920166755, 84.18839048711607, 84.18839048711607
96.39, 87.55941184741621, 88.16463160374835, 86.03964491296003, 85.25147394837903, 86.47377936656916, 87.42712004333787, 85.4829156262004, 84.10845337987462, 85.25911298499855, 85.67588852209451, 86.58379363103656, 85.00796617836136, 85.81502052580596, 84.31369739456835, 85.49820065313106, 85.88922846168357, 84.50371598688248, 84.52382558249198, 85.8926009680988, 86.32593657540944, 86.99640685284142, 86.65393241779503, 84.98406826740512, 84.18839048711607, 84.18839048711607
95.92, 95.23675173023013, 95.19139475299777, 93.48787766397115, 92.96798623780819, 94.7392030719576, 89.70049088710965, 86.39940764673015, 88.64260146789987, 86.33825230552135, 86.19965254126929, 86.5221401077401, 87.02379866436267, 87.20490935792519, 84.31369739456835, 84.75618479052292, 85.88922846168357, 84.50371598688248, 86.37730868126926, 85.97881284593481, 84.73326827916155, 86.95822731269081, 85.98714987206134, 86.71970675263597, 86.17579695167314, 86.17579695167314
96.67, 96.03592481360631, 94.60130766847584, 94.04366969388512, 93.05497850035584, 92.530755779547, 92.2890608268646, 91.88234772267725, 94.15454436789203, 93.61013987680845, 92.75705471940327, 89.24399465253126, 90.19722125664248, 90.4614814291925, 91.98377595976204, 93.19431729594675, 93.12479664926104, 93.92799355620251, 95.92695568499374, 95.43872969224091, 96.7568628183582, 94.5292525280179, 89.92250563924674, 90.56367100365354, 92.5335311613863, 92.5335311613863
96.52, 94.83140844974271, 88.2557831957532, 88.5580747704013, 89.11323182709047, 90.77672488062139, 87.78699215975483, 88.50823375064859, 88.69849869959704, 88.88565337372988, 88.01902762475746, 89.74325879185848, 87.21717836381742, 85.81502052580596, 87.29060936194578, 84.75618479052292, 85.88922846168357, 85.43003123188502, 84.52382558249198, 85.8926009680988, 84.73326827916155, 86.63978448644345, 85.42956976370803, 84.98406826740512, 85.52912233285858, 85.52912233285858
96.6, 97.19975791177976, 98.18285717068355, 98.51917575754702, 98.92349463277723, 99.91141418739308, 100.9081846368933, 95.74808434003185, 93.86032478503228, 93.0877834182963, 91.77753225212119, 93.15757615765337, 89.88689086698525, 89.58339385818662, 84.31369739456835, 84.75618479052292, 85.88922846168357, 87.20709431156268, 84.52382558249198, 85.8926009680988, 86.83958039902285, 84.32939815556858, 85.82486939312408, 87.42045680939135, 88.37353030989706, 88.37353030989706
95.91, 94.94076695846954, 93.80688372771333, 93.13822853558132, 92.09449400196404, 92.90397403361894, 92.58762841193273, 92.21364464627034, 91.91396319267997, 91.81772106262225, 86.94075425705236, 86.76631338306133, 85.82082346560179, 85.69975056428656, 85.26234194785229, 86.63979481455844, 85.88922846168357, 87.1178213531071, 87.68672986064759, 88.4129833220864, 89.47300633095956, 88.28292544842108, 86.95702021194916, 84.98406826740512, 84.18839048711607, 84.18839048711607
96.85, 97.05399112545422, 94.58743689469992, 93.09525887747445, 87.63038375831349, 86.96285308133857, 87.26650886899071, 87.04882668392732, 89.04552987832156, 85.91827505527026, 85.67588852209451, 85.26080189819244, 85.00796617836136, 85.81502052580596, 87.51483863433558, 84.75618479052292, 85.88922846168357, 87.32621034889684, 87.5366424306559, 85.8926009680988, 86.79906008996342, 88.73270555530382, 87.895782771379, 88.00718203686678, 89.20375891316225, 89.20375891316225
95.87, 95.73183779094529, 95.93872351280928, 96.4190369877314, 93.50110588539216, 93.23804421686441, 93.45993219207702, 93.59258259740906, 93.07450812747759, 93.23331955255486, 91.85805781678731, 92.4007545270312, 91.61952007643569, 91.03210052987261, 90.63179704187793, 91.70357770634891, 88.81442232699291, 88.81114134552773, 90.18002859841394, 86.61735403321424, 86.38177085939341, 88.45938856555233, 87.49426403498762, 84.98406826740512, 86.81733477164575, 86.81733477164575
95.96, 95.09629854659802, 95.85950938436629, 96.2502837477761, 95.29746543986053, 95.03599461992582, 93.06494993498427, 92.86850813601758, 93.02243662379063, 92.5933325494966, 90.86204630042393, 89.62750019507293, 85.00796617836136, 85.81502052580596, 85.60981148024702, 84.75618479052292, 85.88922846168357, 85.00894836486673, 85.65044384523874, 85.8926009680988, 86.76445114795249, 85.88551582820915, 85.82486939312408, 87.53169042902226, 88.55566553634094, 88.55566553634094
96.64, 96.7015918032519, 95.69233030031909, 94.74515956796634, 93.56704423167369, 94.65175072930883, 93.15730393214932, 94.13412929499748, 96.08685309738733, 96.24489148883626, 91.89108753369253, 93.0647577738689, 91.97443964610208, 89.62880382228376, 89.49756116046444, 90.4026446012104, 90.65092184645015, 91.92135965625287, 90.07767668405809, 87.87003398910508, 89.00317851693559, 89.60190092841091, 88.31871942185379, 88.65400454614074, 88.1788292836011, 88.1788292836011
95.55, 96.62039152892042, 96.06802881207052, 95.87680666942966, 95.96449370941373, 96.64153124069215, 95.01715664867365, 91.92806894041834, 92.97436190546667, 90.78939011004451, 90.70099330798743, 89.08886037253681, 89.1241952853419, 88.07710749913996, 89.65581729712525, 89.45976535198093, 89.74429765407719, 84.50371598688248, 84.52382558249198, 85.8926009680988, 86.29498284817105, 87.01916237898158, 87.16270632503883, 84.98406826740512, 86.72912986075765, 86.72912986075765
96.02, 96.41896120238584, 95.42664303686588, 95.46489422503898, 96.34496656464361, 93.97106328280721, 89.65943152140115, 85.4829156262004, 84.10845337987462, 85.25911298499855, 85.67588852209451, 84.17834927434514, 85.00796617836136, 85.81502052580596, 86.40036632213493, 84.75618479052292, 85.88922846168357, 87.39407666076062, 87.72903997399881, 87.23719673397594, 88.58924555634108, 87.54098873081985, 85.82486939312408, 84.98406826740512, 87.37686867958168, 87.37686867958168
95.97, 91.52198396959439, 91.08639991050458, 88.37367554650159, 87.2407677281983, 89.54629808411914, 89.41648935551763, 86.89553246960753, 87.60048641226545, 87.89785540430486, 85.67588852209451, 87.67989184684231, 85.62842433576962, 85.81502052580596, 84.31369739456835, 84.75618479052292, 85.88922846168357, 84.50371598688248, 84.52382558249198, 85.8926009680988, 87.28883399324495, 84.32939815556858, 85.82486939312408, 87.1972746400432, 87.20724737206758, 87.20724737206758
96.82, 96.54809028905679, 98.19506746576663, 98.21742131773685, 98.14709631123029, 98.66313037880064, 98.89895092715908, 99.51680565184243, 99.89913668552889, 100.39905436564368, 100.69685289785913, 96.78355486908154, 96.21740154336611, 92.18717578514536, 90.07114910360269, 89.78534481054038, 90.1707400578497, 90.76805781235588, 91.68415246790616, 89.48412989038829, 91.38751134163455, 93.01335137881328, 93.13143879627924, 94.39353491292027, 91.56556564161022, 91.56556564161022
96.42, 96.82289807595879, 95.92813539464964, 95.18811539309836, 95.71734047611955, 96.97940796093056, 96.18107056474888, 94.64240145530545, 96.81752442860035, 90.8003349666299, 85.7179608301096, 84.17834927434514, 85.28331330955923, 85.81502052580596, 85.06904950915215, 84.75618479052292, 85.88922846168357, 86.64378663966697, 87.65437391815725, 88.31214176268196, 86.12608231920747, 85.35335759282707, 85.41868812569804, 84.98406826740512, 86.3238283885479, 86.3238283885479
96.58, 97.11435183951964, 98.70975686230538, 98.52420444451604, 96.21761505175986, 97.71135714820004, 96.75918529669232, 90.2072594804463, 87.57379364198994, 88.50006600570278, 88.1639724738059, 89.2804032949418, 89.9698552502243, 87.50055445999881, 85.58523288020174, 86.71744660607109, 85.88922846168357, 87.16946125511132, 87.92688068402676, 85.8926009680988, 84.73326827916155, 84.32939815556858, 85.82486939312408, 85.85640591494874, 86.82547000265583, 86.82547000265583
95.14, 95.78340953313811, 96.14922499650288, 96.48890816758194, 94.71032149077764, 96.69574849333156, 95.43988400771903, 95.80556563065332, 97.85289926620878, 96.91636846508072, 94.65912283919936, 93.61850747186968, 93.6934556982855, 94.25500522771321, 93.22392058437703, 92.85499238771516, 88.90781656128958, 86.6850712334439, 86.40261768096433, 86.4204382700184, 86.68400382189421, 87.52080454613159, 85.43449971949825, 85.77953374641815, 86.58930047223649, 86.58930047223649
95.65, 94.08408816687178, 95.23350875519661, 91.14831066268266, 89.20839353591266, 90.75829772912522, 88.7435370542988, 89.80133985983144, 90.2522610848159, 89.33179446400258, 89.8488062587048, 90.95278680566062, 90.69178578362, 89.62619251488071, 91.39510460225641, 93.30485328251982, 93.54501518033341, 91.42555745354997, 90.04671341966524, 89.35244129009621, 90.42627502720809, 92.05632644948167, 89.37243768399605, 88.89781403131927, 90.5901425300592, 90.5901425300592
96.2, 93.51393638883528, 95.80863068987179, 94.19521509441783, 92.85681960324845, 95.03666271166011, 93.7583953105594, 86.01544244105631, 87.70590008834557, 89.06435357729356, 88.07694262080936, 87.57220377333257, 86.97128012110764, 85.17991259666191, 84.31369739456835, 86.00992280510638, 85.88922846168357, 84.50371598688248, 84.52382558249198, 85.8926009680988, 86.70694939155267, 84.32939815556858, 85.82486939312408, 87.25522997814377, 86.79304887552256, 86.79304887552256
95.52, 96.44689601445958, 95.22339836966303, 94.3797709700977, 95.61341091618088, 95.05247066505642, 94.11255349905827, 92.43438561253329, 93.21891929709331, 93.06576366140183, 92.98294825894956, 90.3405035133609, 88.97158622350365, 85.30283332097984, 85.67057181425342, 86.69748476238229, 86.1596174462389, 86.6618432762579, 85.86370341483509, 85.8926009680988, 84.73326827916155, 84.32939815556858, 85.82486939312408, 84.98406826740512, 85.79432610564474, 85.79432610564474
96.65, 96.64109189021049, 96.96770080189646, 97.2098872717773, 95.81979578281978, 96.88451611824362, 97.05537040326695, 95.79784587141845, 94.81914439542987, 94.54012538343828, 94.42221212507447, 93.26467804051772, 94.17879592885721, 93.28022558965891, 91.05746784558136, 87.32738920610687, 87.01655874466041, 87.91958965848197, 89.37260044438034, 89.26478960188291, 90.68364088164303, 86.67324846633761, 85.82486939312408, 85.16134077493581, 86.03659114120258, 86.03659114120258
95.69, 95.75700061108041, 95.76572658110643, 93.76232817210206, 93.79856521311906, 95.09725258112758, 93.75827962802812, 94.6284437673763, 92.6975746312268, 91.51621739563943, 88.93969067421102, 88.28051559660939, 86.35624434594489, 86.17239938349155, 85.45745660988095, 84.75618479052292, 85.88922846168357, 87.7039502922423, 89.32068767847404, 88.21450529447915, 88.2763797385021, 90.02573328308252, 88.91491545011235, 87.98703226694768, 88.7226849227416, 88.7226849227416
95.47, 93.39594436554111, 89.90059319764586, 88.9139142882336, 86.11969587235284, 87.01526767275358, 87.19563110525054, 86.9858079370475, 87.98913748399804, 87.51928010554923, 85.67588852209451, 87.05955484987113, 85.33486848515815, 85.81502052580596, 84.31369739456835, 84.75618479052292, 85.88922846168357, 86.20063277315579, 86.77463828484866, 85.18660351979143, 86.1826007867275, 88.13933914113652, 86.86744953629311, 84.98406826740512, 86.37172045676559, 86.37172045676559
95.96, 93.50417167627393, 94.56887106217891, 88.69146420852577, 87.57620906724125, 89.26957390383348, 85.48961899980043, 86.0349988427855, 87.45815710084625, 85.59632783036291, 85.96563685063315, 84.17834927434514, 85.00796617836136, 85.81502052580596, 85.92444703965214, 87.37490359095779, 85.47265941145132, 84.50371598688248, 85.71928961017906, 85.8926009680988, 86.31530494426437, 84.32939815556858, 85.82486939312408, 84.98406826740512, 85.55628897278521, 85.55628897278521
95.75, 95.1868627752928, 94.44074347314891, 92.43914094016046, 91.39261422984984, 91.54773707867466, 88.07365217197137, 85.4829156262004, 86.17349853498851, 85.25911298499855, 85.67588852209451, 85.76646439846695, 85.00796617836136, 85.81502052580596, 85.50661199733432, 84.75618479052292, 85.88922846168357, 86.34468502512097, 87.7731486160038, 86.91290197930984, 88.333020128556, 84.32939815556858, 85.82486939312408, 84.98406826740512, 86.75276856941804, 86.75276856941804
95.18, 94.80522352480489, 93.78450401148908, 91.46948917563672, 89.21017105568197, 88.91253323390926, 87.97321079758011, 86.44450315640782, 84.10845337987462, 85.25911298499855, 85.67588852209451, 87.53674998602588, 85.87550541760083, 85.81502052580596, 84.31369739456835, 85.49625901993222, 85.25516734279871, 84.50371598688248, 84.52382558249198, 85.8926009680988, 84.73326827916155, 86.40158898952946, 85.82486939312408, 86.61142166180842, 86.08192166521061, 86.08192166521061
96.08, 96.420349702348, 95.70525386430631, 90.93945654131399, 92.16347214409534, 94.44873953162435, 92.12240314148659, 92.27982058138856, 94.10947603390191, 89.63697794446101, 90.3323843788309, 89.55050034242879, 90.75354781394569, 88.28169301699128, 85.56988072606703, 85.06077863576348, 85.88922846168357, 86.75745432221285, 88.01229806330609, 88.44857884356145, 87.84839398286213, 89.62710069208038, 88.5312000229104, 89.27006016995638, 90.33978250437643, 90.33978250437643
95.65, 94.7035866676546, 91.2917181927942, 91.91572746847797, 90.34639831124669, 90.7598074745289, 90.34079589557138, 91.43974316251207, 93.0446185251635, 92.76501734209798, 93.43995890880677, 92.34720351469531, 85.91320831904092, 85.81502052580596, 84.31369739456835, 84.75618479052292, 85.88922846168357, 86.05643816997583, 85.90095796147352, 85.96795988330955, 84.73326827916155, 86.12566425215581, 85.82486939312408, 87.48576264437835, 85.77757557061926, 85.77757557061926
96.24, 95.93636174800427, 97.24285722563825, 97.68172724102102, 97.3872635075629, 93.38162179508413, 92.82434911341741, 93.27016915274162, 94.31561444414588, 94.6392674010144, 93.50706192435437, 94.35551162689404, 93.37685706804668, 89.5123068753389, 90.63292474942239, 90.87161198499695, 90.54359312138216, 91.08242900742867, 91.86938638044464, 85.8926009680988, 85.83686068567441, 84.32939815556858, 85.82486939312408, 85.28194176501027, 84.18839048711607, 84.18839048711607
95.42, 96.05630290282268, 97.05820189571928, 92.47718671628009, 92.55928440683859, 94.46006407338322, 94.59729792449437, 88.04745522942798, 87.74493334805094, 89.03099330206744, 89.14570743078454, 85.08149766922486, 85.68840645535707, 86.20979052046165, 88.136199442966, 89.58197864149675, 87.64213451984692, 86.46765910793648, 84.52382558249198, 85.8926009680988, 87.4444389637142, 86.71562558134565, 87.10434322630012, 88.00103930069899, 88.13536187859472, 88.13536187859472
94.07, 93.1318180061696, 94.94368478053934, 94.83304066897473, 95.13168809281848, 93.0362881378419, 92.92992155508773, 86.54998502836816, 89.00206741867879, 89.71847384776726, 86.60842687116102, 86.39042232402188, 85.00796617836136, 85.81502052580596, 87.24449229723714, 87.97919959646282, 88.4245690741643, 85.20019723558482, 86.32903038253664, 85.8926009680988, 85.54831681163068, 85.80884970973217, 85.82486939312408, 87.36323167689532, 89.63299378648357, 89.63299378648357
96.29, 96.82734080472493, 95.18336959137807, 95.98227115958095, 97.24725494086218, 97.69594541621174, 98.07999918822048, 98.02638124301316, 97.94571906415733, 94.4918238856666, 95.11675776035796, 95.54850952546707, 91.9951827496311, 92.20432109462233, 92.3110514513319, 92.24293280310393, 90.96778887115926, 92.8256700855462, 91.15465375338682, 91.18851801945796, 92.91626143807302, 94.52008319600581, 94.61047624769718, 94.9913300481745, 94.02425514347662, 94.02425514347662
95.74, 96.51681382488661, 96.36100829175246, 95.72313304501789, 96.74174346109685, 97.37679699952585, 95.07060128600318, 94.0375575719883, 95.81973780162495, 93.52854258172039, 94.21180266644211, 94.17984550577212, 93.48044952109372, 92.31644621818457, 90.46157531320938, 91.18125093732291, 85.6320767740197, 84.50371598688248, 85.75578659609722, 85.31640128950897, 84.73326827916155, 84.32939815556858, 85.82486939312408, 86.7182155218513, 87.81285628143715, 87.81285628143715
96.04, 95.66029137121596, 95.13589696579116, 94.12986668315804, 94.01435126165096, 94.61463268497732, 92.55928831744527, 92.6378570833931, 89.41281616034738, 88.28747683204853, 87.97205199277491, 89.5246223497902, 90.3518316821481, 90.0736649941382, 90.05266104018838, 88.52986761806997, 87.71700114743753, 89.64808777451103, 91.24224466318464, 90.89948219435664, 90.27839792193639, 89.59090529745468, 88.48417652723019, 88.57516054373286, 90.22383520949083, 90.22383520949083
96.18, 95.36259467257473, 96.253556176306, 96.12123421697216, 97.27090396694442, 98.2986955053816, 97.93887425941358, 98.12246056538238, 100.02695739547035, 97.47562429823098, 97.22791600112714, 94.77265147756741, 94.1614391450687, 90.4671650432279, 89.29325762623677, 89.96605374220202, 88.36674457804189, 88.6786981189013, 88.88279823939298, 85.8926009680988, 86.33354964374527, 85.41021295615747, 85.82486939312408, 84.98406826740512, 86.71857837326053, 86.71857837326053
95.62, 91.49393777320695, 89.64672929264775, 88.13641979751063, 88.98061828231846, 88.92770192120574, 87.3002026050199, 85.4829156262004, 85.83270479169927, 85.89936771408743, 85.53149808528563, 84.17834927434514, 85.00796617836136, 85.81502052580596, 86.98536497942732, 85.0327929846957, 85.88922846168357, 86.2776874346523, 85.20811842288634, 85.8926009680988, 85.14404324543035, 86.02220609543568, 86.1819982932637, 86.79735862212567, 88.31684661971357, 88.31684661971357
96.21, 91.88013330439094, 87.45215352958729, 86.26064779523094, 85.94059893144738, 87.83906932617654, 88.09563510982971, 86.10129196848528, 84.10845337987462, 85.25911298499855, 85.67588852209451, 85.69942642690025, 86.35206240883278, 85.81502052580596, 86.48886110137518, 85.90546515675634, 85.88922846168357, 85.96065752161067, 86.38157582483053, 86.77417315725297, 87.9305240654803, 89.6550327519722, 88.31069047927713, 84.98406826740512, 84.18839048711607, 84.18839048711607
96.03, 94.02744547921435, 90.04053945973791, 86.96175986239544, 85.25147394837903, 84.10957757803895, 85.48961899980043, 85.4829156262004, 87.34212964561434, 85.25911298499855, 85.67588852209451, 84.17834927434514, 85.00796617836136, 85.81502052580596, 86.18350355332413, 86.98810974551229, 86.1121213176102, 84.50371598688248, 84.52382558249198, 85.8926009680988, 84.73326827916155, 85.65036776044099, 86.56730706455826, 85.39060057015922, 84.18839048711607, 84.18839048711607
95.94, 95.04840592568455, 97.29356275396641, 96.67689871532097, 96.79001976737794, 98.91479259172958, 99.21706573265072, 99.92621778576873, 96.45117764113095, 93.26143646459506, 89.83682450646519, 90.51456096604983, 87.56927229617658, 85.78622537054893, 86.98573300649956, 86.04455528261109, 85.88922846168357, 85.52017647332472, 86.16148593270617, 85.8926009680988, 84.73326827916155, 84.32939815556858, 85.82486939312408, 86.43846750628131, 87.16577736338908, 87.16577736338908
98.0, 96.58082561736856, 98.69883508678566, 98.10438695731621, 95.91772468933503, 97.81576367936579, 97.81993567805941, 98.56240422675873, 98.93609491498573, 96.86023907039954, 97.3436638637149, 99.47509521238987, 97.75167442452319, 98.13879108363706, 98.04367544187959, 92.47278351880648, 91.29165162045021, 90.8607177811171, 91.19081370160995, 89.74986986665408, 84.73326827916155, 85.8561753594553, 86.4450688506959, 84.98406826740512, 84.18839048711607, 84.18839048711607
96.1, 85.68804159889407, 86.54106526229849, 86.91652146438686, 85.25147394837903, 87.21271107183414, 86.90106078590775, 86.36369139270626, 87.74929807812698, 86.21995799198073, 85.67588852209451, 85.89397805763915, 86.2685047767184, 85.17800508243432, 85.65090936624506, 84.75618479052292, 85.88922846168357, 84.50371598688248, 86.15351391490863, 85.8926009680988, 87.0439297688608, 87.41703565065205, 85.82486939312408, 86.87891791012588, 84.18839048711607, 84.18839048711607
96.5, 93.05644186451185, 90.45251814119705, 89.80296384600912, 87.7092591771168, 87.914454387244, 86.9701010555641, 87.82108386750886, 89.31922386367178, 89.34098704491542, 89.8086299147225, 88.48895482305407, 87.84072824269529, 87.17314207370737, 85.51694686276937, 84.75618479052292, 85.88922846168357, 84.50371598688248, 84.52382558249198, 85.8926009680988, 85.87594496120661, 85.28176558419271, 85.82486939312408, 84.98406826740512, 84.18839048711607, 84.18839048711607
96.23, 94.22887507865931, 93.27575820287302, 93.06341596810529, 91.72917823750343, 87.16501466469157, 86.87578750946751, 85.68977262668702, 86.09663210592153, 85.25911298499855, 85.67588852209451, 88.13587725636137, 87.56648955962021, 86.48378494555133, 87.62065008177605, 88.13041826262558, 86.88366145912391, 87.91562485490667, 87.88599670143482, 88.2216346619066, 88.8892620895001, 90.19392502001625, 89.43367814556564, 90.69027148213162, 89.04745632493204, 89.04745632493204
93.71, 94.8319540454125, 91.84941774890238, 90.21250770110258, 90.64377914142142, 92.87769007932091, 92.54060857686136, 93.78120046338212, 95.51875349099234, 96.04432447652357, 95.41764016288276, 94.5815571015433, 94.50984384575813, 92.83842776793858, 93.97282213672965, 95.76882059705812, 93.28579484788982, 94.69291848796856, 96.42456284483099, 92.36357952120345, 93.78266823614925, 95.1815933314814, 90.11107955920689, 87.88284259248158, 88.88502283403083, 88.88502283403083
96.67, 93.97935986790512, 95.77315437170105, 91.12174864870552, 89.1945026384891, 89.49115627819738, 85.85138399590159, 85.99908747626023, 84.10845337987462, 85.12991007600034, 85.67588852209451, 86.62155658884609, 86.69722365145319, 85.81502052580596, 84.31369739456835, 85.12047357293355, 85.88922846168357, 87.18643579513805, 84.52382558249198, 85.8926009680988, 85.94831507486315, 87.39386705560118, 85.82486939312408, 86.96088927496443, 86.41146064641734, 86.41146064641734
97.33, 98.04670447582582, 100.03971108316262, 94.04207667090087, 93.42058173206347, 90.44841270875233, 91.22706651993089, 91.169978638836, 92.54504789994255, 90.10424807982808, 88.42493208956931, 89.53111934101874, 89.19370409326295, 89.03105776240298, 86.1496733378507, 84.75618479052292, 85.88922846168357, 84.50371598688248, 85.7150206210669, 85.32974492113442, 86.62255373065418, 87.06245004010037, 85.82486939312408, 85.01934385286569, 85.30489862079806, 85.30489862079806
96.94, 93.54193714819169, 95.30779650570125, 95.97616884308124, 95.03180445806176, 93.35585451400259, 93.84339962529108, 94.15428399840825, 94.66426864879242, 94.83760705204435, 92.79840565026265, 91.05437347205984, 91.41297471943037, 88.6392192165848, 87.51863209260593, 87.60742115492833, 88.26777988480542, 85.52118182926141, 84.52382558249198, 85.8926009680988, 84.73326827916155, 86.79780711174192, 85.82486939312408, 84.98406826740512, 85.87673080712281, 85.87673080712281
96.32, 93.446345592283, 95.23885586560041, 92.06059200392099, 92.08582344933248, 92.52218317102619, 90.75067831409827, 89.76774703485663, 91.39938302651954, 89.81365333120159, 89.23771240624129, 91.75811816299057, 92.20537073344671, 85.81502052580596, 87.41993105184976, 86.91345569960805, 85.88922846168357, 84.50371598688248, 86.54078218863988, 86.39920861205995, 87.450490506385, 86.6942801222059, 85.82486939312408, 84.98406826740512, 84.18839048711607, 84.18839048711607
95.34, 93.29451668424207, 94.79470035545621, 92.15672066519208, 92.53627767741776, 93.96211994703802, 88.53725711380345, 87.24713199213029, 84.10845337987462, 85.25911298499855, 86.19928686625695, 85.50036051998791, 85.00796617836136, 85.81502052580596, 86.93884482483519, 85.61010244864724, 85.88922846168357, 84.50371598688248, 85.12980116307068, 85.68770431623265, 84.73326827916155, 86.44556002320063, 86.15465748676338, 85.49008750056466, 84.18839048711607, 84.18839048711607
96.78, 97.08753553874519, 96.52202498763084, 95.88374345809174, 96.99095227937786, 95.1397162998775, 94.55807761593088, 93.87467571667771, 91.32810680743857, 90.08784226666185, 88.97383420633132, 89.29379763568409, 90.74743824109075, 88.35797873055273, 88.77093570472047, 87.62092031769977, 86.6229395932854, 88.2857477129144, 88.45246953236158, 88.45248218195023, 88.59963316024891, 90.77725861865662, 86.48570593405692, 87.1224685664603, 88.62322317698337, 88.62322317698337
96.53, 93.82838665582476, 94.27639749857354, 93.56357593081536, 93.1201878341152, 92.25346589152177, 91.43249570493904, 91.73805988380987, 93.62123968567687, 93.02632316340328, 90.1343538569925, 84.17834927434514, 85.09512000225351, 85.81502052580596, 84.31369739456835, 84.75618479052292, 85.88922846168357, 87.86166800216422, 89.65863586578706, 87.65425288606077, 89.01606436564904, 87.99951767844978, 87.64779262520476, 86.0706553710509, 84.18839048711607, 84.18839048711607
95.91, 97.003369579234, 96.32152735814303, 94.18100200760773, 90.89085113873179, 89.00163919223388, 89.17074288106278, 86.84993386733541, 85.9213223995892, 85.16236497490925, 85.67588852209451, 87.36728796744293, 86.92966753187409, 85.81502052580596, 85.69952462014659, 86.52675843315147, 86.32573992299258, 88.25278267744372, 90.14814746306116, 87.65562585444464, 87.36453336307099, 89.23239781237677, 87.91447669418831, 89.02161755203619, 88.54639703556535, 88.54639703556535
95.91, 94.9691488484273, 96.3985294422471, 94.0415677670772, 95.01895160131691, 96.14910804906616, 96.01737258571396, 96.4216873228081, 98.15494040082166, 98.67150477575349, 98.75810068961498, 98.45673826684903, 96.12060506471339, 96.02248559913079, 96.80036478989058, 96.57687955821238, 96.39732696704887, 95.81127589690786, 97.31441232669675, 95.11581402941015, 94.49379438220178, 95.91025563014881, 91.23091122310441, 86.01644217312754, 85.6925849184222, 85.6925849184222
96.24, 97.32305872179604, 96.63385867247038, 96.54022251250105, 95.48006974650347, 97.56354987084407, 98.22604003706074, 97.7785134440707, 98.97386348263936, 97.68989742337436, 97.64218322401847, 96.32959392204816, 94.59599079417846, 90.94892714282558, 90.05058594003202, 91.05507013590022, 85.88922846168357, 87.52278918057604, 84.52382558249198, 85.8926009680988, 85.42866752536563, 86.95266527674744, 85.2880743467097, 84.98406826740512, 85.02295590206101, 85.02295590206101
96.96, 97.23561651168222, 97.65110265250502, 97.18723144587314, 97.86875631898194, 97.45859731370227, 97.45529872554718, 97.14248205953712, 96.69048506170454, 96.0860395735026, 93.0374552858757, 91.11742134970818, 85.951162136808, 85.79566764614772, 87.01066269940338, 85.28283036194121, 85.88922846168357, 87.88402444257545, 88.17819005293018, 87.91964356233026, 86.56405292541767, 86.853632083645, 87.60122635568757, 84.98406826740512, 84.18839048711607, 84.18839048711607
96.43, 94.5094215240627, 96.58446972294756, 93.13876800288139, 91.66639581264823, 88.27782501219436, 85.08577528903467, 85.05045158130527, 86.8214750223949, 86.00925116496191, 86.15317379032105, 86.89115730814711, 88.16425249859424, 85.81502052580596, 87.95208203259828, 89.89531245355194, 89.90745425376788, 91.78511056672531, 93.74062690652885, 87.42462007101265, 87.57421985883185, 88.27567795872189, 85.82486939312408, 84.98406826740512, 84.18839048711607, 84.18839048711607
95.93, 90.17820551672777, 91.08925639860475, 91.44803836501802, 90.43284285285105, 90.20824938102058, 89.95286764270274, 88.85078022559723, 90.09976145690106, 89.38271636618128, 85.71045178757103, 86.67627374512575, 87.79448022567802, 88.24821857388113, 84.31369739456835, 84.75618479052292, 85.88922846168357, 84.50371598688248, 86.25240023585339, 86.96311357644389, 87.10761218502755, 88.51172865530472, 88.5601013344826, 89.5359120976692, 91.14041965130599, 91.14041965130599
96.14, 96.08832646118267, 96.08966911154131, 96.30863895699413, 96.15886186342702, 98.2812232903495, 99.53295947568144, 96.57775050417733, 95.67977059892414, 96.09200559916998, 95.23314973252718, 92.30123150998449, 91.55791465158617, 90.6779003825804, 87.14557431919773, 87.98866791135816, 87.20194838464468, 85.65809836981686, 87.78073793033765, 87.03647689595438, 86.95440538481104, 87.79962614414173, 86.71532271236349, 87.36474967802225, 86.6466557705652, 86.6466557705652
95.81, 94.62669341304526, 93.46090729501292, 94.14365959271787, 91.10183085656692, 88.20607350969968, 86.50038073492517, 85.39042119157746, 86.35026032024145, 86.1905150361041, 85.67588852209451, 87.13348047193946, 88.18804026262892, 86.96713628807156, 88.08116425992986, 86.62868401317547, 86.62502419122467, 88.07877588558267, 87.90716450988695, 85.8926009680988, 84.73326827916155, 85.6412029777627, 85.82486939312408, 84.98406826740512, 84.18839048711607, 84.18839048711607
96.86, 97.1045603710635, 97.11327478068579, 95.42657212459923, 95.0802306136162, 91.3862068014405, 89.17083466902675, 86.93268554967668, 88.05694461697283, 88.87540931170031, 87.90998537688135, 88.06410548446448, 87.19457154663246, 85.61747203230114, 86.433387199343, 87.3469561685149, 85.9036896298829, 86.65287587051166, 87.44398483463829, 85.88917675778806, 87.16344282929583, 85.7911234658192, 86.24264021469176, 87.19044706395972, 88.50563421195127, 88.50563421195127
96.06, 97.62242429423162, 95.66755671875529, 95.8145940584544, 94.69437220045367, 96.23411815172179, 93.42916797585043, 93.1921447196759, 93.51306667473807, 92.94640551675596, 90.52129359714823, 90.52303602091631, 90.11009135909775, 89.51884531876814, 89.75242697828925, 90.43634508152734, 89.9831220787855, 89.30583468999939, 89.63740732607589, 89.38324313614622, 90.58780646121606, 92.58932733682994, 93.19368844542133, 90.05149415455496, 87.46855118267533, 87.46855118267533
95.8, 95.67226423849935, 96.67760974380734, 95.93377506680325, 96.68127670558526, 96.88512259097485, 95.07250167161202, 95.23499395588159, 96.86193893331014, 95.89904734994295, 94.48594324046954, 93.78959534588743, 91.20285229586987, 90.80401980518485, 91.18712412620998, 91.7064697317384, 85.67741718538556, 86.2779946497051, 85.78391555030406, 85.8926009680988, 86.48997761505876, 87.41137455397407, 85.82486939312408, 85.81055268888203, 88.29903763881151, 88.29903763881151
96.4, 93.58895316345276, 94.86648811459386, 92.73417354756859, 93.50584171039898, 93.38814587770597, 90.45577012471198, 89.64733298220904, 91.35975298781104, 90.67039844605212, 91.48515898259224, 91.39895405153906, 88.25388742037575, 88.4249970494852, 84.31369739456835, 84.75618479052292, 85.11581442474368, 84.50371598688248, 86.42727623836132, 85.86094531309544, 84.73326827916155, 84.32939815556858, 85.82486939312408, 84.98406826740512, 87.09954029386192, 87.09954029386192
95.49, 95.97103447363429, 92.57610283984201, 92.00892099928087, 90.71110236830577, 90.06577196484207, 86.77528466943653, 85.4829156262004, 84.10845337987462, 85.57133049110432, 85.67588852209451, 87.13665154713786, 85.00796617836136, 85.81502052580596, 84.31369739456835, 85.06714937964315, 85.88922846168357, 84.50371598688248, 84.52382558249198, 85.8926009680988, 85.63334219203229, 85.05685524884065, 85.82486939312408, 85.67940076489629, 84.18839048711607, 84.18839048711607
96.0, 97.19102510183666, 96.47391323409926, 96.91235546150901, 91.68884461989568, 92.66140796606726, 92.05767532573023, 92.39031420498455, 91.10153866507699, 89.58456848903407, 89.34394441252292, 88.00112581247453, 86.52448159830551, 85.35466151356606, 86.45171077486638, 86.37400950142298, 86.01508820010511, 87.36569835231927, 87.96497780431834, 86.65801487411233, 87.0319270946124, 84.32939815556858, 85.82486939312408, 84.98406826740512, 84.18839048711607, 84.18839048711607
95.07, 95.52157994077412, 95.97181652120351, 96.047310637601, 94.6510942328899, 92.1289474420102, 92.39511060050835, 88.31145293884781, 90.54851748189377, 91.68262016369972, 91.20314534259535, 90.60339920474205, 89.19378422518042, 86.48277182483059, 85.96401327447441, 85.96305952716739, 85.88922846168357, 86.17861117127283, 84.52382558249198, 85.8926009680988, 84.73326827916155, 84.32939815556858, 85.82486939312408, 87.13616738464276, 87.22993444637632, 87.22993444637632
95.14, 93.53501597281699, 94.54542151734513, 92.15468949944442, 91.92968944740079, 92.23695045653456, 91.10719845371736, 88.58222852711906, 88.14401858372811, 89.08232633479422, 89.13478834735383, 89.71009125237852, 90.63394058686028, 89.22787077515743, 90.41518371647349, 90.80083149825134, 91.1001960596478, 92.39154834025295, 88.28542065266694, 88.18863678621942, 85.73148490640186, 87.91360152468785, 87.40589883527731, 88.30019984909414, 89.2336614264067, 89.2336614264067
95.35, 96.1033218995308, 98.05772958088247, 97.18683781888262, 95.07511553417392, 93.86364520914618, 93.65858395267477, 86.8564451700829, 87.5960761845851, 87.56021229877018, 87.39055826055959, 88.9872310478393, 88.9945324460553, 88.50243652333361, 90.308278838176, 84.75618479052292, 85.88922846168357, 86.24715192884344, 88.25349780867346, 85.05766396475268, 84.73326827916155, 84.32939815556858, 85.82486939312408, 84.98406826740512, 87.22357769169462, 87.22357769169462
94.81, 91.09027675965142, 93.59393328075082, 92.72459878359918, 91.85641089296394, 92.74654125908076, 91.94769650548079, 90.84778913379033, 91.10865515701212, 88.1412802476864, 86.09822949816125, 84.17834927434514, 85.00796617836136, 85.81502052580596, 86.29743727636084, 86.52952705681763, 85.88922846168357, 84.50371598688248, 86.09732206441856, 85.8926009680988, 84.73326827916155, 85.07633224256142, 85.82486939312408, 87.1189818471073, 88.85502636911443, 88.85502636911443
96.8, 90.51906502797796, 89.49692889237087, 89.39294652914147, 86.32790665983546, 87.46579685165813, 86.41430327115087, 85.4829156262004, 86.47426104257413, 85.99844273571239, 85.25943193164719, 84.17834927434514, 85.00796617836136, 85.81502052580596, 86.48779701674262, 88.10511368697595, 85.05511163471974, 84.50371598688248, 84.52382558249198, 85.8926009680988, 84.73326827916155, 84.32939815556858, 85.82486939312408, 86.27762643357946, 87.24671986363403, 87.24671986363403
97.4, 94.5291457704642, 96.76583858882064, 88.7246533566723, 89.93197308190308, 86.78104516024698, 86.72648490571342, 85.4829156262004, 87.16821300791169, 86.17196469739672, 85.79083943433373, 85.94419639849272, 85.00796617836136, 85.81502052580596, 87.22251981398963, 86.81199444385669, 86.36440113167009, 87.80677919205777, 84.52382558249198, 85.8926009680988, 85.74855084923449, 86.20075637127202, 85.82486939312408, 86.61305441659884, 88.22855438120499, 88.22855438120499
96.04, 96.1085370733066, 96.47687794335629, 89.95540706878906, 89.57526596925611, 85.90567736887435, 86.86462168894569, 86.33887100505574, 87.33180889994101, 88.42884478347462, 85.74444508096737, 87.18575788239853, 86.00626393228455, 85.81502052580596, 86.1125168705964, 85.92786638738399, 85.88922846168357, 87.69063979189933, 87.72469204501647, 86.46914468404576, 88.3828689828445, 85.83140306057395, 85.06234642984798, 84.98406826740512, 84.18839048711607, 84.18839048711607
96.49, 92.33144097703476, 94.3431328032953, 93.71388077652438, 92.69714252408303, 93.22762471216028, 91.62498753358413, 90.37741273664807, 87.32768771614539, 85.25911298499855, 85.67588852209451, 86.22667124537806, 86.86793041334757, 86.15328828528085, 85.87196502516642, 84.75618479052292, 85.88922846168357, 87.0511671179818, 84.52382558249198, 85.8926009680988, 85.90774193293, 87.93080196667391, 87.62083949452766, 85.15965197494073, 85.60014411543129, 85.60014411543129
96.34, 95.47321179512895, 97.45622305626985, 94.66740004895699, 95.7391586137676, 92.48786747095367, 91.8113214236289, 89.53262429941604, 87.16676418310479, 85.44587323834861, 85.31432899816883, 85.60873470305584, 85.00796617836136, 85.48358430395481, 86.61961176370967, 87.57939336103391, 85.32534795454139, 86.93086676048372, 84.52382558249198, 85.8926009680988, 84.73326827916155, 86.56972896979683, 85.82486939312408, 84.98406826740512, 85.53457579487676, 85.53457579487676
97.91, 96.05920224979322, 98.09971292030433, 93.38290427743387, 93.72277072215577, 93.52440980649173, 93.27986760252024, 93.97862935681545, 94.45091759890693, 94.672423573239, 94.53514691498827, 96.05653379338989, 96.60268293839997, 95.97533448830215, 96.4396673910072, 96.24371498230342, 95.89629366435202, 97.35047183547653, 99.05738401894686, 92.82832272866096, 91.4040710978048, 92.05967985842351, 89.86719289737322, 91.0871201762155, 92.3929915421174, 92.3929915421174
96.65, 92.13049535185748, 94.2548416002777, 90.1017036800236, 91.46669528331074, 92.04365801180731, 89.98804804474571, 88.9731782179854, 90.42229166441476, 91.00673019023085, 89.74823733199999, 90.01122026897683, 90.35264709012199, 88.7555334627354, 89.77645468367643, 90.7130899338452, 88.31104827165844, 90.2194141711593, 87.7289806077808, 86.85019146149689, 87.94000936680978, 88.48583741927355, 88.08250663692434, 85.98268314257183, 87.78330727656456, 87.78330727656456
95.47, 95.39137396676267, 95.31411810747197, 95.65772055067231, 95.97214236161294, 96.68126935775865, 96.56552485626831, 92.08477406663246, 86.67119732386504, 85.95673467686646, 86.63603554506818, 87.41158652766391, 86.06335365337229, 85.81502052580596, 86.67800403783981, 88.42064647334074, 87.37404050525767, 88.9769986717187, 89.11231407156474, 89.07934715315952, 90.92659740682691, 90.53244466254867, 89.14033354579324, 86.67557851942456, 87.53459851350134, 87.53459851350134
96.33, 93.81675430181517, 94.98685684637135, 95.60408817477985, 95.2561579396669, 95.30459119875806, 96.31205347693263, 94.313026754455, 92.74488547670278, 92.56197388625102, 91.6306597212261, 90.88884980956236, 91.26996355881825, 88.91536268879845, 89.6918955284822, 91.60605695221496, 89.89087028996767, 89.70392162485516, 88.48107467244108, 85.68201282225375, 85.02736581797352, 85.76152863816556, 85.82486939312408, 84.98406826740512, 85.38813796364418, 85.38813796364418
95.17, 95.60126726601524, 95.42292218467418, 94.82884865267944, 95.67549072805761, 96.89461394004977, 96.24983244905506, 95.60101438042062, 97.19935840826412, 97.42579215114094, 94.47216604964814, 96.77308804117966, 95.78104564413029, 94.96408760071161, 95.96537070275352, 97.37929756147703, 94.44801168915585, 96.05096672580953, 97.99720004237064, 97.5516283476511, 98.94436355780543, 98.71649987989021, 97.29195958835496, 97.15689439752859, 97.74564830288581, 97.74564830288581
94.83, 96.11233856475823, 98.21526363690029, 98.17549835365493, 98.62810764057406, 99.23516103680505, 99.23642199925447, 98.34024456342173, 100.3848739418488, 101.23763622313221, 100.24199125478694, 100.84054477288606, 100.23149962098196, 99.82443970477192, 101.43272889728605, 100.85962914768655, 101.1711817419328, 101.13461440822167, 100.86935069281178, 99.98858638844133, 99.40173824080648, 100.24987203338479, 97.75614820911203, 98.99999059115585, 100.61624938396966, 100.61624938396966
96.09, 95.67760367232667, 94.45060414569019, 94.50454753532182, 95.56776150776987, 89.28231480556333, 89.11007725758282, 89.26093723857478, 89.48485741401693, 90.62736957453268, 86.65151622446797, 86.17419226752965, 86.18204472971459, 85.81502052580596, 86.93064881330005, 86.6420443483064, 85.88922846168357, 85.43184874405955, 84.52382558249198, 85.8926009680988, 84.73326827916155, 84.32939815556858, 85.82486939312408, 86.8936739303417, 88.92496563536331, 88.92496563536331
96.33, 95.82178448784263, 97.43290203718823, 94.89593124398819, 93.16062306521633, 93.46290130704986, 92.35105823673932, 91.5094821092161, 91.71445699798359, 92.79896954517125, 89.70489547637715, 91.00582532193654, 92.18016314750867, 91.41306415845227, 93.03963998914499, 93.79660099678344, 90.81908132423719, 88.39261160297492, 89.84823650363234, 85.47847294248189, 87.51840193398743, 89.43440481268188, 88.02815739125289, 88.99826720436428, 89.91782138739983, 89.91782138739983
95.67, 93.17469199321295, 91.68989512080773, 91.69972879455246, 92.93253324159741, 93.54043455453254, 93.84615975872453, 95.01491091139134, 94.92627287052879, 92.44296156619475, 93.06418516926851, 88.71099252996585, 87.98476748868714, 85.81502052580596, 87.04533396050633, 85.3203677505512, 85.231252154943, 86.50498445050292, 86.01334285060481, 85.8926009680988, 85.52299031667421, 86.73546031850545, 86.41895452740886, 84.98406826740512, 84.18839048711607, 84.18839048711607
95.67, 92.59042970800068, 94.07617729744987, 86.49155222897734, 85.25147394837903, 84.10957757803895, 85.48961899980043, 85.71128209417043, 86.3179759245463, 87.401163805085, 85.67588852209451, 87.50464068937463, 88.37909640734608, 86.1796946221563, 85.4951475560015, 84.75618479052292, 85.88922846168357, 84.50371598688248, 86.43680548971176, 85.8926009680988, 86.59962612631449, 84.32939815556858, 85.82486939312408, 85.18012455534259, 84.18839048711607, 84.18839048711607
97.03, 94.45284969229634, 96.265693796584, 95.74949960862003, 95.04633219872578, 95.91954121585407, 96.47576820934803, 96.30873222303474, 97.7066602904578, 95.07327340604174, 95.94828950323259, 96.13586960765356, 95.14753178511742, 86.98830159787714, 87.59706302063039, 86.51593124107801, 85.33500061026253, 86.26975108921862, 87.90811999215472, 88.29639520239061, 88.51762860704025, 88.24060538478057, 85.82486939312408, 86.82127914574697, 87.0326481572314, 87.0326481572314
96.31, 95.44159043749596, 95.32025703962361, 95.2259708953645, 91.1565864469809, 92.58202266565412, 88.19572386234915, 87.20123109508377, 88.9471606646341, 88.83541138580253, 86.4408380713774, 85.70083376355772, 86.39232352435971, 86.62215147667604, 84.31369739456835, 85.85582410572161, 85.88922846168357, 87.24426838817585, 85.7768700026883, 85.8926009680988, 84.73326827916155, 84.32939815556858, 85.82486939312408, 84.98406826740512, 86.03390016930975, 86.03390016930975
96.62, 95.15351297572772, 96.98959262177421, 94.11042685377345, 93.51465657150005, 91.04107679597746, 91.50242061810394, 89.30770543600626, 84.10845337987462, 85.47330709288622, 85.53501594889075, 84.17834927434514, 85.00796617836136, 85.81502052580596, 86.29845327832912, 85.3251499623993, 85.88922846168357, 85.33755639727543, 85.71427651178182, 86.47063181801674, 85.86539992118561, 84.32939815556858, 85.82486939312408, 85.67616549996255, 86.56207324571943, 86.56207324571943
96.4, 97.33840791564735, 88.13599609306952, 88.05076614211482, 85.25147394837903, 85.80744321854903, 85.48961899980043, 85.4829156262004, 86.15114092747689, 87.38979299611157, 85.41416429844087, 86.05930264610619, 85.00796617836136, 85.81502052580596, 85.85795894004572, 85.56980260777702, 85.88922846168357, 87.06797960346023, 86.94249840176104, 86.44857714293504, 84.73326827916155, 84.32939815556858, 85.82486939312408, 84.98406826740512, 87.00982422194932, 87.00982422194932
96.77, 95.59631569261118, 97.4442907281634, 92.46105744809843, 88.58747715548287, 89.00685841217347, 86.88648354105622, 86.98996602065408, 88.50155695128376, 87.74681739856263, 85.08367988671078, 85.3313869684507, 85.28441610502797, 85.81502052580596, 84.31369739456835, 84.75618479052292, 85.88922846168357, 86.89128334501943, 86.03746957971934, 86.24596235369127, 85.65447166751396, 84.32939815556858, 85.82486939312408, 84.98406826740512, 84.18839048711607, 84.18839048711607
96.05, 96.85930792789154, 98.85579364314137, 95.22063007259185, 95.36398661396544, 95.15472699479832, 95.47276087274, 95.05806363632828, 94.91575618921372, 94.28643617572074, 93.81115898536854, 95.6866433874553, 96.40589699557357, 96.0530869488837, 98.18086340122701, 99.26054954254612, 97.86077407605919, 96.85755805474392, 97.28234488808035, 97.7917378883696, 99.21457366917748, 101.16310549277344, 99.57373213100324, 101.09894798255324, 102.58415148088727, 102.58415148088727
95.99, 96.63287624213763, 95.20406354383876, 90.92855515987249, 90.4093636423152, 89.87543358128171, 87.14086714160996, 86.95778136123928, 84.10845337987462, 85.25911298499855, 85.02666953225216, 86.39635527520524, 85.00796617836136, 85.81502052580596, 86.01804507337872, 84.75618479052292, 85.88922846168357, 85.1295246043735, 87.00774742538401, 85.8926009680988, 85.60318827655557, 85.84624632213833, 86.13928826627378, 87.17490012929399, 89.31238857785712, 89.31238857785712
95.98, 93.73765791114782, 94.9239774495675, 92.77238543603018, 93.68511374717083, 94.69620077592472, 94.64993308967215, 89.9373248909054, 90.72604507476612, 91.19374620894659, 90.35997496175088, 90.22721946450967, 91.61487735962154, 87.04690242574927, 87.45847267289848, 87.2174682788093, 85.88922846168357, 84.50371598688248, 84.52382558249198, 85.8926009680988, 85.21946133194467, 84.32939815556858, 85.82486939312408, 84.98406826740512, 86.95217730519872, 86.95217730519872
95.97, 97.40371848932062, 96.61725442156778, 95.90944205960807, 95.62624779816133, 96.0974573078948, 93.77766067141793, 92.7722450737623, 94.03722194161386, 91.53191899389572, 90.58134173719762, 91.84015157458863, 93.2650193525344, 93.70355136961389, 94.14478882310195, 94.81716353082342, 89.72119988441266, 88.04309166426138, 89.35551512419721, 88.58152075211828, 86.42945354778361, 87.63843928396398, 85.19949064064957, 85.05216748253598, 84.18839048711607, 84.18839048711607
95.35, 95.11097054723685, 96.89113418802268, 96.99732461206902, 95.71541084288344, 97.3434089603029, 91.37008603215814, 89.52843833363394, 90.51487066452212, 85.25911298499855, 85.67588852209451, 87.09054373368517, 88.38912686189842, 88.962834461718, 84.31369739456835, 84.75618479052292, 85.88922846168357, 85.28875355095006, 86.88873067244035, 85.8926009680988, 85.71349255856387, 86.39613535244922, 85.27896909006009, 85.35478381684432, 85.54687346914143, 85.54687346914143
96.14, 97.73080429521018, 99.6835132214939, 95.13282432214665, 95.55364809249772, 96.63030203227353, 96.18835182902068, 96.64493530562241, 97.31714537509946, 95.51952499851055, 94.84510488464633, 94.4995671085146, 95.44721356329332, 94.48012962566254, 93.69418617029471, 94.2648991960826, 92.9911001775561, 90.78656500636019, 84.52382558249198, 85.8926009680988, 85.25713835878624, 87.52315397312297, 86.48362757876168, 86.36552185980821, 88.00998833534284, 88.00998833534284
95.83, 96.20688110843615, 97.8527796963425, 92.07267744168533, 91.73801914484523, 89.9762149063172, 89.1678865796847, 86.67388687256457, 88.1379636861705, 85.24533820997296, 85.67588852209451, 87.92627899874546, 88.62347670828954, 87.43797441858827, 88.24508304141325, 84.75618479052292, 85.88922846168357, 84.50371598688248, 84.52382558249198, 85.8926009680988, 84.73326827916155, 86.11154565237187, 85.82486939312408, 84.98406826740512, 85.569127703198, 85.569127703198
96.42, 97.92478962780639, 95.77954181954208, 95.20692392443641, 95.12980528222796, 93.84993586802544, 93.67144312531542, 93.9287187191158, 95.74181918032187, 91.20137775714585, 90.71049069877516, 92.6478553544168, 92.37070439420144, 89.83792739312074, 89.57542597115045, 89.67518391830886, 88.4296187546242, 88.53893347622304, 88.53555452531558, 87.88830169493787, 85.0351522898598, 86.77026557543662, 86.85036529449233, 86.95408745065473, 85.56757296966857, 85.56757296966857
94.8, 93.08117478126186, 95.24265521597583, 95.37400451019646, 95.28611462174482, 95.75345150174931, 93.50298833698473, 91.13580112984575, 87.22463242810494, 85.58239721503915, 86.48592409586348, 84.17834927434514, 85.00796617836136, 85.81502052580596, 85.30101900027479, 85.38762751611362, 85.88922846168357, 84.50371598688248, 84.52382558249198, 85.8926009680988, 84.73326827916155, 86.64916556764126, 87.43611822587637, 87.07600749749115, 88.53020220363804, 88.53020220363804
97.28, 97.38257484718393, 97.33482930376964, 97.9860104210203, 94.44838687799181, 91.58448769760457, 91.36857922829911, 88.44179857640653, 89.65099162393952, 85.66313305297606, 85.2871400852078, 87.40419744928145, 85.75314570092783, 85.81502052580596, 85.63937155821763, 84.75618479052292, 85.88922846168357, 86.85311107258455, 87.35310015982446, 86.45157919405789, 84.73326827916155, 85.79948870249369, 85.94327254273351, 85.85527784605334, 85.44044900691551, 85.44044900691551
96.59, 96.175409680553, 96.24493910431116, 95.41533562556681, 93.27113659231006, 93.46719766662287, 94.0550333794718, 95.26479368269189, 97.11026493475532, 91.97439650042573, 85.67588852209451, 86.18567173317639, 85.00796617836136, 85.81502052580596, 86.72931627050448, 86.25108131487875, 85.77578148581378, 86.24817295086545, 88.27952541513588, 88.48812345185668, 89.40450876651619, 91.10973448297007, 91.2635610705025, 91.65001997330488, 91.57556898942892, 91.57556898942892
96.29, 97.28331177318776, 98.16574188601001, 96.101509704776, 96.22857527515555, 97.23802966825926, 96.32904995767578, 96.91259932141044, 98.72635282983074, 99.71064337847339, 98.79454260581248, 99.61629917875332, 94.22712351403321, 94.57693393858615, 95.78776697558827, 94.7692156535637, 87.91525079685982, 88.27721729931837, 86.77242544701758, 85.8926009680988, 85.32881869824976, 84.32939815556858, 85.82486939312408, 84.98406826740512, 84.18839048711607, 84.18839048711607
96.01, 96.56376234946225, 96.62982424699096, 92.33634799213675, 89.14921955520654, 88.86218906508002, 88.55667434834183, 86.82460832170229, 84.10845337987462, 85.21474039096321, 85.67588852209451, 86.82786498306963, 87.21737815561671, 85.81502052580596, 85.42488980338351, 85.38488871548496, 85.29129179771735, 86.42557403976024, 86.58374142779833, 87.43114889969297, 84.73326827916155, 86.40940009039183, 85.61964671026819, 84.98406826740512, 86.78672927158533, 86.78672927158533
94.59, 94.4040554162315, 96.18023095800895, 95.56868272408818, 94.87939669778025, 92.75938974922802, 93.29630192045268, 92.07449498759475, 90.96733243527946, 89.6722652666416, 87.52144688153707, 86.71254582038239, 87.19886296768588, 87.92943579556865, 89.28383748792531, 89.29755494062088, 86.82044079912329, 87.55496972716999, 88.65009496942518, 86.75011435361436, 87.19390792204995, 88.56990931844244, 86.09659682472156, 85.10111776277425, 84.18839048711607, 84.18839048711607
97.22, 97.43164029016076, 97.39382786062966, 91.6550301621297, 91.01496172805484, 92.43261030329727, 92.36963737933213, 92.61061708083629, 93.80364300246696, 91.96479696141792, 91.27282252561051, 93.4983805711927, 90.61637531005377, 89.8364040131271, 89.556689709986, 88.24432655001213, 87.75553791597144, 89.0538133377679, 91.1744102909561, 91.02165697685048, 90.59260460927094, 87.30981904229031, 86.55056799170391, 87.81159862106061, 88.29424801123575, 88.29424801123575
94.88, 94.81502969201462, 96.74925172105165, 95.76432445928592, 96.09146881009774, 96.28030792959743, 95.19049206659204, 89.45381598831213, 90.89137381905327, 90.06729619352473, 89.73100156737233, 90.90161383410101, 91.98627969988044, 87.72532740608477, 86.98620049649202, 87.27271646950177, 87.21689037135914, 89.09563283626508, 90.86187707938217, 89.41317358234774, 91.27690839477646, 92.03705282846494, 92.3053988708197, 93.2090354262683, 90.92518158695955, 90.92518158695955
96.05, 93.22492343011993, 94.69408997109363, 92.07073273017942, 92.05510062358788, 92.39714120766797, 93.10438825090488, 91.75947224049317, 92.66856056476269, 89.08814229127424, 89.63266649979458, 89.64199636590337, 89.01968868095126, 89.7977221403979, 92.24197518127423, 86.8108835340489, 86.88483345445921, 86.50823026435438, 88.17196714691656, 85.8926009680988, 84.73326827916155, 85.1975009694471, 85.28654495002905, 85.81532653132108, 86.18427766783827, 86.18427766783827
95.8, 96.25947344139455, 96.36600741800713, 95.68457045135747, 96.35490265187508, 94.27656854997495, 95.03547808203827, 92.97432481079905, 91.73418854601925, 89.91189887434001, 88.68627903804897, 87.72840781341507, 85.84880186533792, 85.99829685115151, 84.31369739456835, 84.75618479052292, 85.0746429119946, 84.50371598688248, 84.52382558249198, 85.8926009680988, 87.13383817952486, 84.32939815556858, 85.82486939312408, 86.00374541087956, 85.78597694193992, 85.78597694193992
96.07, 96.87829897877728, 97.92455437094287, 94.98676164189735, 95.71378555200675, 95.26789797388406, 93.39644743493179, 90.09732256316506, 88.89341243376805, 89.17999461539297, 87.78727759769738, 90.15921763423322, 89.28959467310345, 85.81502052580596, 85.36090273882844, 84.75618479052292, 85.88922846168357, 85.37260306605992, 85.26970015392935, 85.13404350737461, 86.45727448062833, 84.32939815556858, 85.82486939312408, 86.10899132341089, 87.3408839880323, 87.3408839880323
95.31, 91.96435643981056, 93.16984410201017, 91.32674324304872, 92.07432052349192, 93.35861218592308, 88.5367534201908, 86.83886372639644, 88.40923361972042, 85.28457512401127, 85.67983473650868, 86.59514352872688, 85.10829263868334, 85.23009251078527, 87.11945562000986, 88.22021955225117, 85.4859779721361, 87.23541806494687, 87.70817116222807, 85.93262016690043, 85.3231778902718, 84.32939815556858, 85.82486939312408, 86.14117064519628, 84.18839048711607, 84.18839048711607
96.22, 97.13621997489292, 98.52540200697318, 96.95921141225075, 97.07549504179224, 97.44861197302765, 87.03888373119388, 85.4829156262004, 84.10845337987462, 85.25911298499855, 85.08339206363219, 84.17834927434514, 85.00796617836136, 85.81502052580596, 84.31369739456835, 85.64777199802936, 85.51175902310723, 84.50371598688248, 85.52978263419705, 85.02292330545421, 84.73326827916155, 86.4315290152356, 85.82486939312408, 85.8757016543132, 85.48780545458763, 85.48780545458763
95.27, 95.24708151500735, 94.41203084911687, 91.44089308135192, 92.55140914351624, 90.96101962658092, 87.56176924075034, 86.77392546461773, 88.49892839106485, 85.25911298499855, 85.61469416030988, 87.3499964449244, 86.39847971698967, 86.27959546081206, 88.59481840012972, 85.35615927885786, 85.88922846168357, 84.50371598688248, 84.52382558249198, 85.8926009680988, 84.73326827916155, 86.1006562163268, 85.05543156246333, 84.98406826740512, 85.06918086278841, 85.06918086278841
95.46, 97.11609778807306, 93.88540689389067, 94.70327160085279, 94.43260653980552, 94.53373511483896, 90.73056167743432, 88.64333476010478, 89.93540731761033, 89.83513660057764, 86.67953142091336, 88.52480406196041, 90.0231673293068, 87.01455879456418, 84.31369739456835, 84.75618479052292, 85.88922846168357, 86.76838322544448, 84.52382558249198, 85.8926009680988, 87.14438883289506, 88.99898653623919, 87.98857086912412, 88.12534447418871, 87.09130875103395, 87.09130875103395
95.31, 92.848401648479, 94.71076283044869, 94.27508259526411, 93.93670525204425, 95.14857566321547, 93.18166235382542, 94.09187335080061, 94.4844728940788, 92.10690047914157, 91.14972061288648, 92.01979748529382, 90.10524274124904, 90.5742165980175, 88.60621847826599, 86.77551079825733, 85.8556043734332, 84.50371598688248, 84.52382558249198, 85.8926009680988, 87.11272734218505, 84.32939815556858, 85.82486939312408, 84.98406826740512, 87.08952440645183, 87.08952440645183
95.93, 97.58182707097826, 98.30473677586066, 98.49317400247487, 98.70189317220401, 97.81946423642687, 98.69022528820233, 97.4085248402016, 97.99090655747091, 97.39784318355242, 91.54328290230704, 91.27100905124283, 85.86735541982532, 85.81502052580596, 87.45700575033082, 86.48744297881521, 85.88922846168357, 84.50371598688248, 84.52382558249198, 85.8926009680988, 87.39945338684822, 85.70324309569747, 85.82486939312408, 85.62991285639755, 87.20470211229242, 87.20470211229242
96.41, 94.81521774315162, 88.48465967565829, 87.95239546243337, 85.25147394837903, 84.10957757803895, 85.48961899980043, 85.4829156262004, 87.52495243067729, 87.65326900152371, 85.05059024666244, 84.17834927434514, 85.00796617836136, 85.81502052580596, 85.32847069503363, 84.75618479052292, 85.88922846168357, 85.79820510198206, 85.5414198770785, 85.8926009680988, 85.67742883294477, 86.06135905142595, 86.25464787889275, 85.91428442273507, 85.54557976834793, 85.54557976834793
96.76, 97.89145670295656, 98.53696755303633, 97.33417454012978, 91.19961245297755, 91.187231508652, 91.16948962080305, 91.91028326612944, 87.35339509765137, 88.20220015162624, 88.69144277343298, 87.65633597852089, 85.73346348454726, 86.148212691809, 84.31369739456835, 84.75618479052292, 85.88922846168357, 86.20746503949118, 84.52382558249198, 85.8926009680988, 86.46364503312041, 88.1633769747875, 86.2680333409048, 85.10329188954431, 84.18839048711607, 84.18839048711607
96.65, 96.95796636378444, 98.90505115588074, 95.86229130680975, 94.92779041185776, 96.86525413245549, 91.16250398032672, 90.7189990057077, 92.15901178787188, 92.41553491356697, 86.82871942188316, 85.9318214268788, 85.00796617836136, 85.81502052580596, 85.89412753114539, 87.39337048321144, 86.62898474215527, 84.50371598688248, 85.25323889179114, 85.19970197373934, 86.43721104162546, 87.93062740152978, 86.56244995830681, 84.98406826740512, 84.18839048711607, 84.18839048711607
96.83, 96.61266170397704, 97.56671309768595, 97.54836041142798, 98.39907484911393, 98.34024162404499, 98.21823311779691, 91.05643242353918, 90.19370674648871, 88.55542617294651, 87.25363821189326, 88.25308176541733, 88.4918850674491, 89.17894360142428, 86.85960027038962, 84.75618479052292, 85.88922846168357, 87.76334503608406, 88.16196271023033, 85.96873898995099, 87.15623961716516, 84.32939815556858, 85.82486939312408, 86.96454569455942, 86.71180990125612, 86.71180990125612
95.87, 94.75910192457172, 96.08033978889367, 96.66590716529615, 96.11335190790012, 97.1588153306287, 97.12917667633826, 97.44738050511445, 95.7905494441178, 89.86575590979314, 86.36315888869733, 86.04391677671705, 87.26397048687625, 86.41962311828493, 85.77552288288561, 87.29369323504528, 85.88922846168357, 87.63504355759616, 87.17514302059585, 86.32437352971897, 84.73326827916155, 84.32939815556858, 85.82486939312408, 85.39489628305101, 84.18839048711607, 84.18839048711607
96.42, 94.2648986862654, 94.82757176834446, 94.47926701400188, 94.40855705438358, 96.2125814440243, 90.72927554807087, 88.28024180635852, 88.38273455976483, 89.33468595134438, 85.67588852209451, 87.16678664133772, 88.49559004678842, 85.81502052580596, 87.50754979399451, 84.75618479052292, 85.88922846168357, 85.32772075885255, 85.75716540634434, 86.39373780781905, 85.26841726136156, 86.44445773839574, 85.01639682322703, 84.98406826740512, 85.14711676810894, 85.14711676810894
96.64, 94.18087089841205, 95.77850692221008, 93.83628415944291, 95.01027987020711, 96.33360929962322, 97.1918737196809, 94.56394025174355, 95.2774280007712, 94.73943649193245, 95.4870064444893, 94.42997429958804, 94.84354063894669, 93.97088286247505, 93.1512358417771, 93.41172759900469, 85.88922846168357, 87.80523934529221, 88.0262808889377, 85.8926009680988, 85.56069156896686, 84.32939815556858, 85.82486939312408, 86.92224189612253, 87.1003246240615, 87.1003246240615
95.14, 96.12520732012955, 96.43963915508935, 97.13062805926624, 97.70052514455152, 100.19054401667363, 100.31024542840595, 101.07735656145148, 101.34085635466728, 98.8469966516408, 99.02969273211048, 98.86681530752895, 96.5874489371469, 93.31192437159201, 89.74554112872563, 91.45261461382611, 92.22460987824508, 93.61359858311417, 92.31223925843003, 91.11668120063605, 91.45375030501916, 89.67122994358981, 88.73482643302451, 84.98406826740512, 85.4024739490627, 85.4024739490627
96.17, 95.70100587081815, 97.66148491414202, 94.10989508879629, 93.49392554803832, 87.04833627067084, 87.9268301455722, 86.32918080760368, 88.1655563126334, 85.25911298499855, 85.67588852209451, 87.9232772218454, 86.87778993435292, 85.81502052580596, 86.11842822214027, 84.75618479052292, 85.88922846168357, 84.50371598688248, 84.52382558249198, 85.8926009680988, 84.73326827916155, 84.32939815556858, 85.82486939312408, 84.98406826740512, 84.18839048711607, 84.18839048711607
96.05, 85.0, 86.51278795918441, 86.07284816313891, 86.95480063464969, 86.20985511003592, 85.55797707701424, 85.4829156262004, 86.5443588956942, 85.83826091482482, 85.48398294914185, 85.35709620989473, 86.85299981646365, 85.85409640482816, 86.58682123727019, 88.02613638352913, 88.02272524952652, 89.6256500765806, 89.31057129917657, 89.32649917638177, 89.20165874875717, 88.44707165573934, 85.82486939312408, 84.98406826740512, 84.18839048711607, 84.18839048711607
95.91, 96.34014299022573, 98.06340115884012, 97.25957111450664, 97.79838335521191, 97.55112470754315, 97.13633306786828, 96.30211498082419, 96.71382530169812, 95.4366681622264, 92.87748795406699, 93.22879872650901, 91.46482275320815, 90.93959957317097, 89.5143417535204, 88.79255934557162, 88.96477429534191, 89.83202621157967, 90.47259583841192, 89.71877732456174, 88.97837067574774, 87.6741113195615, 87.91211715472537, 85.81267848190166, 86.93825890182998, 86.93825890182998
95.79, 96.51327771504018, 97.43658369508731, 97.61448968595433, 97.38746923345984, 99.83776947367659, 98.2553144464219, 98.75703972245407, 94.91356908272076, 95.03366855428396, 94.29530745044802, 94.74032430829918, 91.53986512281857, 87.24954549017339, 86.39923081254179, 85.06220683655458, 85.88922846168357, 86.64873917880543, 84.52382558249198, 85.8926009680988, 87.5248059693342, 84.32939815556858, 85.82486939312408, 84.98406826740512, 84.18839048711607, 84.18839048711607
96.86, 97.5816704343399, 96.54739993526178, 96.53378125985537, 96.59518900487997, 97.51865858807867, 97.64741411505557, 97.10380949412688, 95.23970641523204, 94.68317474562288, 89.35726771382826, 87.50030860968906, 87.93572555329908, 86.68363717807779, 88.86362845468051, 90.31524507340686, 87.45046071196666, 86.55868557173825, 86.79345207268283, 85.8926009680988, 87.12721229965142, 88.77885499403725, 88.24404952730094, 88.8825426937461, 90.22656071039984, 90.22656071039984
96.36, 95.73536634814697, 94.11212842797241, 94.48757568288866, 94.06029909491183, 95.16813228667527, 94.6181109087634, 93.45961723741704, 93.8476915292785, 95.25625426948714, 94.8757945051704, 92.53802044613609, 89.25923300975171, 88.64190571406202, 87.21401252100264, 84.75618479052292, 85.88922846168357, 85.63450777906652, 84.52382558249198, 85.8926009680988, 85.61228598892943, 86.40269606306954, 86.70791094344172, 85.21813948530061, 86.4940528548381, 86.4940528548381
97.16, 95.32881859974206, 91.16122284002832, 91.23315557590114, 91.81255193683897, 90.47798854697365, 88.74133882658171, 85.4829156262004, 86.18240782351972, 86.10415340541275, 85.67588852209451, 86.59487635988442, 86.33244633490227, 85.15514180194303, 84.31369739456835, 85.90971686001882, 85.9772985014967, 87.75010426336497, 89.02170629495235, 88.81311432644846, 87.7631594639724, 86.71708180689244, 86.67105954286247, 84.98406826740512, 85.85700022258237, 85.85700022258237
96.55, 98.1765988779493, 100.58616538665842, 99.38663210859139, 100.41878801034444, 100.79789222541164, 96.34830149789573, 91.81530924736938, 89.23893109515411, 90.61096117207398, 87.58832119247393, 88.77406207054852, 88.10562894851618, 85.81502052580596, 85.76845826788653, 87.58984160501659, 86.25889454331565, 84.50371598688248, 85.90363100922139, 85.8926009680988, 85.07758224261262, 86.36025028891561, 85.82486939312408, 84.98406826740512, 85.35100733504804, 85.35100733504804
96.69, 97.02533409555507, 98.70297018424809, 99.27959925803955, 98.41146490928742, 100.48503764262209, 100.78168751005148, 99.487880980771, 101.1031793812004, 101.18299092063116, 101.95861079209571, 104.0279289460425, 102.83708008758265, 100.36885767679817, 97.94203692801017, 96.76002396134054, 96.72430515346545, 96.91653244976439, 94.29895208679845, 92.63770870418368, 93.73960402830238, 89.86738597543975, 88.85763664502736, 85.65169409792598, 87.38639068418331, 87.38639068418331
95.53, 93.76621362760838, 93.03850272260503, 92.47244880000054, 92.96236989437702, 91.13524914885205, 91.13238280045753, 90.14066794831028, 87.8802566628432, 85.25911298499855, 85.00469948041658, 84.17834927434514, 85.00796617836136, 85.81502052580596, 86.19871665896254, 87.50003109918912, 85.88922846168357, 85.85399869152235, 87.25398293982389, 88.09963696119294, 84.73326827916155, 85.64283796050329, 85.82486939312408, 86.70516477157287, 84.18839048711607, 84.18839048711607
95.1, 95.35192471853746, 94.33020355217356, 92.1655753411399, 91.33719323263591, 93.55085799748022, 93.19621152419404, 91.52255650330682, 93.22004543829013, 94.35499334917347, 94.8929586862128, 95.67945537649261, 97.40911327281066, 94.59676616574639, 93.60055841916338, 92.68833905038792, 90.78155040279154, 92.89274469447778, 92.7365830834048, 92.25734843188435, 93.75432643030082, 94.11486949827305, 92.85575038396757, 92.76139400577792, 93.63937985082623, 93.63937985082623
95.3, 92.14752462312696, 91.07519024842036, 88.29732912294165, 88.4354480431166, 89.16426713684595, 88.6572934433965, 88.61869974150238, 90.62646958637258, 88.73786855530656, 88.25928603023506, 90.6568189026764, 91.63061169181029, 86.89933572278902, 85.54240929500476, 84.75618479052292, 85.88922846168357, 87.46968721870068, 88.19315081917216, 85.05191061890228, 84.73326827916155, 84.32939815556858, 85.82486939312408, 86.64219046342595, 87.56383290835848, 87.56383290835848
97.11, 97.85651935773792, 95.83706230162709, 91.10772826449211, 91.23287638060695, 90.68970991057327, 90.36285236968725, 90.26735396525079, 92.01429943455635, 91.50548705530211, 88.04570471828855, 89.19460579473889, 89.79310890557797, 90.71093640060913, 93.14502167048431, 93.88848741233464, 89.44698091780741, 90.76442518911331, 91.28318567519638, 91.62178739986132, 92.66158020525515, 93.51639549372678, 91.94230206454618, 90.26137149743927, 88.30154773682702, 88.30154773682702
95.58, 96.77481172412949, 94.60882003301535, 90.20991667025636, 91.6005222814042, 88.24821045214556, 87.32656476747397, 88.5063860553428, 88.32842767796677, 87.33661569683538, 86.3399880890765, 84.17834927434514, 85.00796617836136, 85.81502052580596, 85.97906657613056, 86.09646015946578, 85.93523958826324, 86.39268887453281, 86.68347487664118, 85.45984413508022, 85.77186189894371, 85.1721151894632, 85.82486939312408, 86.16999368514973, 84.18839048711607, 84.18839048711607
95.93, 93.2605945165368, 94.94601845535024, 94.24448001652328, 93.34479506165935, 93.85875038157143, 92.383324665059, 88.03926041135591, 84.10845337987462, 85.25911298499855, 85.04810988575821, 86.9717225590882, 87.11497373616302, 86.5738819035924, 85.72679996973368, 84.75618479052292, 85.88922846168357, 84.50371598688248, 84.52382558249198, 85.8926009680988, 84.73326827916155, 84.32939815556858, 85.82486939312408, 84.98406826740512, 86.0055796064799, 86.0055796064799
95.95, 95.91529310016742, 90.74362415191202, 88.18366387492843, 88.93501593836001, 90.43045448689024, 90.47707353286853, 90.39823501353371, 90.92540632710981, 89.36275041702724, 88.34433552642848, 89.4060221689889, 90.31708657705701, 89.31200235082066, 90.64488433223391, 91.87678408015435, 92.50755254424583, 92.34164612528876, 93.23535413818828, 92.10422196279181, 92.64615016366817, 92.43697650612417, 92.8144285526762, 92.03539762456192, 91.33770150348614, 91.33770150348614
95.28, 96.27049482605247, 98.19766814477624, 93.20865449826991, 93.18644936107044, 90.36492139047044, 88.13832582143866, 85.4829156262004, 85.72002113538902, 86.15576766567325, 86.00090140127325, 86.71326688417261, 88.13877279438812, 88.00417254875744, 89.8895388508673, 90.55135453339356, 89.20007318002521, 88.42863421213374, 88.87376180633886, 88.23311500444647, 88.74387807358522, 88.42831760731531, 89.28671569239329, 89.62043397480764, 86.60692285243938, 86.60692285243938
95.6, 96.75685176847436, 97.41393445714688, 95.41253851357652, 96.44021917523537, 95.46827915915783, 95.91612892362559, 96.47778046786127, 94.00031679018173, 92.84321556311069, 93.28189300447785, 95.27951056995617, 93.95268054743343, 92.90293443572833, 93.77153654423131, 94.8513767043376, 93.5019752939686, 95.06631454905988, 96.53024347879595, 95.45677749799741, 93.97923732053759, 94.1993975538574, 93.64497874000733, 93.6324897689648, 93.3974514979345, 93.3974514979345
95.78, 96.21036698603838, 94.93818309941629, 93.16567916225601, 92.51689510041913, 92.89294688361231, 91.01545267042366, 91.24190304329905, 92.98860051013997, 91.64233373295491, 85.67588852209451, 86.75116800332087, 86.99324183246337, 85.77253545463124, 87.35195347418794, 86.73323817905569, 87.23881996229687, 87.21291197437684, 84.52382558249198, 85.8926009680988, 84.73326827916155, 84.32939815556858, 85.82486939312408, 84.98406826740512, 84.18839048711607, 84.18839048711607
96.93, 85.0, 84.18163231585689, 85.68112224577713, 85.25147394837903, 87.59901537132718, 87.27995772553373, 87.12088692479834, 86.59024795726066, 85.25911298499855, 85.1848238590114, 86.25882038425748, 86.61093691257763, 85.31010874024247, 84.31369739456835, 85.65567742611357, 85.88922846168357, 84.50371598688248, 85.91201205486526, 85.8926009680988, 84.73326827916155, 84.32939815556858, 85.82486939312408, 84.98406826740512, 84.18839048711607, 84.18839048711607
97.23, 97.8857890396869, 98.89182371612623, 99.3735380048057, 99.65392301760302, 101.6544110925201, 100.8765076653581, 101.11072335800657, 99.58251276337101, 96.83214750681063, 95.58567644727447, 93.08276435979256, 93.31819885537303, 93.25067667001544, 90.57086834007237, 91.56050643478453, 88.84251835002776, 89.21540082033661, 89.06646818776254, 87.44158274766008, 88.2174944322064, 86.98910334789899, 85.82486939312408, 84.98406826740512, 86.58316757614125, 86.58316757614125
96.02, 94.754481383117, 95.48106809707215, 88.86428059467843, 89.69251174150443, 88.07157001734362, 89.2500876706315, 88.0427221811854, 89.58615546644876, 85.25911298499855, 85.67588852209451, 86.5988840425796, 85.00796617836136, 85.81502052580596, 87.29863096152793, 84.75618479052292, 85.88922846168357, 87.57916374416675, 88.30698460408725, 86.69980753482623, 84.73326827916155, 84.32939815556858, 85.12536230320818, 85.2140676469326, 85.5284796284011, 85.5284796284011
96.13, 95.04229176240689, 96.25977209889157, 95.69137244035555, 96.01796551747985, 96.69390769380435, 93.93488497243463, 90.81571587442967, 92.76684476926151, 88.30080126379667, 86.59878928270774, 88.05651249482395, 89.09954670515131, 87.414878011686, 85.40214112828689, 84.75618479052292, 85.88922846168357, 86.5990086320054, 85.67162546824187, 85.3844654265948, 86.45005660797003, 88.3547586382763, 85.2373835643345, 86.78557800630101, 85.72125291124969, 85.72125291124969
95.54, 93.37230724558586, 93.7182885417618, 92.05894329484055, 89.78974081408897, 89.95465690411221, 89.06253092078418, 85.96672615090844, 87.67748062213438, 87.60045934291817, 86.66563345065065, 87.47016720882398, 88.03863803463749, 86.35949035612842, 86.99095752067637, 85.35451514241508, 85.15656977741165, 85.43078692290317, 84.52382558249198, 85.348372577673, 85.33084554347671, 84.32939815556858, 85.82486939312408, 86.32758823729694, 88.2241108080702, 88.2241108080702
96.6, 97.57152326482762, 98.15897754778398, 95.50310022241969, 95.18818655709242, 94.59732787613643, 91.0896153307465, 92.29852356239608, 91.07688499113316, 88.31483490819737, 89.20215566217394, 88.79315081155015, 87.32818524558766, 85.81502052580596, 86.8529084507675, 88.03921194337828, 88.1976181009781, 85.92163743818998, 86.42938914984887, 85.8926009680988, 84.73326827916155, 85.70345046139853, 85.82486939312408, 85.69791269376984, 86.02391953308495, 86.02391953308495
97.2, 96.97018071653547, 96.36031190260981, 95.78000027796475, 95.13672081790108, 97.4387005806597, 97.38517379921694, 91.74402183835501, 93.0525717274935, 90.92349853016776, 89.26007066255251, 90.50608881805212, 91.68825727606551, 88.55011975855729, 89.95047974937684, 88.52195850129698, 89.04941565671082, 89.79831659374126, 88.46126524048982, 88.56749640653246, 88.52701055004246, 88.39831553723995, 85.82486939312408, 87.35974772750379, 89.95142802519328, 89.95142802519328
96.56, 90.72776003781453, 91.96797860736527, 92.22224095782967, 93.20329306894976, 95.87511412485347, 96.33306072056511, 91.77806467941875, 92.31119813882327, 92.63482394723144, 87.08309173280448, 89.39565231595834, 85.38505950420571, 85.98705087891213, 85.94882802583359, 87.43493721037771, 86.0868514053141, 85.40150561514427, 85.31230471713161, 85.8926009680988, 86.13046341428927, 84.32939815556858, 85.82486939312408, 84.98406826740512, 85.85261590799747, 85.85261590799747
96.73, 94.14405022334752, 89.1863613683779, 87.07431459742304, 88.45081744516928, 90.23305643164318, 90.85574789286109, 90.87005332559626, 93.26164143256422, 93.7537176802232, 93.28755484835867, 95.4595435510718, 95.29415906389995, 95.06422114805686, 96.88403079737446, 95.85797590548447, 95.17634245876303, 91.2890150368433, 89.11379420514832, 88.77222775895288, 87.51485227128046, 89.08894329405952, 89.26360730527894, 89.62442801837238, 90.57488759402416, 90.57488759402416
97.42, 93.13146487832118, 93.41365135372726, 94.20280445521446, 94.15074785713908, 95.82745762847415, 94.57962942025156, 91.65980973559721, 93.24021799995094, 92.24507971545108, 89.75474345260841, 91.92482940227589, 91.37344837851147, 91.1084838344282, 91.7410200569268, 91.98149232084866, 91.11237232762929, 93.05627216795745, 93.31267131222992, 90.3011835630565, 91.37943020255419, 89.67862013914572, 88.92290892812026, 89.02605096138392, 90.19105923501152, 90.19105923501152
95.87, 94.32008816145203, 94.31418908733502, 94.25641722450617, 93.3474260675151, 94.1307391084859, 93.30435797313618, 93.86425986054917, 94.87267912119258, 85.83844528240826, 85.67588852209451, 86.74684378585681, 88.00642164089084, 86.07521652732852, 87.31621062195184, 88.57037758078214, 87.70616567089304, 86.7430477296201, 86.67014459664371, 86.31692720596351, 84.73326827916155, 85.27972512316104, 85.82486939312408, 86.21345020617366, 87.08931812491004, 87.08931812491004
96.96, 98.0582368170182, 98.53577492719138, 96.02790972747997, 95.31754272851619, 96.82354082834657, 97.0409777952072, 95.96469434803666, 96.49461088075195, 96.7349282942218, 89.94717777872549, 91.1934204918588, 91.20867957130262, 89.16264653098806, 90.82801752065517, 90.84409137260381, 85.88922846168357, 86.43585814571803, 87.51534381544597, 85.8926009680988, 86.73247894446503, 84.32939815556858, 85.82486939312408, 84.98406826740512, 86.21082861730667, 86.21082861730667
95.79, 94.40698347005379, 95.24050621588185, 95.63112241586012, 95.38383932486198, 97.35439852713829, 95.2366215166603, 91.82239224364172, 92.91643372901329, 91.55281047484759, 87.67438839327018, 87.91753100669686, 86.69128919420123, 85.81502052580596, 86.7301914070325, 85.27721110675385, 85.88922846168357, 84.50371598688248, 84.52382558249198, 85.8926009680988, 85.5421207537502, 84.32939815556858, 85.82486939312408, 85.69364255519149, 86.43407067805252, 86.43407067805252
95.55, 91.27915435280296, 90.59384306022129, 89.34155893896803, 90.03476335108262, 89.25232764912022, 86.97200270533452, 85.78067552172057, 87.83074385898782, 88.73805302311727, 87.71012297531006, 87.28632161721629, 88.70603940646035, 85.4133639792841, 85.32595481799483, 84.75618479052292, 85.88922846168357, 86.92061905661352, 85.95064919306377, 85.76457259771065, 84.73326827916155, 84.32939815556858, 85.82486939312408, 85.33612675187793, 87.39479624812866, 87.39479624812866
94.99, 95.40573854157067, 97.82384107189866, 94.16432032718947, 95.3591535804923, 93.05312358731963, 90.45671802563295, 89.42475924910676, 90.85113848512937, 86.3725242129452, 85.67588852209451, 85.00161714287435, 85.00796617836136, 85.81502052580596, 84.31369739456835, 85.02199650926615, 85.88922846168357, 84.50371598688248, 86.16562568630468, 85.8926009680988, 87.13625329680364, 86.5224799743787, 86.21044825098537, 86.42715651209994, 88.62597360765031, 88.62597360765031
95.56, 92.17568238924056, 93.78189318370114, 87.43203755457445, 86.2821910572771, 87.35130084040456, 87.31092426270739, 87.29861898033721, 88.47498322375846, 89.58495551905055, 89.24004920655052, 90.34691894334172, 89.45806144583325, 89.91831236986417, 91.53948450724751, 91.96209158408554, 92.20657063481687, 92.39701451890704, 93.18934180157127, 92.54929463241216, 92.8686595581143, 91.09714245053907, 88.18516206598034, 88.12954333658803, 86.57094708742636, 86.57094708742636
97.45, 94.19142796753582, 96.04659636554537, 95.44739792567732, 93.77028879817063, 94.1220777201362, 93.31699598251367, 92.17605841669561, 89.60092936638259, 90.6833852772539, 88.35617091346299, 89.91761297218582, 88.94611215008655, 85.81502052580596, 84.31369739456835, 84.75618479052292, 85.88922846168357, 87.26795492462159, 87.55803521031429, 85.78526975636262, 84.73326827916155, 86.5967803957337, 85.82486939312408, 86.64717902796606, 84.18839048711607, 84.18839048711607
95.15, 92.99038481765187, 94.94887996163482, 94.3313689102424, 94.98828361922195, 93.93445924806501, 93.80127711891656, 93.03366481421803, 93.69862348807018, 93.7935455466657, 91.08366259122685, 90.37766676123974, 90.29190617132996, 90.17665554897818, 90.1528218159868, 89.73274486601568, 85.88922846168357, 84.50371598688248, 86.37669861646224, 85.84506638770927, 86.79506981864004, 87.4103869300451, 85.82486939312408, 87.16067101894096, 87.1303572819183, 87.1303572819183
96.55, 96.26760729929701, 94.9558213435348, 91.74053793831273, 92.96883011117777, 94.45990944516352, 93.85283655693758, 94.34139910801831, 96.29057122787772, 96.32958255678031, 95.59859619397571, 95.055237586311, 94.13648024861001, 91.50777143226762, 90.24939505211933, 91.26004605494616, 89.4624784059112, 89.25892938374204, 86.99327040925563, 86.75716857185807, 84.73326827916155, 86.58871378898401, 85.82486939312408, 84.98406826740512, 86.4101585535656, 86.4101585535656
95.45, 92.12998198778263, 91.41706847848481, 91.24100702192752, 92.02996480147546, 93.04576870631595, 90.11397873021582, 90.88421123319527, 92.1471513356212, 93.26173256683656, 91.63188719309943, 93.38701851112921, 94.23050898536704, 89.93901250352148, 91.29922745827353, 92.82343558868978, 93.37489020634622, 93.49367374904193, 90.88272654976765, 85.8179852809685, 84.73326827916155, 85.1302910592622, 85.82486939312408, 87.05804679734062, 88.93268435817585, 88.93268435817585
95.97, 94.6632319433052, 93.38158759557575, 93.38307226444815, 93.14054905547488, 94.8849331426015, 94.31456494600428, 94.45350896006192, 94.56436605941227, 94.81687304679707, 92.59622890520129, 90.5443205906628, 87.93578364241814, 88.05246830974392, 89.07032141518054, 89.73803228346763, 85.88922846168357, 85.41429599358986, 86.89023026928201, 87.19751600396154, 88.97236808129622, 89.2721539097976, 89.73441953589627, 89.14148198245219, 89.35734734375774, 89.35734734375774
95.68, 93.2111369232011, 94.96846799588464, 92.64054437104654, 92.34839545287963, 91.70361274926425, 91.85912855356452, 89.40430369846395, 90.38621081259896, 91.5108675405978, 91.3679056606652, 91.2642782247144, 90.91482509424061, 89.07254839335319, 86.5692070701051, 85.00452541358399, 85.88922846168357, 84.50371598688248, 85.90215464607124, 85.8926009680988, 86.3008649693589, 86.80107853504566, 86.61316072219051, 87.9538699191664, 88.18360664987968, 88.18360664987968
95.61, 93.30324794728885, 95.75853500773961, 94.85917343568455, 94.96990294210032, 94.40454743307089, 94.12765957253632, 88.29569147802981, 84.10845337987462, 85.25911298499855, 85.67588852209451, 86.05332461182414, 87.16417083615022, 85.81502052580596, 84.31369739456835, 84.75618479052292, 85.06679863263278, 84.50371598688248, 85.00547417089317, 85.61896568835488, 86.5941706941708, 84.32939815556858, 85.82486939312408, 84.98406826740512, 85.93526944047812, 85.93526944047812
97.52, 98.08236119678676, 96.30725636830464, 96.42477167926252, 95.77014413091787, 97.08478319003059, 93.5549282481013, 93.20761709296515, 95.35381169900697, 96.1077572112667, 90.25344536133122, 91.36021525597555, 89.42993895674485, 89.7794694884126, 87.29473746813284, 88.13587022894082, 86.34737546673102, 87.79313622353466, 87.34384090181581, 85.8926009680988, 86.49956727440677, 86.3946524897949, 85.82486939312408, 84.98406826740512, 84.18839048711607, 84.18839048711607
96.53, 95.2882163182344, 96.17284685489815, 95.51504281577546, 96.21582193746691, 97.87224321914603, 94.75889730062259, 92.38966809934433, 92.8560304560226, 92.97994831182763, 91.29669956478034, 92.23790847440122, 93.02245987022165, 92.5750788736135, 94.28190071688886, 94.88286894310072, 94.8783811337614, 93.49472013805274, 94.46093353633039, 90.37125247587616, 91.28612107179322, 90.0564254539831, 89.15600171092109, 89.46101632281822, 87.40402846648722, 87.40402846648722
98.18, 98.1289401198684, 99.81144519307405, 98.76335831531834, 98.7384533377242, 98.78541404788876, 98.4512679946367, 98.66448095438345, 99.73277242196376, 97.28011364930903, 97.75302225610744, 97.67924875213254, 98.11544994649424, 96.68816757958761, 95.19980779979343, 93.68420949385556, 93.9920109262808, 91.62994450642645, 90.24116741498864, 85.78553445766973, 86.92008513429028, 85.93224500125542, 85.82486939312408, 84.98406826740512, 86.06468577836286, 86.06468577836286
95.23, 95.88008251892138, 95.71812185582019, 95.76242223313453, 95.09298510866877, 94.04816815779617, 93.82057509305963, 92.83318740457483, 93.30147987707478, 88.6092761541822, 86.78156974832339, 88.4167274698039, 88.82713167830477, 87.7141437882068, 88.71509023477614, 86.08819188113604, 85.04355944619, 85.85431122644576, 84.52382558249198, 85.8926009680988, 84.73326827916155, 85.66799743968207, 86.17722162123445, 87.30368217198132, 88.83386175369009, 88.83386175369009
95.59, 94.8967814791563, 88.19965824185675, 87.99719172806175, 88.52420020865009, 85.786967780226, 86.5850944967554, 85.4829156262004, 86.71474409602445, 85.25911298499855, 85.84490965737187, 86.57512023607909, 86.03385883155845, 86.17848128377072, 86.50723920549623, 87.00892771721456, 85.88922846168357, 85.54182550884568, 87.09353975118239, 87.05015453061584, 88.81952258067403, 89.11758776976252, 85.82486939312408, 84.98406826740512, 87.19679924267834, 87.19679924267834
96.02, 94.20893406310451, 86.49658085193882, 85.68112224577713, 85.25147394837903, 84.10957757803895, 85.48961899980043, 85.4829156262004, 84.10845337987462, 85.25911298499855, 85.67588852209451, 86.0521447741966, 86.06975000490343, 85.5925848070232, 87.70824242245668, 88.75778384396907, 86.54136867089208, 85.43521230373297, 86.10960201755336, 85.99581871499545, 85.18654045520805, 85.56774698117793, 85.61741886206723, 84.98406826740512, 84.18839048711607, 84.18839048711607
95.92, 97.14340589888826, 97.95382475684278, 97.90489831908978, 97.96533081565057, 97.68949747640863, 96.25084048636108, 95.87053474262206, 95.28590276518034, 92.51424770369445, 93.5664039052323, 94.92137770402768, 95.60754469646848, 90.0427611513158, 92.1750988958092, 87.42129972680128, 87.57727436664472, 88.5748919802573, 89.23717448661021, 87.75231201369452, 88.28809792908811, 88.84306715036426, 87.3343783153328, 85.63425118306058, 85.28492334913976, 85.28492334913976
95.48, 96.07492416364938, 96.99091789043709, 95.51186944870727, 96.06967407372923, 92.77364025417211, 91.9879872364611, 90.45072847588905, 89.53959747988621, 89.40857882084846, 85.21120563941416, 84.17834927434514, 85.00796617836136, 85.81502052580596, 86.72281603204584, 87.13258115465149, 85.80237091124718, 87.37252739793135, 88.69386918930071, 86.1914246387655, 84.73326827916155, 84.32939815556858, 85.82486939312408, 87.5442923792253, 89.95660735558621, 89.95660735558621
95.27, 94.72801066312753, 95.75301146208184, 92.24949028494333, 88.15322927448112, 87.72289867110169, 88.69520101915913, 89.35666186924297, 87.04500969925175, 85.07377230252922, 85.15194407846388, 85.47102307449627, 85.8741549724916, 85.81502052580596, 85.96248056067313, 84.75618479052292, 85.88922846168357, 87.23459632256862, 86.24970772140607, 85.85744700661299, 86.85583878324323, 85.28526777678974, 85.82486939312408, 85.6122648636697, 87.08663078514938, 87.08663078514938
95.71, 96.42794069154897, 98.23452176934576, 97.55616214073807, 95.14110012285948, 94.01126083537994, 93.42817342177565, 93.15728036113859, 88.27063089426188, 88.51594290783846, 88.52283003898589, 87.37576902581534, 85.00796617836136, 85.81502052580596, 84.31369739456835, 84.75618479052292, 85.88922846168357, 87.9698230276342, 88.27564158074111, 87.56982266458348, 84.73326827916155, 85.76960676962187, 85.82486939312408, 86.77476245415788, 87.60798886916099, 87.60798886916099
96.94, 98.24361234395906, 98.91872452679078, 94.9645598751532, 95.01265024735497, 94.8479305390901, 93.37680470182141, 92.57437414259105, 95.24809057101608, 91.20665731484794, 89.72415606220731, 91.12612204608115, 91.29053027393994, 90.5219522383773, 91.51271623225308, 92.5127301892453, 85.88922846168357, 86.52862603294085, 87.45112830372584, 88.13828885117482, 89.1823730514542, 88.40241750172959, 85.69280306947671, 85.72716359831259, 86.81931134482028, 86.81931134482028
94.97, 94.10326371611374, 94.69027973657671, 94.65426106698818, 95.78539112518845, 98.24393508945215, 96.51540224938017, 96.07296523769696, 98.61407850985829, 96.42712023905275, 97.12803139818004, 95.50464646177761, 95.99541300360725, 95.35929666733486, 94.67651061692328, 91.58482857895143, 91.08664267933747, 89.36192528908533, 89.73496952757888, 89.47549301190453, 90.16298204676255, 89.57444625243868, 88.89946399896861, 89.52838345043853, 86.6206007960421, 86.6206007960421
97.15, 96.60099611854069, 98.04809251954455, 96.34435822975934, 94.54422603218762, 94.56194167142246, 94.84234356441635, 92.31341179080809, 92.16370901626287, 91.66222202715652, 89.81780285228007, 87.29557467829883, 86.2342363184598, 85.2472690815099, 84.31369739456835, 84.75618479052292, 85.88922846168357, 84.50371598688248, 84.52382558249198, 85.8926009680988, 84.73326827916155, 86.20341666510676, 86.28322065334844, 85.07489331352168, 85.91605683222929, 85.91605683222929
95.91, 92.51350417828884, 93.76369573126678, 93.78445696510953, 94.86342369329687, 95.81007412511018, 91.03480997445637, 90.94589741080932, 86.95818018767784, 87.04295762144841, 86.20878960584416, 87.6435207406634, 88.18046430966155, 85.81502052580596, 85.03950241649088, 86.4291204651326, 86.40294272695938, 87.06754097557302, 86.40568386134348, 86.56005939484253, 87.22373823799667, 84.32939815556858, 85.82486939312408, 84.98406826740512, 84.18839048711607, 84.18839048711607
97.04, 96.00989989436023, 94.6682425109777, 94.15377368745787, 94.22264311142483, 94.58348922505259, 94.79925271865517, 93.86198000748118, 91.56671972627696, 91.90373752890841, 91.40766027293229, 92.04450490533154, 93.1929102179021, 87.71144134795848, 85.81670766624244, 85.29984625605981, 85.88922846168357, 87.01698708400421, 86.60088739723051, 85.8926009680988, 85.50462183933737, 86.01391008618175, 86.85323660865201, 85.78029688021572, 87.69993844227346, 87.69993844227346
95.31, 95.81452493186003, 95.59075339665543, 92.69418587846735, 91.47244052638254, 91.4106995027255, 92.18606549955854, 92.61929426726597, 93.81358842748298, 94.87484441310768, 95.77209593668168, 96.66592950890623, 97.56941894704613, 96.86670827640654, 98.06298906729876, 97.94069023398016, 93.35223007464901, 92.53949137828495, 92.25935421910046, 90.17333648965605, 91.58318603691676, 92.09785353071798, 91.71988978687486, 90.30877276752689, 90.88568619075184, 90.88568619075184
96.26, 95.46964750990608, 94.49170544900508, 94.10140485387545, 92.06829614832648, 92.15223205715752, 92.43161584434822, 92.14483248668694, 91.095610877885, 92.2873647074409, 91.95280608365181, 94.12949697475197, 93.01531489915847, 93.70549574452967, 92.75353161768714, 93.07105276714903, 91.83233977864525, 92.30035749073679, 93.51687876837127, 93.78162806448618, 89.66128471847935, 90.68036816096523, 88.65884207978117, 89.55251441418035, 91.38311630391594, 91.38311630391594
96.35, 95.33817016126343, 95.43716140626098, 95.29931406635004, 95.74381177409137, 91.56877211534785, 91.06633952226726, 85.4829156262004, 84.10845337987462, 85.25911298499855, 85.67588852209451, 84.17834927434514, 85.00796617836136, 85.81502052580596, 85.10570410731502, 84.75618479052292, 85.88922846168357, 87.28810183332047, 89.08714500008905, 89.8271224589356, 91.33105838693095, 92.07442700524096, 90.96366132267846, 92.47399158632143, 93.79557964572483, 93.79557964572483
95.68, 95.31399372259565, 94.12478064542258, 94.78527657136523, 94.67541225405675, 96.24107925346864, 96.34285673360327, 91.68587133859815, 93.36710874655734, 94.09891625122123, 94.1420931783858, 94.39219306781612, 95.213431167529, 94.09704768644468, 93.7290618447649, 93.25711040116514, 91.29832918061943, 93.4956605760138, 95.61651321141856, 92.89608024621374, 93.89620143340231, 93.7896079998047, 93.54639609110734, 91.08805596293378, 93.53863365088496, 93.53863365088496
95.66, 95.22056654374379, 94.46778992080147, 94.55960945410985, 91.69790446241693, 91.62467938701009, 87.95900485077264, 87.31982181952851, 89.2111642849082, 86.70419731431647, 85.67588852209451, 84.17834927434514, 85.00796617836136, 85.81502052580596, 87.35976815680006, 86.320668021712, 87.01593934427112, 86.99195811201656, 87.96267226682673, 87.98756947773936, 88.49384509725606, 89.62898127922011, 88.68058593927528, 87.16414751055675, 88.24270004047189, 88.24270004047189
95.42, 95.72742268757554, 92.75946977397788, 91.25850428932418, 86.89602150834192, 88.73030401124535, 87.00034250667821, 86.78413666155642, 88.53647163591147, 85.25911298499855, 85.67588852209451, 86.78598887765928, 87.11426437415085, 85.54975764451567, 86.10009338717394, 84.75618479052292, 85.88922846168357, 85.24393057316571, 86.28129460434984, 86.74147618391719, 85.71684674330886, 86.32372026681182, 85.70225957383273, 84.98406826740512, 85.31084579448628, 85.31084579448628
95.39, 95.8477880106612, 97.28371001410848, 97.89251970390495, 98.05500120744702, 99.29040572995439, 98.91497365730068, 95.27964872687409, 95.87216541562154, 96.0783933660174, 93.12059191751051, 94.60169127693544, 90.41574134616863, 90.99759625972962, 92.6096601990956, 92.74996351442441, 92.90588494297698, 90.7653331867437, 91.63311858013576, 91.61603849808397, 91.27900078313675, 90.68107318623215, 91.02688783496434, 90.4891733322555, 91.25775449095791, 91.25775449095791
96.42, 97.54655316206843, 97.64683903785033, 97.19259818135873, 97.25697378817104, 98.59121775201389, 91.11166235351472, 90.8068460897469, 91.05879075939944, 90.24236505089576, 85.67588852209451, 88.12848250447819, 89.13408378211214, 87.07126242473441, 86.52599014009732, 84.75618479052292, 85.88922846168357, 86.73229333682242, 87.57616533059668, 87.17135557309444, 85.70062730258806, 86.4726817407589, 86.29036451128707, 84.98406826740512, 86.95628807110126, 86.95628807110126
95.91, 95.53534010825184, 95.94656673499156, 94.87902780090936, 92.62868457450736, 92.0958388471065, 90.02141657922581, 85.4829156262004, 86.01331692689139, 85.25911298499855, 85.17974759858231, 87.03519972034418, 85.00796617836136, 85.81502052580596, 87.06423353722117, 87.72627715136638, 87.38278071002118, 89.34335683276679, 91.25469580239535, 89.9046113206657, 91.15675445997167, 91.59833543869317, 89.44398084073933, 90.92752560669302, 91.38215477707232, 91.38215477707232
96.49, 93.89826214225336, 92.49334781748753, 85.68112224577713, 86.84765232368434, 86.8647776545483, 85.41351800195513, 85.4829156262004, 87.28593907990614, 85.25911298499855, 85.58564102021904, 86.01098689439614, 85.00796617836136, 85.81502052580596, 87.43614976170568, 86.542667476023, 85.40354027187053, 85.22641012120921, 84.52382558249198, 85.8926009680988, 86.75011117688055, 88.24198792980641, 86.85202361441691, 87.14993243977932, 88.36342717070757, 88.36342717070757
96.32, 95.42518407627675, 97.93735772503219, 95.97516013346778, 94.24477776301994, 92.38358397942272, 89.98627262612243, 87.62276152630358, 87.74332527859026, 85.75968745788107, 85.29680538613168, 85.32227508261047, 85.92713952293522, 85.69889850451659, 85.47313162914536, 85.81733074600956, 85.91057945109438, 86.36172824466404, 84.52382558249198, 85.8926009680988, 86.82257585574452, 87.9490393594668, 85.82486939312408, 85.1056052167246, 85.95404776108218, 85.95404776108218
96.46, 96.95221711723148, 98.26856172658421, 98.78353099728038, 96.83003441165766, 93.3615577913397, 92.95489437938798, 93.90259990175923, 90.8443616456578, 90.517188688922, 86.66739898509702, 87.23593334406972, 86.84159755622395, 85.81502052580596, 84.31369739456835, 85.1395115947604, 85.88922846168357, 85.66084443279486, 84.52382558249198, 85.8926009680988, 87.52155451443701, 89.19421949240184, 88.98397054127057, 88.1479980256699, 84.18839048711607, 84.18839048711607
95.35, 94.86555246088999, 95.07926933421477, 92.37855162100513, 88.5853657700673, 90.37811549431765, 90.26434107771283, 85.61470471499403, 85.88781767163822, 85.25911298499855, 85.67588852209451, 87.95591118192748, 86.73465002339813, 85.83640314918793, 86.31773190480352, 86.41968191317292, 85.54149006092851, 87.26216056695989, 88.85856896249227, 87.66944295512552, 85.13648790721213, 87.02202304289311, 85.82486939312408, 84.98406826740512, 84.18839048711607, 84.18839048711607
96.64, 90.36612040852356, 89.21603126321764, 87.84471143400421, 87.48820633203474, 87.49931721823403, 85.76999951557858, 85.4829156262004, 84.10845337987462, 85.25911298499855, 85.67588852209451, 84.17834927434514, 85.00796617836136, 85.81502052580596, 88.20928688307376, 86.96422433755943, 87.71904467068353, 86.98426351584054, 88.64495928010643, 86.43769624022535, 84.73326827916155, 85.03389926281278, 85.83940705262532, 84.98406826740512, 86.23369770530206, 86.23369770530206
94.89, 95.20012080725115, 96.32157986283738, 96.42929801826963, 93.9875698074004, 92.51316507897893, 85.67595581486242, 85.66128165635114, 88.0201746882559, 89.42647546172728, 88.84287420741684, 88.69271939057118, 86.65168208742945, 86.68283008518611, 84.31369739456835, 84.75618479052292, 85.88922846168357, 84.50371598688248, 85.5835679096699, 86.21614940698433, 85.22949561461043, 86.71221864444465, 85.82486939312408, 84.98406826740512, 87.21193270241663, 87.21193270241663
95.52, 93.85071103100748, 90.96014483979367, 85.6612805298609, 85.21988298962323, 86.29465570332837, 85.60341752159636, 85.4829156262004, 85.86729584102028, 86.77305963898344, 85.57293352339414, 84.17834927434514, 85.00796617836136, 85.81502052580596, 85.2878464017157, 84.75618479052292, 85.13428625896907, 86.42417684584348, 84.52382558249198, 85.8926009680988, 85.28077114646439, 87.04092180241238, 85.82486939312408, 85.3063990919398, 86.05715918438433, 86.05715918438433
97.22, 98.78646384536455, 99.16192365460627, 99.81997240491665, 99.9785115177806, 98.65458244046906, 98.24627668788841, 98.68085121103712, 100.90947743759779, 100.67931991450969, 97.92045824727775, 98.40262352993452, 98.05643727630697, 96.59139348286661, 94.18963999429988, 95.075373947105, 93.60536547349635, 94.4784237882086, 96.09860197574955, 91.35940213681415, 92.52727502774235, 94.33232084688828, 94.74888712969837, 95.39680587123448, 95.16403341165346, 95.16403341165346
97.06, 97.45687040738841, 98.45099289583348, 96.31165274443006, 96.57016431631872, 97.08342953937655, 97.79309619219832, 98.06996341005062, 100.45144548366152, 100.84158040183067, 101.14080011864134, 102.5266609336738, 103.17451364066687, 101.77845061787058, 104.00257160937507, 103.09062786195717, 100.76786372606107, 101.29686953968745, 99.71554277951041, 98.4782912548581, 100.11960015663934, 100.96723839434142, 91.91023760647435, 91.24420730513192, 93.49152543498546, 93.49152543498546
95.81, 94.14046145445342, 90.1932678074845, 90.41846967927331, 90.91887220696019, 89.78994873497648, 86.3545843206202, 85.49631807676622, 84.10845337987462, 85.25911298499855, 85.67588852209451, 84.17834927434514, 85.00796617836136, 85.81502052580596, 84.31369739456835, 86.00261895664323, 85.88922846168357, 84.50371598688248, 84.52382558249198, 85.8926009680988, 87.11366399603568, 84.32939815556858, 85.82486939312408, 84.98406826740512, 86.55333668480736, 86.55333668480736
96.54, 95.39673833163367, 95.484869651203, 96.4251655159335, 93.31814967038595, 90.97020101112706, 89.47851150873598, 90.09205707659572, 91.60581403621218, 90.93959309960984, 87.30246714245996, 88.52187191022604, 85.00796617836136, 85.81502052580596, 86.49431633013619, 87.68287753327404, 88.3355349039505, 87.52664285594203, 87.23031769844046, 87.97139437826583, 85.88671399988608, 87.68700952655823, 85.50745418439156, 84.98406826740512, 84.18839048711607, 84.18839048711607
97.51, 97.87469306446268, 100.10478756249078, 99.809735697067, 100.44704072314758, 98.7552838594348, 96.45294228066399, 97.03001785347024, 98.12896210795859, 96.67261581263419, 95.46487015473092, 95.95011312444237, 96.51220304836991, 96.93781004485176, 98.86745712302665, 100.72427410773759, 94.99394119927001, 91.7180902110733, 89.8444992524618, 86.54227346915869, 84.73326827916155, 86.15449020696595, 85.82486939312408, 86.39441358488115, 88.86741405581868, 88.86741405581868
96.53, 91.6568368356088, 91.4997477394648, 89.3605588015988, 90.43724568030292, 91.76959771179257, 92.6808234420644, 93.25680285222421, 94.49984083369624, 93.96631376113285, 92.21530955741127, 93.19935149101192, 94.55304745416699, 89.64464292457836, 90.80736580117626, 90.56873318524173, 87.8072723579797, 84.50371598688248, 84.52382558249198, 85.8926009680988, 84.73326827916155, 85.04702186618573, 85.82486939312408, 87.12751003993587, 86.80355574905273, 86.80355574905273
96.11, 96.53716882456361, 98.26019583418514, 96.34734581572127, 96.30576507721007, 97.9717980875831, 95.73590410994278, 94.80419005415486, 96.12656220581943, 97.28067996089754, 96.57612985008866, 94.15830931180709, 93.96165863150634, 94.18677909896309, 93.30229100403795, 89.83500793681105, 90.28256855114871, 89.65837607173596, 90.22596548689502, 85.8926009680988, 87.17993598106096, 88.58953701026518, 88.40797419772957, 89.78990601809595, 88.1565663244663, 88.1565663244663
95.7, 94.59664212905261, 92.94969368752764, 93.81850521697415, 94.05613818762608, 96.54564692276843, 89.76618267968698, 90.85852067988016, 93.16212318822191, 93.12473254347331, 92.81071175935982, 94.14730365715681, 94.4680997557227, 94.34906665513708, 95.35314797337168, 94.37764670135876, 89.374601695555, 89.25269779906958, 89.0742384895663, 88.54670287195059, 88.67903830622548, 89.91549676610474, 88.09014336043317, 88.51645661031772, 88.99270539771663, 88.99270539771663
96.28, 97.67449304993815, 99.63422171132898, 99.3597831700019, 96.71951748512771, 98.23939040777472, 98.43653025805615, 94.17924237598567, 96.10828733714546, 93.27406335377233, 92.84132841681038, 88.41433100072389, 88.44602414245674, 87.57453008691259, 88.73187850824824, 89.66292976042558, 88.89153136495123, 89.01269577324366, 89.0706999113411, 87.9945061872378, 89.00544707361286, 88.73240349753489, 85.82486939312408, 84.98406826740512, 85.27152566135894, 85.27152566135894
96.52, 92.9005347438704, 92.25841857177467, 91.17665399993753, 90.39139228407431, 92.16524773706024, 92.66665962374262, 90.58094210048577, 92.33200162104295, 93.16468449073466, 90.58674416257017, 91.104015043594, 91.05123354330432, 91.52964394578449, 93.23332541861825, 94.55487767253268, 91.65032919286857, 90.74862989390087, 92.6326477478665, 86.85925780448312, 85.89387928405947, 87.88475555624845, 85.82486939312408, 86.80298415739593, 86.59177178259311, 86.59177178259311
96.59, 97.36957035934134, 98.99972844311935, 90.97714620969761, 88.62727155401338, 87.92178560392583, 88.85247702081494, 88.96202921392774, 90.32716247356736, 88.00204060925346, 87.12433325465514, 88.96949334804974, 89.52178048193954, 87.99646871431818, 84.31369739456835, 85.04127163173533, 85.88922846168357, 84.50371598688248, 86.40470770007751, 85.41461646985859, 85.28368618864634, 84.32939815556858, 85.82486939312408, 86.116647033939, 88.07372874626917, 88.07372874626917
96.88, 98.33455142478054, 96.01957100354574, 96.7823934513828, 97.32990800927338, 98.2584035752892, 95.89760013858337, 94.43786188401894, 94.52457184876477, 95.6979654331145, 94.87021421546139, 94.21322992100828, 95.41270924606987, 91.4664201774409, 93.48419580983234, 94.82443659455146, 94.1213852193726, 96.03255962482179, 92.50905635491169, 92.21020018074412, 91.22634674671878, 91.22235032885422, 90.71384201683098, 87.2229968670817, 86.13093898631662, 86.13093898631662
94.87, 91.87579971795371, 91.45839407687737, 89.8538248322, 87.71122435089761, 89.6665365363961, 88.98689154323914, 86.55933840924193, 85.89654396390905, 86.63966489888804, 87.39393223117146, 87.67466808289528, 86.52470146550219, 85.81502052580596, 87.64773448511596, 88.53594124013456, 87.85719676919445, 89.86501025241931, 88.15401745722647, 85.16562657187052, 84.73326827916155, 84.32939815556858, 85.82486939312408, 86.35145597856739, 85.99030519350552, 85.99030519350552
96.95, 92.41079068998133, 91.52718879564691, 85.68112224577713, 85.42308880110144, 85.39781516066331, 85.48961899980043, 86.18471145750456, 84.10845337987462, 85.25911298499855, 85.67588852209451, 84.17834927434514, 85.00796617836136, 85.81502052580596, 85.40518728829629, 86.9492610300721, 87.22851407482884, 89.03825598327595, 87.46317211967627, 85.84084247609974, 84.73326827916155, 85.78429280258794, 85.82486939312408, 86.44092320821207, 88.0598455849413, 88.0598455849413
95.13, 96.46622134087981, 94.95161400964193, 95.20468529100997, 93.6171842985058, 93.67880887257786, 90.52056321060863, 88.95004661469964, 87.34055002013623, 85.25911298499855, 86.2717750757811, 84.17834927434514, 85.00796617836136, 85.81502052580596, 87.74207080009626, 86.28079262100701, 85.88922846168357, 84.50371598688248, 85.64020626913137, 85.4807622936989, 86.07830378294965, 86.1786323218779, 86.52708472891261, 84.98406826740512, 84.18839048711607, 84.18839048711607
97.08, 98.65682271389021, 96.6763631064642, 96.72690566068712, 95.7905740765854, 95.10631368519603, 95.05092513056637, 93.27487594420363, 90.71577790279997, 91.05287625061027, 91.42186677186731, 92.29296592557402, 92.01615600216292, 91.62143109890981, 91.75643999378806, 93.79012013275579, 94.16608693753915, 92.62324088235053, 91.08939723254402, 91.90211832752395, 93.50240463678789, 91.22286343744268, 88.7716630548665, 87.14025722887929, 89.13507773346184, 89.13507773346184
95.33, 91.34100478247602, 86.31666567045433, 86.92017421534825, 85.25147394837903, 86.71240807817426, 85.48961899980043, 85.4829156262004, 86.07514101499314, 85.25911298499855, 85.67588852209451, 86.15653348651973, 85.00796617836136, 85.81502052580596, 85.35122679592853, 86.68781652347398, 85.12471429525355, 85.57625829183425, 86.6612081111061, 85.8926009680988, 87.05503681207414, 88.45903083694537, 86.98508811984352, 87.06823596640268, 88.83021484528737, 88.83021484528737
95.92, 96.46957578235218, 94.79723725915821, 93.39341959638828, 92.33513673380367, 93.46284229918948, 92.8438118791699, 92.24888197087145, 92.40732146651237, 92.26380550704025, 90.2136378969507, 88.83142192143426, 89.83998483671996, 90.20423178624084, 91.5928297967323, 90.85131291042316, 85.88922846168357, 87.16343502077478, 88.54718229885174, 87.9874884807078, 88.47567337978504, 89.00088723926098, 85.83477012264598, 84.98406826740512, 84.18839048711607, 84.18839048711607
95.39, 96.4408957630027, 97.53418016697948, 95.77590138261301, 96.86041365005542, 95.44784895068669, 92.8709153550005, 92.75398732657656, 92.82762676185759, 93.79763543834294, 89.18532669269648, 87.57901356949176, 85.00796617836136, 85.81502052580596, 85.6989338289009, 86.90822489628817, 85.80182512101908, 84.50371598688248, 86.29108904704786, 85.8926009680988, 85.76484143932882, 86.54620096165468, 86.73188439326856, 87.54969475693586, 89.7003915570685, 89.7003915570685
96.68, 95.328762713868, 94.0164949781093, 92.38826451946728, 92.41057591912659, 91.63107787892577, 89.89346023999693, 89.52030171836836, 90.22215422922378, 86.87692876084861, 85.26429511486225, 84.17834927434514, 85.00796617836136, 85.61033461313299, 84.31369739456835, 84.75618479052292, 85.88922846168357, 85.61661911347842, 84.52382558249198, 85.8926009680988, 84.73326827916155, 86.35798112519737, 86.43746527049586, 87.77908697726271, 89.33069949494154, 89.33069949494154
95.76, 91.10097761659671, 90.90449647284359, 85.68112224577713, 85.25147394837903, 84.10957757803895, 85.48961899980043, 85.27697036634605, 86.9326477142037, 85.1152772858738, 85.67588852209451, 85.75394145241435, 85.00796617836136, 85.81502052580596, 88.14781820273404, 88.86847512595696, 89.36129791374384, 86.43328517723221, 84.52382558249198, 85.8926009680988, 86.13608486413688, 85.94568321759463, 85.82486939312408, 84.98406826740512, 86.49533183592709, 86.49533183592709
95.81, 95.52725182874404, 96.25518726802147, 96.12169872842966, 93.28607274500689, 90.283917516052, 85.84500871068494, 85.4829156262004, 86.36770513411798, 87.08840768016535, 87.19052212431254, 85.66178821191829, 86.13007990584282, 85.81502052580596, 87.4246325514405, 88.25089894579378, 85.88922846168357, 84.50371598688248, 84.52382558249198, 85.8926009680988, 87.92191355053464, 88.1569083844787, 88.83920902397068, 84.98406826740512, 86.82862460558708, 86.82862460558708
96.12, 96.22061777431068, 98.18892959839873, 98.58692040494167, 96.19057538680262, 95.41587222531793, 96.18182409953033, 95.12396630694822, 93.66410063998852, 90.74415865920481, 90.71382483585398, 89.92211295153349, 88.65103332907714, 88.31189674174685, 84.31369739456835, 85.7837458549126, 85.88922846168357, 84.50371598688248, 84.52382558249198, 85.8926009680988, 84.73326827916155, 84.32939815556858, 85.82486939312408, 85.3999622534964, 85.51463716753437, 85.51463716753437
96.55, 95.00425400870226, 97.12718717203171, 95.81957139243065, 96.1381404648392, 97.44147430982672, 96.59612507509411, 97.18546462916765, 93.61792173165391, 93.87090620597995, 94.21481377231605, 95.68611778459709, 97.25798660548664, 93.3234636211769, 91.26184524963217, 91.90393059421314, 92.02558551147175, 93.45497311625518, 93.1798298598372, 89.54016871630026, 88.38964609211216, 84.32939815556858, 85.82486939312408, 86.71906571196944, 86.28378455437324, 86.28378455437324
95.71, 96.5654629368469, 98.46527711135793, 99.00347662159447, 100.15157023656535, 101.53336722416545, 101.02054748315695, 99.42798340537195, 99.19423324470232, 98.61077831391464, 95.04262471967255, 97.40149276914305, 98.48998160315531, 99.05093425930765, 99.7552880555199, 100.35333485051466, 100.87282237182647, 95.5049608245346, 94.15075940674497, 92.20645973263917, 91.78678222755111, 91.22119234513731, 86.13545129876778, 87.27477636821519, 89.69310845680602, 89.69310845680602
95.92, 94.20354278551642, 91.95770711597278, 92.07129216006359, 90.70769189574857, 92.05845807341353, 90.19961805771702, 86.78033507958712, 88.78724190332561, 87.78852090409308, 86.0393246755063, 88.28164662051287, 88.6666410870976, 87.44457012204292, 88.87896626367854, 85.4416022080716, 85.88922846168357, 86.9545370584775, 86.50742923606107, 86.52683003741684, 85.42553903943018, 86.15254103594101, 86.09311346255912, 86.32620629292562, 86.19894675475821, 86.19894675475821
95.63, 96.03823702706374, 97.50372199771074, 97.66835719318159, 96.23942788991975, 91.99631340552357, 89.66505963224367, 85.4829156262004, 86.44388722974887, 85.90135014929997, 85.67588852209451, 84.17834927434514, 85.00796617836136, 85.81502052580596, 84.31369739456835, 84.75618479052292, 85.88922846168357, 86.29144871542893, 87.0510272144389, 85.8926009680988, 86.74421130203616, 84.32939815556858, 85.82486939312408, 85.69758424844501, 87.7344987125031, 87.7344987125031
95.75, 95.08584963758581, 97.11565759260537, 96.65038014406862, 97.89872974607495, 98.32538114502198, 98.43511991544949, 97.57545562502474, 95.97734472059018, 92.64282461749282, 93.26002648471842, 95.65422970521665, 91.77083367901236, 86.85525860375884, 87.45022176363683, 86.5172744827556, 85.91297128786326, 85.2941424061941, 86.82134875924751, 85.8926009680988, 86.35242243770007, 88.29842801622381, 85.82486939312408, 84.98406826740512, 86.56246373361013, 86.56246373361013
96.13, 96.21771693899862, 97.6102063702366, 95.61719711654153, 96.36156617185267, 95.62966281866227, 89.30938423525058, 89.86162305861298, 90.91956125338407, 91.87546669131395, 90.47350723020912, 91.63842503006666, 91.65871580196362, 92.11126678534744, 92.86332697558319, 93.78833836656321, 90.7839338601922, 91.77190597167066, 92.98990219239653, 91.75007338756318, 92.6311376197311, 90.91680275972726, 91.12167047950044, 85.8955853261559, 84.18839048711607, 84.18839048711607
96.41, 93.51841834316636, 94.82261870678774, 90.21288181685324, 89.86078466811388, 87.41703154674477, 87.18912192336963, 86.25995940391982, 84.10845337987462, 85.25911298499855, 85.67588852209451, 87.38262978480377, 88.8786278011355, 88.82773624014519, 89.56178219863867, 87.63921149680938, 86.26577306662554, 88.33046557169003, 88.37776213096296, 88.6011071239447, 90.02600083897491, 91.24590124169886, 91.17434176125262, 92.49990452633786, 92.61526902690998, 92.61526902690998
96.08, 94.96454271173793, 94.70525156892802, 91.2506212975489, 86.85550805206155, 89.13911092765915, 87.2893351208386, 87.78565245984643, 89.13730645641334, 88.98561874080153, 85.67588852209451, 86.16645655951919, 87.41513573865203, 86.4650155807661, 88.40751958305866, 87.5871858235198, 85.88922846168357, 86.78043190841285, 85.90491203740697, 85.8926009680988, 84.73326827916155, 86.32708930718623, 85.44745959070069, 85.6549579209853, 84.18839048711607, 84.18839048711607
96.72, 98.27766375514571, 100.01114318818934, 98.5225922419372, 96.04762140451136, 97.61214986972284, 97.80982286225158, 98.32352352973973, 98.17058899955114, 96.48896086202097, 96.97721751805345, 94.35149653929383, 95.23693196301232, 88.42246555930558, 88.2624031116091, 87.11831914580247, 87.05294672181816, 86.82174369782946, 85.55483255373284, 85.8926009680988, 84.73326827916155, 85.28738911962147, 85.17080592458593, 84.98406826740512, 86.39260997714268, 86.39260997714268
96.11, 96.98135098916335, 93.06939357714556, 93.78299022053346, 92.19229357993925, 93.5363354703212, 92.47418695825127, 92.14020476594725, 91.6333680309925, 91.68891861433903, 90.55285641626865, 90.17460091461808, 89.49081573500459, 89.72582342853954, 90.3518190818826, 90.8715320785797, 89.84083305473793, 84.50371598688248, 85.02860573383134, 85.8926009680988, 87.00766056395821, 87.0361461806081, 85.82486939312408, 85.55697718022695, 85.93021769011467, 85.93021769011467
96.33, 96.83191962023972, 97.71754529824597, 91.49202358388044, 91.29140492103447, 92.30813130782664, 87.21031677370075, 87.73666560259504, 89.89544371977314, 90.21272142040864, 88.36332146294515, 90.06133848951593, 90.46819725199829, 89.66642058558169, 88.62434158578476, 85.94772233798795, 85.82558037985704, 86.78857996791056, 86.6332521156757, 85.98172530896855, 87.25702500726409, 84.32939815556858, 85.82486939312408, 85.07200951205526, 84.18839048711607, 84.18839048711607
95.76, 90.19355931284552, 91.23006767755636, 88.06404657799473, 85.25147394837903, 86.78175867639492, 87.55849126656722, 86.58387213964443, 88.03502413774503, 87.1675461635416, 88.0979004531491, 88.59389792389614, 87.31546840858341, 87.79322967495217, 89.75960601280379, 88.15115503278855, 86.98118152420133, 86.39669175239646, 85.51985337634017, 85.28764223855369, 85.47581655398297, 84.32939815556858, 85.82486939312408, 86.94221406498968, 86.17170947538378, 86.17170947538378
97.13, 97.15980669133839, 92.44908281032333, 91.88431547882455, 91.33144201654505, 91.00215523532759, 90.64878277974049, 87.77469445840997, 89.12999034591066, 88.54779371825138, 89.45033193614971, 90.93509345321588, 90.80440359363165, 90.74349403335137, 88.90025711533802, 88.0885960884827, 87.34565784313166, 89.01114020781378, 89.46285071187441, 89.27982451405173, 88.3201055562341, 89.27647489402659, 89.57896853099346, 90.5817946671304, 91.03453895489996, 91.03453895489996
96.81, 95.3483025665567, 96.59408133536617, 95.11375566256687, 94.27784509027894, 95.8215143192233, 92.27735085096707, 91.76769685015448, 90.7389497822086, 90.9608105566251, 88.9558489839232, 85.02145092948669, 85.00796617836136, 85.2468453501119, 84.31369739456835, 85.56396414313181, 85.88922846168357, 85.03276462586021, 85.2391043344573, 85.8926009680988, 86.4267712280359, 84.32939815556858, 85.82486939312408, 86.16505421960406, 84.18839048711607, 84.18839048711607
95.7, 89.81779057771853, 90.17395495097401, 89.02459710987802, 90.20427704021395, 92.36936175556461, 90.16254017849636, 88.47991306881194, 90.60976608161049, 86.69149131964993, 85.63928298542875, 87.05585496566417, 87.71328197176757, 86.2789694086204, 87.25507856213042, 86.34538477604943, 85.88922846168357, 86.31702479236323, 87.13098273355733, 85.89859249971411, 87.08426722487376, 88.19657840647496, 88.61909760166665, 87.81259708182068, 89.88267890921246, 89.88267890921246
95.94, 97.18486860381414, 99.16109466012217, 99.23826388419769, 98.94959398124273, 97.08687119541088, 97.59793539737092, 98.38841926911563, 90.34690084877212, 90.96346209582389, 90.69739283129122, 90.4447632233754, 86.64315307832601, 86.85845790348955, 86.4851025464938, 86.85933369349584, 85.37278702841246, 84.50371598688248, 85.42978603499367, 85.8926009680988, 87.62070807279932, 86.27781698300787, 85.82486939312408, 85.82449933448665, 85.90638509067513, 85.90638509067513
95.82, 96.79354346700086, 94.46541719997109, 92.19372647116795, 89.55874161312299, 86.03512019301279, 85.78757901089246, 85.4829156262004, 84.10845337987462, 85.25911298499855, 85.67588852209451, 84.17834927434514, 85.00796617836136, 85.81502052580596, 87.55475421556744, 88.60486037457538, 88.25923496945708, 90.13162263340783, 90.78155613794438, 87.92955000835182, 86.57127386844827, 85.58882229046495, 85.85951306915265, 86.2932111591247, 88.12750479549037, 88.12750479549037
96.41, 96.24759604455095, 96.93282401473984, 93.44710502642647, 94.65252438750225, 92.98530397196019, 92.72040483272275, 93.1620321912169, 95.69057584096399, 95.78475419287798, 96.22199606425094, 94.85741191456094, 94.47661852062147, 93.829042588714, 94.72857525472452, 96.01389631081254, 91.24199661777455, 90.53113661501398, 89.90101693648738, 87.98453591427716, 89.08535978791157, 89.38470880481589, 85.82486939312408, 85.85932937937626, 84.18839048711607, 84.18839048711607
96.97, 98.15394431684801, 96.55599687334072, 95.84213775555824, 95.51359079067652, 97.57175709705082, 96.50709873080322, 93.76538114494235, 91.87676003539306, 92.71542463360646, 90.15798442257234, 91.49019713095817, 90.76365762782936, 89.34460260183077, 90.98174552082753, 91.20062756366082, 90.0185555802037, 91.23885804621104, 87.05678844660338, 86.23104544944334, 86.29619506278176, 86.74321910597239, 86.4142496540667, 86.31934646038862, 85.23434143496176, 85.23434143496176
95.76, 94.6949397289351, 94.14327973326395, 93.07480286759, 92.56926746391748, 95.15334615468768, 95.00507714708951, 94.32498493699974, 95.33814941947335, 95.01421564040466, 95.53925089744583, 92.09164597688213, 92.88568100986805, 86.49623763609219, 87.97320628328751, 87.90570819683347, 88.52383508985335, 88.0956007488872, 84.52382558249198, 85.8926009680988, 86.8698196633684, 85.31967862888196, 85.82486939312408, 86.184128133371, 88.50986133198086, 88.50986133198086
96.27, 95.12953769249826, 95.6249799552629, 94.97895188465411, 91.55491829719624, 91.38996889210006, 90.4456850473927, 91.11017207803347, 92.19082372133379, 92.43314646147016, 91.04814985692288, 91.25491582627137, 91.51880086693112, 90.75077723936914, 92.22984235968508, 93.44976615457364, 92.75137065425449, 93.11919759355563, 94.46565586037389, 94.79518036314875, 93.24163255863425, 86.35770525386319, 86.64039521363063, 87.24126070116382, 84.18839048711607, 84.18839048711607
97.35, 92.67345775391422, 93.61775535563321, 93.65166029979906, 94.9629262867745, 97.38882940119719, 95.42083943603302, 96.63065915889587, 98.71004266430882, 100.09947838443846, 100.38185188974849, 102.29869518085158, 99.83886084957709, 98.90486925208776, 98.62926308443994, 97.54716864153418, 95.82263641833077, 96.8357940785473, 97.75777174277768, 97.0970744722056, 97.27405560143193, 99.05913846937153, 95.62114284435509, 95.11242828921458, 96.09327417882086, 96.09327417882086
95.64, 94.18221366715431, 94.14361941850132, 93.83469236141006, 94.27334799333204, 95.70681991250021, 96.3139178655141, 95.8109844395243, 96.37899561967382, 95.93478991531481, 91.99760423023689, 93.2327979832352, 93.89637509089957, 93.8378229921239, 94.39919842548775, 95.49154137120674, 93.36331825883062, 91.21385198664028, 91.12090856898668, 88.11281542997958, 89.15330918836244, 89.66556423075691, 88.70901083062404, 90.26083708618883, 91.05124052811523, 91.05124052811523
97.03, 95.79669273462063, 96.96603766744086, 92.85216369214717, 92.83206697123389, 88.44567218299079, 88.58425086713082, 86.70976914493663, 86.72203618678257, 87.15268560942279, 85.67588852209451, 87.96207174684446, 85.00796617836136, 85.81502052580596, 87.9567610775428, 87.99691509698621, 87.91254193863608, 84.50371598688248, 85.48484424326503, 85.8926009680988, 85.03322314486257, 86.63524742573821, 86.29952219501656, 84.98406826740512, 86.5968834657013, 86.5968834657013
95.83, 96.98928663567838, 96.70431527964716, 96.21831208397361, 96.4436163346652, 98.13741565466172, 96.3666888066033, 93.95646875069941, 89.82383430633853, 86.76341613924043, 87.79525679724536, 89.65777161043843, 87.99349776101683, 88.9466453521572, 90.71502179596976, 88.57978807961818, 87.47303987813193, 88.53423108572468, 89.23413745252418, 88.28634137542306, 85.54976469747884, 85.99321916664411, 85.18123359592146, 84.98406826740512, 85.86236048479003, 85.86236048479003
95.84, 92.64412791354582, 94.66632725047859, 94.45230082107258, 95.26019518847511, 97.00858977734431, 97.45055916199837, 98.11848180958151, 100.3839350836349, 100.13132920582687, 100.00018488700573, 100.0977020513324, 100.39584771024515, 100.71412338934252, 101.52126059706005, 98.95371541642344, 95.6587833319928, 97.03546437057551, 92.88933288413529, 91.76985583085643, 92.1612520849432, 91.93973595760838, 92.53613389174784, 93.31800933539894, 95.62410756001587, 95.62410756001587
94.7, 94.70166232838233, 91.43925398413269, 91.75391738719642, 90.52950850861276, 90.60271134261183, 90.53279941965394, 89.3993515515947, 88.06190907010489, 87.90799459025523, 86.65761029386803, 84.17834927434514, 85.00796617836136, 85.81502052580596, 87.7982958252347, 89.32058595950377, 85.88922846168357, 87.95181249521444, 84.52382558249198, 85.8926009680988, 85.87044488706246, 85.97419233102572, 85.9569165099598, 84.98406826740512, 84.18839048711607, 84.18839048711607
96.17, 96.24213073896094, 97.37597378029248, 96.17625360809659, 97.23892892047783, 96.81410563387445, 95.54341951978734, 96.52071003810755, 96.74035134247441, 97.88110005052522, 94.47669380817541, 96.08853214919618, 95.02899871428646, 93.99120011968772, 93.3250325373938, 93.16206138189209, 92.67390436230083, 85.71297916728513, 87.92600940824646, 85.89299289206015, 84.73326827916155, 86.02022493041424, 85.82486939312408, 86.80927536618186, 88.52052016899952, 88.52052016899952
96.58, 95.68088683572752, 96.37602979854503, 93.22550224065428, 93.76445916714714, 94.08806678393113, 94.60713893256082, 93.5638275117075, 93.08441197497864, 93.79439337604956, 93.08303574644985, 95.57243920457827, 96.23629373493704, 91.4337415119796, 92.51031946478733, 90.95209277687141, 88.00523938172873, 85.16433433269506, 86.24867681939925, 85.8926009680988, 86.50786387381117, 84.32939815556858, 85.82486939312408, 85.18152295932826, 86.01295454548853, 86.01295454548853
96.49, 96.1017934114862, 97.60310128661374, 96.00004398536171, 94.25225394858384, 95.79596982731579, 95.27478056679695, 90.45409688098209, 92.33847810241377, 88.13044427991578, 85.44118033087679, 86.56724084906723, 86.94146232127288, 85.81502052580596, 85.75151578085293, 84.75618479052292, 85.88922846168357, 84.50371598688248, 84.52382558249198, 85.8926009680988, 85.07346510674586, 86.46356499214876, 86.83765705241883, 84.98406826740512, 87.42214569129882, 87.42214569129882
95.69, 93.82827262523504, 95.63705528709448, 92.34198240096391, 92.49736597046301, 93.23872672011196, 93.46476702731975, 92.38498930504292, 93.57405458521485, 91.8875719686018, 86.71367643880998, 87.77408647175584, 87.14634144530116, 85.36755627367229, 84.31369739456835, 84.75618479052292, 85.88922846168357, 84.50371598688248, 86.3714798850007, 85.8616851894468, 86.69801841741909, 85.67563964170759, 85.82486939312408, 84.98406826740512, 86.47277657887136, 86.47277657887136
95.64, 93.94327094903424, 94.96294930605573, 95.63462813007582, 93.56567179152138, 94.6671021397114, 94.86288481002931, 90.62791625362767, 85.75025368137858, 85.84278591747598, 85.86361842370921, 87.44139178990206, 88.10621521408997, 88.5952044333338, 84.31369739456835, 84.75618479052292, 85.88922846168357, 84.50371598688248, 86.28605797633382, 85.99361888943811, 84.73326827916155, 86.84587902207984, 85.10221796504514, 85.73887254651841, 85.54540188623578, 85.54540188623578
96.06, 97.52258039906205, 94.45157809200079, 90.72962272502424, 90.92627822039181, 89.96761651538658, 89.86616736868692, 90.31459430575453, 90.10542446764796, 90.48419834764024, 88.20683238188236, 84.17834927434514, 85.00796617836136, 85.87228338318049, 87.70221923395486, 87.92055685700434, 86.1522176091428, 87.503582257, 85.7052755196018, 85.8926009680988, 85.58464067134499, 86.2947776877725, 85.82486939312408, 85.81657313039439, 87.87219383377249, 87.87219383377249
97.22, 96.42700561927705, 98.71770345878957, 94.43805722883735, 93.87805628185237, 90.57050395835051, 85.66494571167684, 85.4829156262004, 85.18719984823507, 85.7600166535801, 85.67588852209451, 87.93529191830274, 89.40892730439708, 85.3119941212567, 84.31369739456835, 84.75618479052292, 85.88922846168357, 84.50371598688248, 84.52382558249198, 85.8926009680988, 84.73326827916155, 86.13454895575238, 85.82486939312408, 84.98406826740512, 86.7461783169268, 86.7461783169268
95.74, 96.59451306677362, 92.56194799684916, 87.6197376854151, 88.67994326887782, 89.14221773123356, 88.64094648606707, 88.44167176796422, 88.40379849214365, 89.0261464687842, 88.14676720068057, 87.72603272550178, 88.21182429391474, 88.8214421779106, 86.95487739215841, 87.98486430547037, 85.88922846168357, 86.87681044516421, 85.27546611368543, 85.8926009680988, 86.58998475717355, 85.33197916573043, 85.78547892382126, 87.3173875420346, 87.56031798268538, 87.56031798268538
97.12, 98.15754068262103, 99.90518054072048, 95.90166393953807, 96.58943449593956, 97.16349717379123, 96.14943010502124, 95.82928134990101, 97.71546732207833, 97.63704811507667, 96.69691214098766, 95.04299789473225, 94.75893541121286, 93.09194939404732, 94.56640988102095, 95.53747701146672, 92.00062747306673, 93.06510910359667, 92.2064841971161, 91.99433117503001, 91.29549932461595, 88.49184927129025, 87.86143270586632, 88.9135025887822, 88.24537423268632, 88.24537423268632
96.78, 92.37699394880798, 93.49920650651795, 92.26680107963587, 92.86381056386459, 94.13605287453554, 93.70112409232689, 91.27721788817695, 92.62699101497033, 91.7051009632926, 88.76309600266113, 90.51593079766977, 89.27459383130964, 85.63968548303023, 87.03346937049248, 86.41918020791768, 85.97822937547444, 85.65530451357787, 85.62129410575253, 86.00752397979392, 87.51014082354156, 89.73951590550715, 88.40878777149634, 89.63111097366334, 91.80601797609278, 91.80601797609278
95.88, 92.9422977536055, 93.66237734518269, 91.10090690161265, 91.50789137310083, 93.94141283108405, 92.06022136412528, 87.56023500724851, 88.91265045408825, 88.46038610362768, 87.94834327306542, 90.13584619250592, 90.02796602388624, 85.81502052580596, 87.07022444398145, 88.0891537288386, 88.14425825970572, 89.38096684666006, 89.83218221599485, 90.35728067683073, 87.60350254648196, 86.71996675614925, 85.82486939312408, 84.98406826740512, 84.18839048711607, 84.18839048711607
95.5, 96.9927473573719, 95.76496107765652, 94.68625607345822, 95.72026672416219, 96.77319571544724, 93.94333639582317, 94.02513719590941, 93.2674785073672, 93.53798013500872, 93.23978090650446, 94.116625820252, 91.42475925456881, 87.5619672616717, 86.15628726862104, 84.75618479052292, 85.88922846168357, 87.45891363719078, 84.52382558249198, 85.8926009680988, 85.84362886029679, 84.32939815556858, 85.10147269148942, 86.21737990428815, 85.12519142619863, 85.12519142619863
96.27, 91.42370632211501, 92.71472082597123, 87.0556628757365, 85.25147394837903, 86.4477656277563, 87.47999618757981, 85.4829156262004, 87.68844052816672, 88.49881774215372, 87.62874910000262, 87.11254587643393, 87.82611640125927, 85.89949102669313, 85.08320261261551, 84.75618479052292, 85.88922846168357, 86.40959490927845, 84.52382558249198, 85.8926009680988, 85.2702680888624, 86.65852713614267, 86.54465666377533, 85.46458301286212, 84.18839048711607, 84.18839048711607
96.16, 96.33281948458331, 96.49248667688506, 94.16176564346205, 90.83439645390112, 92.21318467220752, 92.70691763417467, 92.73201959063536, 94.33112194512891, 94.31461990956, 91.91380720726174, 92.8519036999538, 85.00796617836136, 85.81502052580596, 84.31369739456835, 84.75618479052292, 85.3979896608408, 84.50371598688248, 84.52382558249198, 85.8926009680988, 85.73348191087918, 84.32939815556858, 85.82486939312408, 85.8605411425134, 87.7810990446826, 87.7810990446826
96.26, 95.92120409903858, 98.22403327417946, 96.52613564255033, 96.7925388545593, 95.86095485251306, 95.32645073267625, 90.52906304295395, 92.56923397176519, 92.54743309678149, 93.23016995497242, 94.46897556011459, 91.5330651819956, 91.92092150461924, 92.04324361264554, 93.52508879666993, 90.01295136215175, 90.49810116960056, 90.8992945266487, 86.1017665904915, 86.05103223206243, 86.75278661967943, 85.82486939312408, 86.02901865550618, 86.82325639099729, 86.82325639099729
97.58, 97.02739107434984, 97.47162096591151, 98.0770039033531, 97.96242971546305, 99.20552360468422, 98.76400407821804, 98.76217084966277, 99.85417419787639, 94.47157722954276, 93.26582612073642, 94.16095046541282, 93.79380205498427, 93.44783152313119, 92.08169437896028, 87.10043150367268, 85.88922846168357, 84.50371598688248, 85.19616596253357, 85.8926009680988, 87.18719789601339, 88.78015077819317, 86.3753637581234, 85.99971076716038, 84.18839048711607, 84.18839048711607
95.66, 95.71910153091854, 91.01837313857949, 89.82850819169334, 88.5416186968535, 90.73636279647484, 87.71112284015125, 85.9296290765665, 86.80918948515017, 86.41789339948377, 86.2221878523737, 86.45077290137918, 88.04506542598871, 88.27372063414457, 89.63709565949239, 89.24369889996615, 87.31253367061358, 89.0587745148229, 90.61527392684297, 86.74429565799205, 86.0670942329824, 84.32939815556858, 85.82486939312408, 86.92405175949298, 87.75901493258091, 87.75901493258091
97.01, 96.21430184855711, 95.30655802142104, 93.45340074027649, 94.30009058373709, 91.53900098050197, 90.45913456067052, 89.00817848457363, 87.27678192046105, 85.25911298499855, 85.67588852209451, 87.63544831884805, 86.97084201229042, 85.97905922217517, 86.35743322195471, 86.40389632772518, 85.88922846168357, 87.75627716787825, 85.46457840808938, 85.8926009680988, 86.62413294960625, 84.32939815556858, 85.82486939312408, 85.62928322974712, 86.97557106326202, 86.97557106326202
96.57, 91.16789304524558, 92.92946930497884, 90.30953471118596, 87.72478010402347, 88.73317457440895, 86.93146477935225, 85.4829156262004, 87.71343497168361, 85.25911298499855, 85.67588852209451, 84.17834927434514, 85.0661738465028, 85.81502052580596, 86.70731068825455, 86.79375106159374, 85.88922846168357, 86.5871848959794, 88.59253797539344, 88.63434797062627, 89.3529785899852, 84.32939815556858, 85.82486939312408, 84.98406826740512, 84.18839048711607, 84.18839048711607
96.32, 92.9917877315672, 93.21786390246044, 90.07349032629298, 87.04663570156957, 88.53936484524031, 89.08335297094766, 87.3506895594285, 85.3693684001548, 86.29548790070254, 86.08437161736228, 84.17834927434514, 85.00796617836136, 85.81502052580596, 84.31369739456835, 84.75618479052292, 85.88922846168357, 84.50371598688248, 84.52382558249198, 85.8926009680988, 84.73326827916155, 85.71489286733457, 85.84338871501689, 84.98406826740512, 84.18839048711607, 84.18839048711607
96.7, 95.77897487502366, 97.2865528357754, 96.11172057984753, 93.30399934751973, 94.69106383377583, 95.80712430119856, 96.56165249414195, 97.02698941342751, 97.26064875256961, 91.15960825022337, 91.81883844331408, 93.37568590386815, 90.75594216383163, 87.00132405497918, 85.91685465781913, 85.70205172282344, 87.08490899283949, 88.16903908670896, 85.8926009680988, 85.24822159915969, 84.32939815556858, 85.82486939312408, 86.77436550849919, 87.88138399565796, 87.88138399565796
95.13, 88.76222292719278, 89.98007277203706, 89.4264672686525, 90.10834813685196, 91.677046875673, 90.18075796220634, 88.21862521249308, 89.88646205810794, 89.7112242618117, 89.32016069305496, 91.17450429213308, 88.95284580645752, 85.80180765738527, 85.56266841933838, 86.37805407636021, 86.43336793614326, 85.25010089302843, 84.52382558249198, 85.8926009680988, 87.49700361402637, 88.80901062327088, 89.13189086274218, 87.44237564546769, 84.18839048711607, 84.18839048711607
95.21, 92.21455634465585, 93.53087567798829, 94.52818812365044, 94.61687981741325, 96.11900776440216, 93.49082072869199, 94.62638744337288, 93.2777525402898, 92.31055447283148, 88.88194227019655, 89.71078546709296, 89.44392617632208, 86.9690210367862, 88.45031701748236, 88.78382374789206, 85.9691315917112, 84.50371598688248, 84.52382558249198, 85.8926009680988, 87.74068819069602, 86.28055156441543, 85.82486939312408, 84.98406826740512, 85.57124010103347, 85.57124010103347
96.26, 95.74344232554826, 93.38900625472542, 93.17866128461847, 93.77908811536285, 95.52498227006177, 93.00454435073955, 89.01840990389991, 90.07475538794385, 88.87174287904234, 88.84931683982718, 91.24719055011536, 91.52094212917717, 87.12019599088475, 87.00807374729072, 87.47559208554611, 85.33640156445692, 84.50371598688248, 85.20400645710636, 85.8926009680988, 86.58443968065684, 86.29495919830299, 85.4932346819164, 84.98406826740512, 86.20914289289453, 86.20914289289453
95.86, 93.95855176959412, 94.247025787751, 93.36684720412858, 88.93608830398048, 86.77340414552611, 86.991229132153, 85.98293878242617, 88.44651161284754, 85.67604214043584, 85.67588852209451, 85.82122399598806, 85.05364295318977, 85.81502052580596, 87.75114205570405, 86.74275446324837, 85.2024591241762, 84.50371598688248, 84.52382558249198, 85.8926009680988, 84.73326827916155, 86.89973459050398, 85.80359697686305, 85.04633965826045, 86.11306599427377, 86.11306599427377
94.85, 91.42656820111029, 91.32047294054635, 90.00040561430771, 90.3574198917623, 90.5326044806757, 89.07429537355458, 86.24538063659678, 87.5945854315615, 85.18277875278535, 85.67588852209451, 85.20837796782003, 86.21213546370001, 85.83604579266988, 87.06624884231834, 89.02294710580438, 88.14036767809758, 89.76788049231135, 91.11663799648562, 90.00526715203041, 86.50398271324944, 86.63603323219841, 85.82486939312408, 85.97957679700755, 87.51212041980384, 87.51212041980384
96.85, 95.28943982884478, 96.66837592645521, 96.04501823187701, 97.18537193396597, 99.03187205665176, 98.87720361705207, 92.98304347959564, 92.32323648645568, 92.14390869306851, 90.92961364305924, 92.53824272514905, 92.59321863534161, 89.23289605921494, 90.10496029445916, 87.64736213408452, 87.00813261899717, 87.1192632742227, 86.35262287822593, 85.8926009680988, 85.04677955481795, 84.32939815556858, 85.82486939312408, 85.38022029872506, 87.28628737419018, 87.28628737419018
95.76, 95.88016319444671, 93.28609218310373, 89.45949404235218, 87.19569310155228, 87.19783826863703, 87.90513873322104, 87.41153707200057, 86.40402298611818, 85.25911298499855, 85.96611434142694, 86.51955050211788, 87.77028078467957, 85.81502052580596, 88.1756986925998, 84.75618479052292, 85.88922846168357, 85.23418437348374, 85.01522094197455, 85.8926009680988, 87.24459944315436, 84.32939815556858, 85.82486939312408, 84.98406826740512, 87.40516485508977, 87.40516485508977
95.87, 95.35964506629135, 96.63456389061075, 97.24207389444813, 97.38099367542613, 94.43218918560025, 95.621491813954, 96.4164192958723, 98.83510163361427, 99.63059052992207, 98.57550640443228, 98.67215795562228, 99.23352007886612, 99.42918919703907, 98.78004770262253, 99.6979247855304, 95.27882916059488, 93.81507798737847, 95.59622573770204, 95.20085510691419, 96.28206015597524, 97.45838647395303, 97.18929619900483, 96.87502971882166, 93.76924005243896, 93.76924005243896
97.05, 98.42716742227087, 99.61162035405167, 100.71277028984014, 93.91905497814413, 91.19111101204346, 91.58383679522152, 87.13078919674244, 89.02095389269056, 89.39470824286369, 88.14755293410973, 88.57196642455047, 87.62194147898754, 85.2124993500906, 87.44679067536795, 89.07505088372322, 87.97395040828948, 89.23722133638678, 85.95820469093475, 85.92513410768859, 86.44236159184067, 84.32939815556858, 85.82486939312408, 84.98406826740512, 84.18839048711607, 84.18839048711607
96.82, 98.0485920413887, 100.1959187633748, 99.7383846733387, 100.51908831988872, 98.13721959232679, 95.92976679627402, 96.3528735335128, 97.27411681313782, 98.10386972170896, 96.54124116620675, 97.29571644537003, 95.3963773750599, 95.01940037641734, 94.06308543381058, 93.31031190824086, 93.2232694996004, 92.28612098965166, 93.77631196818436, 89.91249981627692, 86.9475231853125, 88.84720162531828, 85.58223849462287, 85.2492049571844, 84.18839048711607, 84.18839048711607
94.92, 94.77634743190679, 93.91479093358969, 91.30217967456963, 90.34104987058834, 87.50050193019413, 88.43744203752345, 88.85517670524199, 90.05236697292561, 89.72740404768234, 88.40880303427568, 87.07857236384505, 86.70676772499907, 85.11386344215009, 85.09968418693686, 84.75618479052292, 85.88922846168357, 87.29645505318764, 87.26614689634975, 85.35180292769837, 86.49513960595965, 85.23171186289477, 85.52519990855454, 84.98406826740512, 86.79280754299987, 86.79280754299987
96.14, 96.64406141744259, 94.96139194218368, 93.69635048117824, 93.24707111761029, 89.70106199811705, 89.22286984753585, 85.71167872963127, 85.62657455149971, 86.43218846259248, 86.53224757065017, 84.17834927434514, 85.00796617836136, 85.81502052580596, 85.34310890626644, 84.75618479052292, 85.88922846168357, 85.59801831866487, 84.52382558249198, 85.8926009680988, 86.08616687427673, 87.9699246351456, 85.82486939312408, 85.53946161832063, 85.86299497654316, 85.86299497654316
96.25, 95.08835647907074, 93.07030607759062, 92.17694014048051, 92.05788075832933, 89.21270860233616, 89.78925159146, 90.28343337933968, 91.90239364163745, 91.85364273660619, 92.48564758970514, 93.17303828370804, 93.00607237807831, 91.34384569304697, 84.31369739456835, 84.75618479052292, 85.88922846168357, 84.50371598688248, 86.75782757936393, 85.8926009680988, 86.17516970220655, 87.67230748157404, 86.28867140940098, 84.98406826740512, 84.18839048711607, 84.18839048711607
97.43, 96.2975665212446, 97.92797780577635, 98.01605732923232, 97.66402112877006, 96.98762245360462, 96.7780751927806, 97.42911136121006, 98.19502118921078, 96.76577475859655, 96.54807936331453, 98.12023583079159, 97.06544036899888, 96.74010035561986, 98.63395741277172, 97.48686464546607, 89.44482077004987, 88.96769293063616, 87.02115241833063, 86.26935895467496, 84.73326827916155, 84.32939815556858, 85.82486939312408, 84.98406826740512, 86.97284208532638, 86.97284208532638
95.41, 89.25660106196872, 89.89679768588991, 88.43989692527047, 87.74018369998488, 89.59545923206377, 85.77551466132954, 86.02794281653115, 86.05903724564816, 86.4705289408699, 85.94378434300411, 84.17834927434514, 85.00796617836136, 85.81502052580596, 87.49471181988696, 87.50326438451934, 87.93831760384148, 85.67750039748952, 85.65594507281983, 85.8926009680988, 84.73326827916155, 85.40577736432093, 85.82486939312408, 84.98406826740512, 87.10374939049385, 87.10374939049385
96.28, 97.18775443136879, 98.44210747391439, 95.48169483391435, 96.02918261023966, 96.69830858674668, 96.27772665552584, 95.11403081179344, 96.44836118030369, 96.68210150223939, 90.51211466913065, 89.84056664136419, 89.5903718517628, 88.70141017897635, 87.09264410664782, 89.0444529207384, 85.88922846168357, 85.97768074711563, 84.52382558249198, 85.8926009680988, 84.73326827916155, 84.32939815556858, 85.82486939312408, 86.04446342164012, 87.86691524222284, 87.86691524222284
95.32, 95.67220990875967, 96.51976332135806, 94.08138253717854, 90.9612390872261, 86.2366089932525, 86.88423962413827, 85.4829156262004, 86.03572358489865, 85.75459180722554, 85.4537776497426, 84.17834927434514, 85.00796617836136, 85.81502052580596, 87.45423467253893, 87.73224642870858, 85.88922846168357, 86.01105514581425, 87.44525808864516, 86.92763767822198, 86.20218671806923, 84.32939815556858, 85.82486939312408, 86.89797306151702, 86.51893412947096, 86.51893412947096
95.87, 95.94098600552563, 93.70632158276204, 94.64415298143012, 94.43710085706758, 92.30961288100492, 88.91453930415572, 89.19385772494616, 84.10845337987462, 85.25911298499855, 85.67588852209451, 84.17834927434514, 85.00796617836136, 85.81502052580596, 84.31369739456835, 84.75618479052292, 85.3510603739778, 84.50371598688248, 84.52382558249198, 85.8926009680988, 86.04769282802607, 86.80565352759973, 86.42378037871288, 84.98406826740512, 86.71211606938596, 86.71211606938596
96.26, 91.45681651033047, 91.97937104840247, 90.5180360361537, 90.17888835149188, 92.1559785621827, 90.97803553774031, 89.50596506600496, 86.93558476950678, 85.25911298499855, 85.67588852209451, 86.39288701676001, 86.78467388818518, 85.81502052580596, 86.22747069426815, 85.70079414089096, 86.35350252922267, 84.50371598688248, 85.66473793023671, 85.8926009680988, 87.14191044724758, 87.83975101169752, 88.62318790445283, 88.63570272351396, 87.96769837611242, 87.96769837611242
95.78, 96.56143635379811, 96.29097628556259, 95.92759335489714, 91.40490282441095, 90.9469622385502, 90.42100163112707, 87.45695007492718, 88.82225907519053, 85.25911298499855, 85.67588852209451, 86.17721522671272, 87.46841103002687, 87.17752523198313, 86.6541537972495, 87.20854937691496, 85.94572555532366, 84.50371598688248, 85.75437744302462, 85.8926009680988, 84.73326827916155, 84.32939815556858, 85.82486939312408, 84.98406826740512, 86.87362178779327, 86.87362178779327
97.13, 96.45508182086571, 96.84081084443538, 97.5489782594531, 98.6659284227892, 97.18485555610835, 92.83579670886466, 93.57587977898446, 95.92915125280882, 96.38218747243785, 96.28358436222592, 98.75558057466388, 99.08795559437482, 95.75377655634561, 97.46865376005186, 95.52220872330291, 94.7446913219669, 95.20175705854606, 88.97952141292966, 87.8807763945854, 86.56932060865718, 84.32939815556858, 85.82486939312408, 87.0111763782271, 86.66286988546575, 86.66286988546575
95.76, 96.73632336127598, 94.38661143350967, 94.10334708338262, 90.98395748562929, 90.95602537823528, 90.45977290725129, 87.84284685099772, 87.6317633639649, 88.85555834491613, 86.88410255967155, 88.83191998094075, 90.07842412275214, 90.29701189180332, 88.93144850594008, 84.75618479052292, 85.88922846168357, 84.50371598688248, 84.52382558249198, 85.8926009680988, 84.73326827916155, 84.32939815556858, 85.82486939312408, 86.8305834255854, 88.9311857707844, 88.9311857707844
95.24, 96.56098774280449, 96.20157495334689, 96.6297188578277, 97.85045536884579, 99.2112639820488, 99.47441158967757, 98.22801549564946, 93.95472564957358, 93.46949155184487, 94.5026593307684, 96.38258217237, 96.84129211803555, 93.54005799279582, 92.98339991157377, 94.16176134604237, 89.63477637560464, 89.07301641146539, 87.03945764594583, 85.32415603469958, 84.73326827916155, 84.32939815556858, 85.82486939312408, 85.79323732775683, 85.22829619229168, 85.22829619229168
96.03, 93.14912200489336, 91.4357798526041, 92.32513389998707, 91.91080193292463, 94.11838802017327, 93.89613607060959, 94.29906455929492, 96.30853172166388, 89.7214216466214, 89.47295033851547, 87.4263967685681, 86.86471839701794, 85.48950849655591, 87.20513575460384, 84.75618479052292, 85.88922846168357, 86.98988636959682, 89.11477365211951, 86.09664291535331, 84.73326827916155, 84.32939815556858, 85.82486939312408, 86.58002657039118, 85.5431285407167, 85.5431285407167
95.44, 96.23339385724611, 96.613006095987, 96.74469142845466, 96.29563864724791, 98.3546480437753, 95.45968759767968, 95.88349133473679, 96.00494281240933, 95.435526786944, 89.69777057987223, 87.72825816804395, 85.29711565055644, 85.81502052580596, 84.31369739456835, 85.80266779160812, 85.94929909081499, 84.50371598688248, 84.52382558249198, 85.8926009680988, 84.73326827916155, 85.40157062144529, 85.04807904275988, 84.98406826740512, 84.18839048711607, 84.18839048711607
96.06, 97.43000928112642, 99.34932169915693, 98.98652370124158, 99.26999788782426, 99.8170269557817, 100.42182197119229, 100.51389445288136, 100.98633983866091, 95.1166938435811, 94.65834666843328, 94.27395932539761, 95.24290057655048, 95.5049648390336, 96.5325917845064, 98.13808079306985, 95.85225883386826, 96.37932810617305, 94.16488278912735, 93.71469923751714, 95.42110925343846, 95.25169798837692, 92.88437937579563, 93.87873128055305, 93.0952677749613, 93.0952677749613
96.17, 95.76394993178035, 94.12581668118439, 86.91128000969626, 85.8688404000338, 85.39969580321497, 85.48961899980043, 85.3669502225615, 87.55151241919265, 87.69173912124386, 86.48971876583762, 87.58562787953899, 85.00796617836136, 85.00572377035573, 85.69252397844575, 84.75618479052292, 85.88922846168357, 87.37332956976229, 85.97465212273806, 85.54100536362496, 86.20647718889397, 84.32939815556858, 85.82486939312408, 86.36406936727981, 86.10761278168347, 86.10761278168347
95.59, 93.68118590955638, 93.39843082794872, 93.04355225763227, 93.86119851471638, 94.08028092661483, 94.69375607131991, 91.31247886360714, 92.56698841323191, 91.02314765196165, 86.75732851555102, 85.88496320831483, 85.2538319548369, 85.81502052580596, 84.31369739456835, 84.75618479052292, 85.88922846168357, 85.4045086148992, 87.04978057921241, 86.25475782031607, 85.11046259119298, 84.32939815556858, 85.82486939312408, 84.98406826740512, 85.63011333264737, 85.63011333264737
97.41, 98.17334806429294, 96.75950158922379, 97.35388338153147, 97.28170933466362, 97.86579867273049, 98.00064324983602, 98.63524344615323, 99.01652372800905, 98.17168577218975, 97.90566275789945, 96.77712519150688, 97.15956968599578, 95.24004395247472, 97.42888541620991, 97.71969651825077, 96.13156764205822, 97.83962536769329, 98.35742654174383, 93.71054962447306, 93.26909738956826, 94.67002795392455, 95.34331344244048, 93.58612537730082, 90.34780246511416, 90.34780246511416
95.27, 93.29658108860164, 92.41197193309544, 92.74645478582993, 93.59341609678421, 95.25939992489825, 92.8114197686506, 93.71560761640498, 93.97002302795909, 92.38371865217944, 93.330035731575, 94.98456038055947, 88.3403504909373, 85.40770872455425, 84.31369739456835, 84.75618479052292, 85.88922846168357, 85.80977687794528, 84.52382558249198, 85.8926009680988, 87.05807310325801, 88.25063534769072, 88.42857380155625, 85.27862202728733, 84.18839048711607, 84.18839048711607
96.46, 94.68821612122333, 96.51015502991224, 94.95951167733851, 92.85352084226157, 93.87309253928922, 86.71504102490815, 86.59080254796429, 86.5332099036791, 86.19530539967931, 85.67588852209451, 87.68326825378934, 86.97001499358092, 86.75126860938181, 88.92020028338607, 90.7518745920765, 86.18608911836706, 86.86476703133602, 84.52382558249198, 85.8926009680988, 84.73326827916155, 84.32939815556858, 85.82486939312408, 86.9811582698556, 86.83624228224384, 86.83624228224384
97.01, 98.08926946189325, 100.20692083904547, 96.2087134872653, 96.42344715051551, 98.29839941799469, 97.4254282454694, 97.50873163287051, 97.06036796004695, 94.72058902612955, 94.7027066178312, 91.09110504241423, 92.28245370888749, 88.4890416128309, 85.46248281203357, 86.4115572696867, 85.88922846168357, 88.0863631001283, 84.52382558249198, 85.8926009680988, 85.86464864022362, 87.51069151397321, 86.91722645186726, 85.80935892246116, 87.6935375741108, 87.6935375741108
95.31, 96.53182301619351, 95.68196387797614, 93.15711986405131, 91.75053358762746, 86.63534760581175, 86.713702991718, 87.27748055107423, 84.10845337987462, 85.25911298499855, 85.67588852209451, 85.89560545761182, 85.00796617836136, 85.81502052580596, 85.4251492956166, 86.13654468990863, 85.21402777359762, 85.47425021788183, 85.71072159943975, 85.8926009680988, 84.73326827916155, 86.02352832965808, 85.82486939312408, 85.64926300236418, 85.65872404300673, 85.65872404300673
95.31, 92.98437416104585, 91.58638446354556, 91.62383033593444, 88.81840631207614, 91.30024510840327, 87.21857008137577, 85.27886794649106, 85.4890048971352, 85.44300519097646, 85.67588852209451, 84.17834927434514, 85.00796617836136, 85.81502052580596, 85.26550548570644, 84.75618479052292, 85.88922846168357, 86.18907943562445, 86.57612115387253, 85.36089924719606, 86.243643515042, 87.34609608066191, 85.01179334859825, 84.98406826740512, 84.18839048711607, 84.18839048711607
95.83, 91.11890362428704, 93.03802964277591, 89.32372668661735, 88.46909339170737, 89.31551226320173, 86.30266701290543, 85.7758323876567, 88.34279302897458, 86.22049447862615, 85.67588852209451, 85.63231953176602, 85.32980305173346, 85.81502052580596, 87.47606930228793, 86.57624984958635, 85.88922846168357, 85.52279194739884, 85.38124551475917, 85.8926009680988, 86.42380370743967, 85.86596410749331, 85.82486939312408, 87.5492753993663, 87.09488846906271, 87.09488846906271
96.24, 97.33908741858475, 96.00291099919886, 96.37685806359447, 95.5866307174636, 95.50241225816815, 89.57992262302186, 88.3514020038637, 90.24204558644867, 87.09895561274483, 87.25945047591283, 88.9401940142167, 89.04163342265369, 86.81449431356414, 86.7428614542969, 87.97724924066131, 85.88922846168357, 87.34684903365222, 86.00999875070168, 85.70858006036515, 86.74770109917466, 88.56715590302258, 87.15468919795802, 87.11222447282175, 84.18839048711607, 84.18839048711607
95.3, 96.41099850741185, 96.66424020003957, 95.55178376884817, 95.23737049861387, 95.61419177330826, 95.60821333330108, 94.70431990631984, 92.93423486448287, 88.01111762085308, 88.34783336349889, 88.43890717566089, 85.00796617836136, 85.81502052580596, 85.44164996596125, 85.01846676117648, 85.88922846168357, 84.50371598688248, 84.52382558249198, 85.8926009680988, 86.39157636651203, 88.20431038046014, 88.03278617856529, 88.52097536141211, 88.39770783795854, 88.39770783795854
96.31, 96.42650599203625, 97.11699896001296, 95.49356648596051, 88.87630163504939, 91.25080926370227, 91.69378382621782, 91.01453322130985, 91.51932320016824, 92.10533737040913, 92.48882725277979, 91.52638938492125, 86.79516962376506, 86.05850084482162, 87.82628398205928, 88.35848893845464, 89.0656977651907, 86.15227840775268, 85.86303149224534, 85.8926009680988, 84.73326827916155, 84.32939815556858, 85.82486939312408, 86.304866307478, 87.5404066114467, 87.5404066114467
96.79, 97.37540063151532, 99.09094208260858, 97.84166769118588, 98.1022642470222, 99.06483356602453, 99.6710758717477, 98.16115026092707, 99.1126831694782, 100.39395050565548, 99.97387552556395, 100.83533536226129, 100.44264471262358, 100.71305913541794, 101.26584722332487, 102.79992159451206, 102.0060212959553, 103.69710879041429, 104.6649543409315, 104.57261159570737, 105.57803058294114, 106.36559162743332, 106.57750441965601, 106.84831488320778, 104.67591148635385, 104.67591148635385
95.95, 95.05161230349434, 94.56707722033033, 93.68606356409153, 93.7379981038137, 95.68983415338901, 95.01072895789538, 95.73528164995318, 95.46287527267062, 94.74442491972358, 95.47042927892437, 95.22639487487002, 94.53468602451981, 91.94409450720251, 92.30035748164732, 86.6946895800635, 87.03572933126361, 87.07728093208678, 85.94680922283199, 85.8926009680988, 84.73326827916155, 85.61582125390863, 85.82486939312408, 84.98406826740512, 85.84702089306536, 85.84702089306536
96.02, 91.69465494282828, 92.85921115017123, 90.75607120533276, 90.70438835032384, 92.64819693694109, 93.33514151970795, 91.96536819670163, 93.90180304845552, 92.87711193449107, 88.20598200794595, 89.49891911969021, 85.91894856416084, 85.41655164768247, 84.31369739456835, 84.75618479052292, 85.88922846168357, 84.50371598688248, 84.52382558249198, 85.8926009680988, 87.67070008424116, 87.73071779677412, 85.82486939312408, 84.98406826740512, 86.51226262928277, 86.51226262928277
97.05, 96.81380207440812, 98.14389366387029, 97.26346544129908, 98.53263103015809, 100.75736308954289, 99.70928970428648, 98.32993683380387, 98.13901142505597, 97.1433234042538, 95.68679683779385, 95.7168545405282, 95.21105356898694, 93.81241647370912, 92.65844974944538, 89.98770019822408, 88.96985478036444, 88.50279350966724, 88.25992253402292, 86.50973506912798, 88.26329711821833, 87.78117380488462, 85.82486939312408, 85.0637671893835, 84.18839048711607, 84.18839048711607
95.88, 95.10582800700168, 96.95172118292425, 95.28616153001907, 94.81169276581481, 91.918397881677, 91.71597236429936, 89.84484651574051, 88.69625280652046, 89.9337965274419, 90.42701583712396, 84.17834927434514, 85.00796617836136, 85.81502052580596, 85.96333594174176, 85.06425575503579, 85.88922846168357, 84.50371598688248, 84.52382558249198, 85.8926009680988, 86.37611908621004, 87.90338765326467, 85.82486939312408, 87.14625244039736, 87.7723691176578, 87.7723691176578
96.48, 97.02769832319126, 94.08018657386451, 94.32593090107595, 94.16908604254255, 93.16209041003316, 91.50241172192298, 89.98720309182488, 87.29565329159868, 88.46417578154826, 86.90920379345238, 88.24234922446357, 86.7809606437517, 85.81502052580596, 86.51355844035217, 87.53775904905842, 86.86217132850501, 86.15874744437808, 86.09709971716975, 85.8926009680988, 86.83594184910125, 87.51802920493047, 86.12575120734364, 84.98406826740512, 84.18839048711607, 84.18839048711607
96.7, 94.14694268289581, 96.45848252557641, 93.14687746809592, 85.71319390919876, 87.63874746604873, 88.43290301413177, 87.88486755627585, 86.468342144629, 86.87622831281782, 86.05611259123785, 87.732844748549, 86.94358137495475, 87.25333909868301, 87.82758102150902, 87.53767139650158, 85.88922846168357, 85.43501424515885, 84.52382558249198, 85.8926009680988, 87.67191020859626, 87.0650736671665, 86.25059422048686, 86.83889261442688, 85.16770620704284, 85.16770620704284
95.26, 91.48277172669412, 88.2671672334416, 85.68112224577713, 86.69898172497557, 88.41016142230723, 88.26670710175688, 88.64051828773209, 87.67709058259221, 85.25911298499855, 85.67588852209451, 84.17834927434514, 85.00796617836136, 85.81502052580596, 87.44109125899544, 86.41744197399083, 86.39167134557808, 88.49421675411907, 88.15144274927893, 87.19530850201586, 87.48111222709325, 88.09543898549, 86.67388448088043, 85.21726633911088, 85.77824353850036, 85.77824353850036
96.45, 91.62939228962719, 92.50861598721437, 92.27429028211583, 91.50087912839018, 92.81264117518084, 90.75844798872156, 86.96051431508975, 88.61418232680292, 85.25911298499855, 85.21359048491836, 84.17834927434514, 85.00796617836136, 85.81502052580596, 86.69042761457739, 87.2243924119107, 87.74827393889477, 88.04350853992722, 87.0981600972001, 86.26929078980375, 84.73326827916155, 86.54400034798064, 85.82486939312408, 85.63626247248114, 84.18839048711607, 84.18839048711607
96.47, 95.34037142930228, 95.01799500895704, 94.03289344547908, 90.77889679082156, 92.19750697293512, 93.21139719097025, 92.37322167465989, 93.76458208494769, 93.42907578730062, 91.76611498979351, 94.00918176303678, 90.04814046635299, 85.52796999834395, 85.27582366494987, 85.15296864037786, 85.45741554666948, 85.09950231731867, 86.10257557321425, 86.65843546204984, 84.73326827916155, 85.96796516923958, 85.82486939312408, 85.69532137627503, 85.7074037314925, 85.7074037314925
96.35, 95.09550437954977, 96.55039458404019, 97.185221940221, 97.69698052185855, 95.86119073306945, 95.1167192009628, 89.30497114309661, 90.28526035907639, 88.53207979143721, 85.67588852209451, 87.68776180344652, 85.00796617836136, 85.81502052580596, 86.11387631602751, 87.1972912760562, 85.88922846168357, 86.81182289795234, 88.23708153972603, 86.26986711550936, 87.7541517549437, 84.32939815556858, 85.82486939312408, 84.98406826740512, 84.18839048711607, 84.18839048711607
96.57, 96.71060227939728, 90.19682829711645, 87.89103801681213, 86.68236874072156, 85.46408768765787, 86.5406681709261, 86.94459477176007, 87.322476648812, 87.72875723888265, 86.76073180244708, 84.17834927434514, 85.00796617836136, 85.81502052580596, 88.01518226232243, 88.54872493077079, 88.83927940450447, 85.80346955824987, 84.52382558249198, 85.8926009680988, 87.17946665850924, 85.81183995652236, 85.62663343515447, 86.99157057560369, 88.7949205778616, 88.7949205778616
95.61, 95.94070639610135, 97.20808943664377, 93.49685331258674, 91.8578752105208, 91.54234505069968, 92.61173897451201, 93.72536005283952, 90.24959254508094, 87.48767232741432, 86.2486534008855, 84.17834927434514, 85.00796617836136, 85.81502052580596, 86.10144452947499, 84.75618479052292, 85.88922846168357, 86.98815005220804, 84.52382558249198, 85.8926009680988, 85.26344646567605, 86.52550688310981, 85.67272441165679, 85.82131948990516, 88.3538500353288, 88.3538500353288
96.11, 96.31352512296593, 92.25515058891055, 90.28274725426485, 87.18244961218574, 86.58797226012346, 86.90213136054422, 85.97005986832815, 87.21931680053083, 87.39982849026492, 85.06370114549487, 85.80411939516121, 87.34420056669838, 85.81502052580596, 86.48718904501057, 87.3933460416291, 87.88577855930478, 85.32045494623075, 86.4413535790356, 87.1070343238131, 86.11922333235466, 86.04838802098153, 85.82486939312408, 86.32381642401403, 86.9142433497817, 86.9142433497817
96.5, 96.5643966457483, 96.42696070861082, 97.17617308051479, 91.6280621534739, 93.43916674166339, 94.25839106470939, 93.21619160528145, 93.66579152927189, 93.83631802536776, 89.9254447989665, 90.63161762873693, 88.39323686506502, 86.3640240136347, 86.9672961814041, 88.46415163085986, 87.09103386388942, 86.13933912427947, 84.52382558249198, 85.8926009680988, 84.73326827916155, 84.32939815556858, 85.82486939312408, 84.98406826740512, 86.71715105250831, 86.71715105250831
95.74, 91.50838284831882, 91.9501803615098, 91.91033385300243, 92.31591821057532, 93.8944711108238, 91.84956986775205, 92.118906068825, 90.96109216228939, 91.82861190207535, 91.33306850022797, 91.83786588491449, 93.25216834914974, 93.00012833579123, 92.86482354019874, 91.29329078850998, 90.19542986087266, 84.50371598688248, 84.52382558249198, 85.8926009680988, 86.81695950584454, 87.70844186861856, 85.82486939312408, 86.16861559798133, 88.25240989885086, 88.25240989885086
95.78, 96.3869470489667, 98.23023810456546, 97.85472492824277, 97.52804458662887, 98.31747828083226, 98.23378437189463, 97.24932736662875, 98.26404214555927, 99.67765687813758, 96.39332970029278, 98.73257718334045, 96.48579615937638, 94.3718155462545, 94.08249146997004, 94.89238624974838, 92.2426528946907, 90.93050378123615, 91.48820411964286, 88.9907147338315, 88.98914302116808, 90.07092339851758, 87.5267449659121, 88.12325114644197, 85.77307133989277, 85.77307133989277
96.53, 95.2003254507208, 96.1106139391248, 96.62054968837593, 97.38739282446518, 97.34157048399808, 97.14192497658648, 96.57186969789115, 97.66886746767099, 98.54473876329173, 96.27132126950303, 94.89471154623446, 94.05025433130771, 93.6208595950395, 95.56337162254493, 96.3139380233046, 89.5837313912403, 87.72193952608116, 89.0673606085335, 85.8926009680988, 86.72839720811089, 86.49337236369144, 85.82486939312408, 84.98406826740512, 84.18839048711607, 84.18839048711607
96.03, 96.50468075386941, 97.56347886347402, 95.93876344286313, 97.35907145137823, 98.38921098437613, 94.81759024847209, 91.54734430894784, 92.86287202868844, 89.64364237619145, 85.67588852209451, 86.67516455712101, 86.88839770088589, 86.53491532532736, 88.11494164724566, 87.58685967202618, 86.47573807021686, 86.94933579815151, 84.52382558249198, 85.01340860081031, 86.064844680168, 86.05489325569233, 85.94274512968234, 84.98406826740512, 84.18839048711607, 84.18839048711607
96.64, 97.64313369753826, 94.57243352601266, 94.36097366916295, 93.62287980141076, 93.78449869456263, 93.10959119639654, 91.17281649073834, 92.40280638238525, 93.55322448996449, 92.77971291600439, 93.71328643958417, 94.39471955186171, 94.525944331761, 95.54027827532786, 95.85111440947614, 95.2490502133136, 96.58005339274371, 95.77540463566072, 93.39319420493175, 94.03016671466054, 94.71340499493733, 90.45820025563596, 88.73678822114162, 87.25537610769413, 87.25537610769413
96.52, 97.2763312081641, 98.53830883574928, 97.10822451144118, 95.72751878417515, 97.46065750160864, 94.04941736452152, 95.15285187335874, 93.39197202671122, 92.70973211894352, 88.95135518663243, 87.60032583731636, 87.7882378115703, 87.4279439185032, 87.54635318751932, 89.05907998623255, 85.0876601139366, 84.50371598688248, 85.46486876698309, 85.8926009680988, 85.10827693676055, 84.32939815556858, 85.82486939312408, 87.23185512626763, 87.63391714597425, 87.63391714597425
97.17, 97.8262187504185, 98.09387630640673, 98.83014359001504, 98.64635912746179, 99.28645958559947, 99.93924195679021, 99.88882147051348, 101.69465693744938, 99.90645804079982, 100.17968632887934, 99.46749635081568, 100.15896693319915, 99.68425190284782, 101.87806767512544, 101.00424708438976, 101.55827385975145, 101.95640532073271, 103.45740704997795, 95.85719532376068, 97.66445313578072, 94.470039144976, 92.25119660706987, 93.54681009667019, 92.4882459022414, 92.4882459022414
95.58, 95.40716428885786, 96.64294501536655, 94.77682452052018, 91.34209604398075, 93.33876738460549, 93.83745755358065, 93.47898840944798, 95.07793430359057, 93.92257692774163, 93.16468961794443, 95.21231894307651, 96.56158245806672, 96.67757254063581, 97.89634396776452, 97.11776451479182, 95.68278282971853, 95.55105004100804, 96.94997455077907, 95.86841815607069, 90.42743475275927, 91.11350047138934, 91.51110509795372, 91.16734523080608, 88.64301886790163, 88.64301886790163
97.29, 95.9722748168005, 92.90666243788635, 91.85597141488664, 87.00646890269007, 84.10957757803895, 85.48961899980043, 85.2986721135277, 85.66792632783886, 86.20995108804182, 85.67588852209451, 84.17834927434514, 85.00796617836136, 85.81502052580596, 85.9973812833956, 84.75618479052292, 85.88922846168357, 86.43182569731785, 84.52382558249198, 85.8926009680988, 86.64914940137682, 87.37565492991081, 85.62208970868814, 86.45888252116038, 88.37634013068097, 88.37634013068097
96.93, 96.27765733184272, 96.08477752927737, 96.50910267367078, 90.36293276449716, 89.5396738518874, 90.24086132061088, 85.4829156262004, 84.10845337987462, 85.25911298499855, 85.12544907194176, 86.58634525344677, 87.57814152107457, 88.3285721962392, 89.98186016724586, 91.00212848551118, 87.3513270845781, 86.05842467785388, 86.34436734207296, 86.39288942455345, 84.73326827916155, 85.19128790926865, 85.82486939312408, 86.29433937373423, 84.18839048711607, 84.18839048711607
95.25, 95.23097591958144, 92.90760467146316, 93.3181755977672, 90.89922051288362, 86.50871974572924, 86.3730374367555, 86.20291532363184, 85.37740846473679, 85.43660460166942, 85.67588852209451, 87.79481804614461, 85.992132011798, 85.38403113854591, 84.31369739456835, 84.75618479052292, 85.27736642496548, 86.18079459544964, 84.52382558249198, 85.8926009680988, 86.0828409865591, 87.61359205210448, 87.49122686330212, 86.61671691744168, 88.10293623741333, 88.10293623741333
97.01, 96.39450782207346, 94.2409267340379, 91.84598224282897, 92.43601195305948, 94.00538342102433, 95.06617637225582, 95.88884062063673, 97.7402877801726, 97.43156722222739, 95.29040432660832, 96.53915195804713, 96.72224005040337, 94.77233623246796, 95.96966038488135, 97.6825529897503, 95.87032267090606, 98.02637977949011, 97.83371519549334, 93.58878714285046, 92.93478408588359, 90.87657098341326, 89.90129989732597, 88.13922816551359, 89.94367588387009, 89.94367588387009
96.23, 90.42191048246976, 91.4119483948924, 89.47928680395715, 90.23740486047602, 92.49591058749557, 91.6609242269589, 90.19466433162239, 91.8411662422328, 92.41383913766758, 92.13697731344675, 91.99207020438516, 93.31030297289675, 92.43596412274319, 90.88134558838784, 87.09801558141598, 85.88922846168357, 87.08763019284196, 88.88775173068935, 87.68424819111509, 84.73326827916155, 84.32939815556858, 85.82486939312408, 87.58881791423055, 84.18839048711607, 84.18839048711607
96.56, 97.55981003254897, 98.92035622824632, 97.88684174389377, 92.64920670932325, 94.36632255854393, 95.61468156509639, 96.04882816288179, 97.98245600664096, 93.29562708200095, 88.23291644034717, 86.58860520266971, 85.87442251827203, 85.81502052580596, 84.31369739456835, 84.75618479052292, 85.88922846168357, 87.04228577684026, 88.03769318436639, 85.8926009680988, 84.73326827916155, 85.36323278355358, 85.95196158398338, 86.56264151336472, 85.67674452371683, 85.67674452371683
96.52, 97.20786845934143, 97.40372443845507, 96.76846055230506, 93.9933951287406, 92.32674784374684, 91.81023568226635, 87.21130064574109, 88.51924802250154, 89.17420607078647, 87.1850352837339, 88.14737019271617, 85.00796617836136, 85.81502052580596, 85.76940946966306, 85.10146045761766, 85.88922846168357, 88.02837532586365, 87.90271048338113, 85.30818845198705, 85.4388754888285, 86.70016153220949, 86.78868668426368, 87.56109527918258, 89.20997370754523, 89.20997370754523
96.33, 94.2027392642636, 90.94761466429352, 87.88861577279764, 88.92984402757995, 88.60515910027382, 85.48961899980043, 85.28814369110684, 84.10845337987462, 85.25911298499855, 85.67588852209451, 84.17834927434514, 85.00796617836136, 85.81502052580596, 87.1203164068315, 87.69921582131167, 85.88922846168357, 87.28218839448154, 84.52382558249198, 85.8926009680988, 85.76318974790831, 84.32939815556858, 85.82486939312408, 86.08085376417182, 84.18839048711607, 84.18839048711607
95.87, 94.97331291590582, 94.8977237125344, 93.30425096901088, 93.8329981803698, 94.77285980677934, 94.16921245932986, 94.55219710395266, 95.43606921424532, 87.23798372639615, 87.63432035549486, 87.8407686928681, 88.01594722874111, 87.72307725859973, 89.09665538411559, 89.59753761195049, 85.87556821803695, 86.95700807371212, 87.06153619165671, 87.5650860668727, 88.69543765419412, 90.40175927188756, 89.78253068728768, 90.01797678200579, 87.97774179746725, 87.97774179746725
96.04, 97.58819861009229, 97.77791353052257, 96.3938547479964, 96.75409072402773, 95.47763401815709, 92.44095979454653, 89.54124674041151, 91.94874266094772, 92.58725025088563, 91.52259593922615, 92.96336885895471, 90.76267786175114, 91.10901146498594, 91.36675344726187, 92.6999447128379, 91.66869204095376, 89.31641764668939, 91.01267208751477, 91.13335284819655, 90.78026712339813, 91.5092083026285, 89.06210433532925, 87.77693354928738, 90.11698697098535, 90.11698697098535
96.34, 95.92650761174224, 97.67767858983488, 93.8814107896031, 93.6035859964064, 94.8133156698954, 95.17892221792778, 93.1289740061273, 95.14615728599036, 95.52211032854451, 95.18496286273563, 96.10445329070522, 97.3498993268969, 95.52415852025763, 95.58895523787054, 95.54956295282079, 90.1195699212116, 89.26461316270671, 88.47539350012941, 85.8926009680988, 86.98800538326168, 86.76728053210111, 85.82486939312408, 84.98406826740512, 84.18839048711607, 84.18839048711607
95.71, 95.14943216028627, 97.1014452436055, 96.30744345841096, 97.15350967463073, 98.37605327412413, 97.34952490211964, 97.24164083109787, 97.08941033424414, 96.42839865965843, 92.95118837012106, 94.94449637016004, 91.17580557926753, 89.84385226846172, 91.16775458359606, 89.11373869336055, 89.3472344654749, 90.92591210190479, 90.79148222284292, 90.30716559388735, 90.96517501870366, 92.34895043678704, 91.2080618528191, 91.51207425155715, 93.77841293062725, 93.77841293062725
95.58, 95.99131216720198, 95.68992272565899, 95.02068975788379, 95.59067144982265, 97.11205794466254, 94.22544556727837, 95.21620843620848, 96.78858717397846, 95.94686281005941, 90.79235730615876, 89.9981968935272, 90.30667213261692, 88.13202925111686, 89.46094469011939, 89.96933180571253, 90.12920305374136, 85.14483135671018, 84.52382558249198, 85.8926009680988, 87.48488484227927, 88.26444355430098, 85.82486939312408, 84.98406826740512, 84.18839048711607, 84.18839048711607
97.41, 93.73780732150422, 90.67980421891443, 89.83702411160412, 89.52087244073351, 91.32106449238229, 89.88227736166957, 86.6005918109628, 87.40830817705108, 88.4502186795647, 88.49957607489694, 88.51938179213548, 86.35879970561001, 87.22170684746904, 88.35554466436942, 84.75618479052292, 85.88922846168357, 84.50371598688248, 85.33969420879696, 85.8926009680988, 86.97028825949327, 86.94669786197844, 86.96823988696725, 85.04048675331839, 85.40321205973373, 85.40321205973373
96.81, 94.91253589487607, 94.06778506500875, 92.7430058635024, 91.25693472989606, 90.43912200902412, 90.87666287193824, 91.33673360663144, 92.49033887121523, 91.29287078853434, 90.37727612347163, 92.67867379212365, 93.54355604191159, 93.84167558403665, 94.63092980106363, 95.75634466970382, 94.52650001416436, 94.50233949458736, 95.12126397206215, 90.5210426472702, 89.19766557109885, 90.63562365444918, 85.4555255927654, 86.43783802516963, 84.18839048711607, 84.18839048711607
96.7, 94.99253192682207, 96.90702911086635, 97.73100616949793, 95.92195568011589, 97.30235898855994, 95.1620986458507, 94.53028125058073, 96.63386876040985, 96.36555145070713, 93.58428397925204, 89.13467985649582, 85.00796617836136, 85.81502052580596, 87.6266794514015, 87.73609090565878, 85.88922846168357, 85.92326419057868, 84.52382558249198, 85.8926009680988, 84.73326827916155, 84.32939815556858, 85.82486939312408, 85.58299968135586, 85.96892015625663, 85.96892015625663
96.31, 96.82363884051966, 97.69932786131706, 93.50456630007297, 91.99721099408887, 93.99165803353344, 92.57203987874318, 93.53081711533221, 93.90008835189087, 95.07282342246478, 95.00034426432357, 94.9807817490398, 96.29700238027097, 96.09994615587476, 98.01515231914308, 95.64984418187878, 94.81858696343222, 93.19490226801997, 93.86623703913277, 85.8926009680988, 87.71284878420596, 89.86432466648569, 87.57377705467069, 84.98406826740512, 86.93502656859437, 86.93502656859437
96.3, 93.13965877182378, 91.3086912710099, 90.21065684254948, 87.6354018946949, 87.79217782478614, 87.89258902433417, 88.56728192245603, 90.42808310609676, 90.51037450997873, 87.93336949307988, 87.11007511664447, 85.00796617836136, 85.81502052580596, 88.01419823306749, 89.04217645352418, 85.88922846168357, 84.50371598688248, 84.52382558249198, 85.8926009680988, 84.73326827916155, 84.32939815556858, 85.82486939312408, 85.08621729786984, 85.67830253536556, 85.67830253536556
95.95, 96.65168039838984, 96.64408761174174, 94.83383046445263, 91.20800482856552, 91.16846961313995, 92.05900821601671, 90.20854510042516, 90.51326800299017, 89.63244590603065, 89.90512898137656, 84.17834927434514, 85.00796617836136, 85.81502052580596, 85.23074603797073, 84.75618479052292, 85.88922846168357, 86.20291722843275, 87.52386511774866, 88.23409973627501, 89.43474719676432, 87.51950398618439, 85.82486939312408, 86.48183439707736, 87.12627775226676, 87.12627775226676
95.91, 95.85795193419722, 97.81960895211644, 97.08835848700735, 91.75732234480719, 94.07824282664656, 94.7869588381632, 93.37006628406726, 94.44028322027695, 94.04891147667917, 91.80112416667185, 88.41105815941854, 87.729261920262, 87.4687720861247, 88.58856937635977, 89.60377234870396, 87.35872367523325, 85.99659614014953, 84.52382558249198, 85.8926009680988, 84.73326827916155, 85.88907984473823, 85.95487847965803, 84.98406826740512, 84.18839048711607, 84.18839048711607
96.53, 96.2192786213346, 97.93847493026567, 94.49877944626968, 95.81290100973308, 97.88624151842063, 96.32442781342728, 97.1194841056992, 97.64184476381307, 96.30256529623549, 95.78554872378778, 94.88084814983037, 95.15471956663991, 95.44832968962041, 95.78715350942502, 96.55500789439257, 95.25877619510428, 96.3620260424774, 97.77148840429622, 97.89261652822361, 99.27633888989288, 100.60131361388638, 98.65718543454092, 96.66439616057018, 98.27060046326821, 98.27060046326821
96.82, 98.00372471379562, 96.68135434280725, 95.62414265683829, 96.66149150395422, 98.59107127532872, 95.15529385927243, 94.29285950836876, 93.24264191784536, 91.67702504605447, 91.6023328801515, 85.38350731994892, 85.00796617836136, 85.81502052580596, 85.96664389521747, 84.75618479052292, 85.55948996116223, 84.50371598688248, 84.52382558249198, 85.8926009680988, 84.73326827916155, 84.32939815556858, 85.82486939312408, 87.14298160319782, 89.5545399434037, 89.5545399434037
95.57, 94.64414576768918, 96.94928275323865, 93.87445395787648, 93.92432251196587, 95.65308878519684, 89.43929752768462, 85.4829156262004, 86.73225351503228, 85.25911298499855, 85.67588852209451, 86.06699701347478, 85.03596607859824, 85.81502052580596, 88.17955432818678, 88.72284897856139, 87.21804431444937, 85.48286815456424, 85.99570123212305, 85.84014504046858, 86.88020702837304, 86.5044151391438, 85.82486939312408, 85.1566173398305, 85.95252606802394, 85.95252606802394
96.34, 96.74925800689756, 98.17393078628064, 96.79495927126673, 96.23025976060349, 97.02966016358124, 94.01241278127733, 94.7440046955693, 95.33019922492394, 90.08054613680603, 90.58372622507447, 91.21762822373222, 92.0799220836927, 91.55989708753036, 93.66580927234016, 91.77098902656017, 90.33411965252935, 90.73310524485889, 92.00871564188533, 88.79336808432761, 88.7505518341215, 84.32939815556858, 85.82486939312408, 87.38140416283925, 84.18839048711607, 84.18839048711607
96.96, 96.0789290839709, 95.78266774717981, 95.87854095354348, 95.24132294936832, 96.44497323418035, 88.731735817345, 89.62436737644235, 91.79448890879901, 89.4062781247291, 87.6865705157089, 84.17834927434514, 85.00796617836136, 85.55402844273368, 87.13506524077468, 84.75618479052292, 85.43700818940306, 86.74884315041157, 86.51877524648991, 85.8926009680988, 85.30886282417002, 85.55804764892223, 85.81589928194155, 84.98406826740512, 86.19654399104357, 86.19654399104357
96.43, 97.92097948982828, 99.54536521343144, 99.87321980754315, 99.62764811011222, 101.48597795294468, 100.73477887689747, 97.4415532511366, 91.3496988856804, 87.81409687329085, 87.8753445392316, 89.31281441116299, 90.05239385505075, 89.17672894055353, 90.65657157362637, 88.14087790324307, 86.5120209595472, 87.78838143830264, 84.52382558249198, 85.8926009680988, 84.73326827916155, 86.3292600376359, 85.82486939312408, 84.98406826740512, 84.18839048711607, 84.18839048711607
96.99, 97.37354903926439, 99.08114493513311, 97.84896137835749, 98.5378198721333, 97.2501835287134, 97.78457409132241, 94.88595662041405, 94.24248935533632, 94.03123672586464, 92.3680120666431, 90.99930261606382, 92.33382303060509, 88.59912932877437, 88.1569071810246, 88.62032942098215, 85.05206703113652, 85.85061548522778, 84.52382558249198, 85.8926009680988, 86.05448024727022, 87.30197849644104, 85.82486939312408, 85.46322687021635, 87.5750492194397, 87.5750492194397
97.22, 97.62681018709108, 95.52555260196004, 95.33386615456291, 94.76669753288691, 94.3914331155889, 95.18779892125106, 92.49355890886952, 89.45896009404332, 87.3399734165299, 85.67588852209451, 86.36461031786082, 87.6923856969315, 86.37156582249855, 86.46224622149573, 87.7644483965233, 86.25751807685887, 87.43346746037763, 86.5919245390355, 85.8926009680988, 85.33150909177792, 84.32939815556858, 85.82486939312408, 84.98406826740512, 84.18839048711607, 84.18839048711607
97.1, 98.08402654189321, 99.6803675416632, 99.89678658631563, 98.74213027444942, 96.42941843291527, 94.10624254698527, 93.32973252503409, 95.2809192065668, 93.43571411669417, 91.61071455568833, 88.9415359313087, 87.23131601376159, 85.86335272034066, 86.20801497186189, 84.75618479052292, 85.88922846168357, 87.36740683673496, 86.96232823572203, 85.8926009680988, 86.94397121996013, 84.32939815556858, 85.82486939312408, 86.79161391763131, 87.50299829709644, 87.50299829709644
96.17, 97.85222149421645, 97.73642105217228, 95.69763422100205, 93.77937007461321, 92.46232461783636, 90.02665399790173, 86.81226342603853, 85.00633675611383, 85.25911298499855, 85.67588852209451, 87.45465138804504, 85.77658639082591, 85.30575477415977, 84.31369739456835, 84.75618479052292, 85.88922846168357, 84.50371598688248, 84.52382558249198, 85.8926009680988, 86.99653198434176, 86.2215720185574, 86.5126092348381, 85.06877729666971, 84.18839048711607, 84.18839048711607
96.17, 95.9967115289164, 97.05795107310587, 95.6739098580809, 95.35110655376974, 97.25295519670584, 94.53242063475548, 95.52841673332964, 96.13878202903176, 95.43866063938995, 95.66339792579944, 95.48433315083362, 95.97493257089234, 93.8692736666487, 95.30556346118934, 94.20263172138772, 92.37103241897036, 93.07671395677154, 92.19857829307237, 90.39386021111766, 88.70418811220064, 88.6204785831641, 85.36932302204586, 84.98406826740512, 85.85751780296486, 85.85751780296486
96.65, 97.95764387822247, 99.13763386761075, 97.06169002465592, 98.23694126276055, 99.73747049623101, 97.96786664181252, 97.3601033339168, 96.67541129353084, 97.42200568600855, 94.96443544172749, 95.86722655743264, 93.38113923735867, 93.35893674395203, 90.55446994428975, 85.64298627695979, 85.88922846168357, 84.50371598688248, 84.52382558249198, 85.8926009680988, 84.73326827916155, 85.41439429491001, 85.73802531297129, 86.43623958177447, 86.24877660915108, 86.24877660915108
95.98, 95.17939303825231, 96.52159880158447, 96.82714547917688, 96.99916645595032, 95.16863758524909, 93.99025464392014, 94.40130972171671, 91.08381323122461, 89.3143598080715, 86.73859551775203, 88.03050989727156, 85.00796617836136, 85.81502052580596, 86.31399508084046, 84.75618479052292, 85.88922846168357, 87.915777506632, 88.99267745961431, 86.5297713450295, 85.16348738495454, 84.32939815556858, 85.82486939312408, 84.98406826740512, 86.48577737366894, 86.48577737366894
95.75, 93.99080680559658, 94.19849763918161, 91.99853813851918, 92.26654117381769, 92.64597490039112, 89.1002647489654, 87.91526327492639, 90.02464318996823, 90.78223442651021, 91.47016294618788, 89.17206400910278, 88.98449788579607, 87.31011248311728, 87.35204064022851, 84.75618479052292, 85.05849255264796, 87.05949248891667, 85.20164413218846, 85.8926009680988, 86.99709855683558, 88.23969730092756, 88.8513471015491, 89.30604879512647, 91.28902997711566, 91.28902997711566
95.51, 90.69360925343233, 85.95435060585177, 85.68112224577713, 85.80678842013405, 88.13098109672767, 85.48961899980043, 85.4829156262004, 86.07043042381419, 85.25911298499855, 85.78877899963263, 86.28873015934808, 85.00796617836136, 85.65049728020436, 86.23192431868294, 87.22299131384344, 86.97710473881024, 84.50371598688248, 85.90299009341517, 85.29484471977476, 84.73326827916155, 84.32939815556858, 85.82486939312408, 84.98406826740512, 84.18839048711607, 84.18839048711607
96.9, 93.87846971965631, 95.52848092443766, 94.86616248057562, 91.6708414125333, 91.39733151856119, 90.86371758299605, 85.4829156262004, 84.10845337987462, 85.25911298499855, 85.67588852209451, 86.76682166781714, 85.6156112265223, 85.16047780533175, 84.31369739456835, 84.75618479052292, 85.88922846168357, 86.47758290290002, 84.52382558249198, 85.8926009680988, 85.58509886578703, 86.11317211734959, 85.82486939312408, 84.98406826740512, 86.28793506992149, 86.28793506992149
96.47, 92.25716413585687, 91.25764405221526, 90.03324135286921, 86.90036851921191, 85.62537456909519, 85.0806063859044, 85.4829156262004, 85.16029990597241, 85.3377369051721, 85.67588852209451, 86.83780140174129, 85.1717276040222, 85.81502052580596, 86.72797433024688, 84.75618479052292, 85.0478850950584, 84.50371598688248, 85.69003956835505, 85.87217651948225, 85.82189146039066, 84.32939815556858, 85.82486939312408, 84.98406826740512, 85.80998634293506, 85.80998634293506
96.95, 97.49411039843967, 97.94659428557799, 96.50843863538866, 91.02424739853336, 90.08282251768777, 90.2336645679363, 85.4829156262004, 85.39985692441591, 85.25911298499855, 85.67588852209451, 85.51455930370945, 86.27528969299892, 85.81502052580596, 84.31369739456835, 85.37606176094108, 85.88922846168357, 87.11284889574041, 86.77058746963463, 85.37855704441716, 86.45774246478057, 85.21696332425219, 85.82486939312408, 85.40191485614292, 86.15304829633548, 86.15304829633548
96.18, 95.92858082902238, 96.57927617357834, 96.61226288225681, 95.21783101543826, 91.95007893239594, 91.9149756504065, 92.18719453060311, 92.80203784201562, 90.50968118547932, 91.0078153052366, 87.11846815623336, 86.83389757486678, 85.81502052580596, 84.31369739456835, 84.75618479052292, 85.88922846168357, 84.50371598688248, 84.52382558249198, 85.8926009680988, 87.3607406659671, 84.32939815556858, 85.82486939312408, 84.98406826740512, 86.86302574744768, 86.86302574744768
95.75, 94.76820476074373, 95.75293706882267, 95.97888172321112, 91.85457327126991, 91.49271419573279, 90.36441633284815, 88.97425980351865, 88.7217552828743, 87.35977558156803, 87.36218896088113, 87.11960794774161, 86.68556012780263, 85.81502052580596, 85.6866149267426, 85.76298404538987, 86.20550931781413, 86.41619228646076, 85.7682367410821, 85.19229982718463, 84.73326827916155, 84.32939815556858, 85.82486939312408, 86.67502120900285, 86.891822831583, 86.891822831583
95.98, 96.14008787242912, 94.68558941163303, 91.80105055390578, 88.99520512088739, 88.85956244398328, 88.03260448780898, 89.14317392753965, 89.41288786420658, 87.90039702174498, 88.86797578449931, 91.00393077907327, 91.34941685292898, 91.31766985878946, 84.31369739456835, 84.75618479052292, 85.88922846168357, 85.5961371235231, 86.84349814161136, 85.8926009680988, 84.73326827916155, 85.8680396750109, 85.78992686227906, 85.77673002853885, 87.6196883839782, 87.6196883839782
96.41, 96.27038013140687, 98.20680070817441, 96.21331296069243, 94.86533647092965, 96.042034584486, 93.86642962332425, 88.41692629030243, 90.04549313875941, 88.40565437683935, 87.67039022666893, 89.75797133261845, 91.19266736177293, 85.81502052580596, 87.51691732918977, 88.17339541008316, 88.00045535033868, 89.2126386340123, 90.07110937542264, 88.80076897472271, 89.73372255601906, 91.39720783508363, 89.03613617187679, 84.98406826740512, 86.91794883014214, 86.91794883014214
95.18, 94.1662640198251, 93.24898032576704, 90.9749066863946, 90.51023533579576, 92.40835077068506, 92.49865699065249, 87.35261645409496, 85.08243729442616, 85.24870492943101, 85.67588852209451, 86.77276173484827, 87.67438329141861, 85.81502052580596, 87.41909519167537, 88.49992518201984, 86.75739248402418, 84.50371598688248, 85.77130766721858, 85.8926009680988, 85.95310933600342, 86.46991232759801, 85.82486939312408, 85.75421079455003, 86.98097637126621, 86.98097637126621
95.23, 94.84510721424168, 95.12946823455329, 95.39111583121066, 93.99480445394614, 93.22600355962174, 91.76131921464693, 85.4829156262004, 84.10845337987462, 85.25911298499855, 85.67588852209451, 87.53488945665008, 87.45070174591253, 85.81502052580596, 85.6943473039822, 84.75618479052292, 85.88922846168357, 86.02480405725703, 86.1578766658645, 86.60776088855499, 87.4020789953418, 85.77634047904071, 85.69073888844319, 86.55229800003475, 88.5646054687391, 88.5646054687391
97.99, 98.26225922270875, 96.96375415402198, 96.97900593470004, 95.9919321379517, 97.55551788041873, 96.62890112748292, 92.84925053806691, 92.58690807456146, 89.60403191357189, 88.80643269923593, 89.21461209899807, 88.62204980967792, 88.46308807517538, 89.70939419178845, 90.18381811159921, 86.48456303422068, 88.41503127693899, 88.02437180813666, 88.00512565320768, 87.47404378790712, 87.92636853616861, 88.28745362890682, 87.23607395164416, 87.23436674328417, 87.23436674328417
95.78, 93.7350802408402, 94.07243036700626, 89.4567249159736, 85.25147394837903, 84.10957757803895, 85.48961899980043, 85.4829156262004, 85.58181074715841, 85.25911298499855, 85.46430839765773, 85.1318396523199, 85.46942632727583, 85.81502052580596, 84.31369739456835, 84.75618479052292, 85.88922846168357, 84.50371598688248, 84.52382558249198, 85.8926009680988, 87.11722116720085, 89.08981629221262, 86.8532992059019, 84.98406826740512, 84.18839048711607, 84.18839048711607
97.14, 98.29604046949427, 99.84658686489934, 96.86022273879566, 97.45723727958608, 97.11514910007531, 96.02101944468872, 96.45248450032084, 95.67334271286167, 94.16469600204186, 90.7916436536058, 88.58263359010569, 88.10988025507436, 87.79610309817907, 88.09502785211262, 89.27639624276576, 86.20250351246278, 86.38492280885664, 86.93613810936631, 86.10728233861735, 84.73326827916155, 84.32939815556858, 85.82486939312408, 85.41383397634743, 86.37842268951468, 86.37842268951468
97.43, 98.86233374527446, 99.91456834142365, 95.53522382434547, 89.17524029709892, 90.8686648859278, 89.22514296978795, 89.14793824796573, 89.82064663402822, 88.10258921078467, 86.11591324618863, 87.34681152724393, 87.17929758261377, 86.22960466449122, 86.46828984987252, 87.87852658118776, 85.75115804656548, 86.65151263995457, 86.80440283317309, 85.7457106537231, 87.51513827741475, 84.32939815556858, 85.82486939312408, 85.66400752326034, 87.5423972184893, 87.5423972184893
96.72, 94.37612870829396, 94.85883855782158, 95.74458272420566, 94.85105944779541, 96.07559444995685, 96.32954554079905, 94.98848192729156, 95.19517154640972, 92.1447261074637, 89.49901124730685, 87.89352032720357, 85.26872782026133, 85.98102868054734, 84.31369739456835, 85.17918160378849, 85.88922846168357, 84.50371598688248, 84.52382558249198, 85.8926009680988, 87.83132234791051, 87.88489214640614, 85.82486939312408, 84.98406826740512, 84.18839048711607, 84.18839048711607
96.39, 96.7070337945389, 95.9873584797654, 95.55042529307897, 94.06213203239022, 94.79999433356605, 93.80170865181893, 90.45945888848058, 89.3695526355189, 88.55328923349275, 85.9702856189466, 85.57808910372022, 85.00796617836136, 85.81502052580596, 86.95988095641223, 86.16067078917163, 85.88922846168357, 84.50371598688248, 84.52382558249198, 85.8926009680988, 85.1674646849471, 84.32939815556858, 85.82486939312408, 86.46898630425243, 86.86533972924853, 86.86533972924853
95.78, 93.0326469612764, 90.1210898187996, 88.15391616710765, 87.95363613377711, 88.04203968074627, 85.48961899980043, 85.4829156262004, 87.17534234378574, 88.3046483884732, 88.40501870582237, 89.21619395165122, 87.94671543756616, 86.62983194593708, 87.19026703867746, 86.6183697378234, 85.75026185122955, 86.95829352471016, 87.89376220704852, 86.77341765835808, 87.12801578069129, 88.49119614312565, 85.8290165049515, 84.98406826740512, 86.40082704110091, 86.40082704110091
95.96, 97.4046187242145, 97.51532500303206, 95.62557883965508, 94.54106142023808, 92.93470904611486, 93.4015021087753, 91.61339584860944, 90.55887812487656, 90.63844339093414, 88.0797359567991, 89.79248906650103, 87.55496640916148, 85.98246096556562, 86.67054880679798, 87.62735498191309, 85.88922846168357, 87.75602441646132, 86.96083813115605, 87.2368280540376, 86.13523798583888, 86.95798326781367, 87.62606252329819, 88.29361673836426, 86.98693466451662, 86.98693466451662
96.46, 96.88329784487811, 98.59972472697503, 99.42688670249143, 95.52401926703917, 94.859104362878, 95.13421489035886, 94.93119097140053, 94.21674941606469, 90.02077303781488, 87.77743614352892, 86.22637122443348, 85.44383318992823, 85.1816051541197, 84.31369739456835, 84.75618479052292, 85.88922846168357, 87.5379747595684, 89.01382786922473, 86.68685089513964, 84.73326827916155, 86.28371418895689, 85.82486939312408, 84.98406826740512, 86.80673187691863, 86.80673187691863
96.3, 96.26280612357337, 97.12261215721034, 95.35889115296285, 96.04879864029023, 96.64006984358178, 94.17754371302881, 93.2577245668562, 93.22554055803882, 93.22177893813206, 91.14372003372048, 90.53214111372415, 85.28036937063099, 85.63839251091338, 84.31369739456835, 84.75618479052292, 85.88922846168357, 87.90915574541602, 88.81996215933509, 87.4130263422943, 86.2123631191975, 87.49433057894939, 86.71485771820717, 84.98406826740512, 86.27816467907589, 86.27816467907589
95.38, 96.33919972007567, 94.15931063730686, 90.98647673120483, 86.6431571577969, 88.088472046564, 86.56537002466251, 87.01509979576699, 84.10845337987462, 85.25911298499855, 85.67588852209451, 86.84655682524419, 87.84074107426194, 85.81502052580596, 84.31369739456835, 84.75618479052292, 85.88922846168357, 86.7086099501173, 87.46029555616713, 85.05636728355273, 85.98780983363717, 87.36775322119381, 86.05389060727302, 85.59251828728131, 84.18839048711607, 84.18839048711607
95.04, 92.01597185598652, 91.34131403155286, 88.88909113868557, 88.8856601749084, 89.78061627814641, 89.34444993443442, 88.44862831044196, 87.9556209805681, 86.4342292896191, 85.67588852209451, 86.79404955868863, 86.64718927198737, 85.14409303368339, 84.31369739456835, 84.75618479052292, 85.88922846168357, 85.74706316465995, 84.52382558249198, 85.8926009680988, 84.73326827916155, 84.32939815556858, 85.82486939312408, 87.23695523015547, 89.10217394377011, 89.10217394377011
96.35, 96.4843887089196, 95.99354435805819, 96.15605696191281, 95.02690193641456, 96.02795796412464, 94.10965592375723, 91.32905687918729, 91.89213703247506, 92.13142516850505, 93.17341875532661, 94.40659989219664, 95.41028928777214, 95.41467714273156, 95.61295740396775, 94.27452049658952, 85.88922846168357, 87.76771459307035, 86.8330033148028, 86.45206447004526, 87.69803367622987, 88.68737524833804, 86.80230231457529, 84.98406826740512, 84.18839048711607, 84.18839048711607
96.41, 95.41642532059277, 90.7959198997362, 91.56213167511832, 90.84715641479319, 90.91770577869026, 85.48961899980043, 85.65876166037481, 86.76267706378387, 86.05024163495003, 85.25537856192358, 85.171087861918, 85.00796617836136, 85.81502052580596, 86.18433238004437, 87.4924608061357, 85.10437968103157, 86.74172761847376, 88.2616899130141, 85.55057105334684, 87.20378044999653, 85.99838998577269, 85.82486939312408, 84.98406826740512, 84.18839048711607, 84.18839048711607
96.33, 96.68675314293216, 96.09660023932128, 94.9218352170484, 92.91305076563769, 91.01751637558101, 86.50272442760154, 85.4829156262004, 87.32514384997049, 85.65400916933012, 86.33336321003752, 88.1022741751604, 88.53384529097504, 88.93451139153532, 86.75635730679164, 86.19535497223026, 85.5416904964141, 85.49618116406621, 84.52382558249198, 85.8926009680988, 84.73326827916155, 85.63153431251995, 86.12947086184103, 85.85607741959952, 85.9734096342567, 85.9734096342567
96.81, 96.07269685009717, 94.99424109472692, 92.63901295995939, 85.25147394837903, 86.34534635767697, 85.48961899980043, 85.4829156262004, 86.65620773857877, 85.25911298499855, 85.04919863398855, 86.58837543786902, 87.46539375346634, 85.81502052580596, 87.20641312695814, 84.75618479052292, 85.88922846168357, 87.76685875534261, 84.52382558249198, 85.8926009680988, 87.7121223518829, 86.69982134717745, 85.97634953744024, 87.40802375627338, 86.05651925859458, 86.05651925859458
95.53, 95.39216734155794, 96.9040192604517, 97.27114316848923, 96.34016607055624, 98.40112465388039, 96.68311076839979, 92.66808426468461, 91.90974330862203, 90.90165068558872, 90.29716048289976, 89.77888441650222, 89.1072768375549, 90.07387684402566, 91.98783889500429, 90.46023954674018, 87.48571288831957, 85.7553038348414, 84.52382558249198, 85.8926009680988, 84.73326827916155, 84.32939815556858, 85.82486939312408, 86.33836352935968, 86.03417616897924, 86.03417616897924
96.03, 92.59682417366791, 88.58252711715818, 88.33116894345221, 85.25147394837903, 84.10957757803895, 85.48961899980043, 85.4829156262004, 84.10845337987462, 85.25911298499855, 85.67588852209451, 85.22378284952643, 86.15266989042067, 85.81502052580596, 87.93110859141736, 84.75618479052292, 85.88922846168357, 85.45678514937826, 86.93757028174646, 85.11305275533623, 84.73326827916155, 84.32939815556858, 85.82486939312408, 85.48875154209962, 85.16892647197987, 85.16892647197987
96.51, 96.65131883287854, 98.05972980454051, 98.80041209913901, 96.8347840822094, 99.11867512165503, 97.91444665164015, 97.0711467689731, 97.58488320064349, 95.72929643660989, 94.29444633218428, 96.08819609469555, 96.57336625211273, 96.40891455051727, 93.5372696988286, 91.08641387567229, 89.64521644084816, 90.30173672875482, 89.58635603092787, 89.53248643616054, 89.94526674923073, 91.680348151833, 91.77359896356036, 89.46267636635677, 91.0076025250379, 91.0076025250379
96.01, 95.40017742052785, 93.6093644501616, 92.99150961225223, 92.75534075399554, 93.64174222590356, 87.38616172997436, 86.9645909553378, 88.4075902966224, 89.05748090586326, 87.20909104427969, 86.51038287080176, 86.71153795159682, 85.96146020981767, 85.4783602925545, 84.75618479052292, 85.88922846168357, 87.75327789953009, 88.48065099494303, 88.10143466107411, 88.78593011342723, 90.1897199979769, 88.11099479859472, 87.56072874559386, 88.07338537829507, 88.07338537829507
96.26, 97.18276679144682, 96.93409237389275, 96.59818723917665, 95.12396750701033, 89.96032996102639, 88.77738186766193, 89.0307884039596, 89.85434266974981, 85.28832315876598, 85.45631669719728, 86.96433530167253, 85.00796617836136, 85.81502052580596, 84.31369739456835, 84.75618479052292, 85.88922846168357, 84.50371598688248, 84.52382558249198, 85.8926009680988, 84.73326827916155, 86.02460478680361, 85.82486939312408, 84.98406826740512, 84.18839048711607, 84.18839048711607
95.98, 91.41141410316894, 92.73586924970843, 92.40679859813054, 92.91537815660536, 93.7960453224582, 93.89616161879381, 89.93349330124248, 88.24346995302626, 86.36648387159184, 85.49193250062021, 84.17834927434514, 85.00796617836136, 85.81502052580596, 87.72636209651955, 88.47823878331216, 85.88922846168357, 86.67392196572585, 85.35898406590495, 85.8926009680988, 84.73326827916155, 85.79947013408602, 85.82486939312408, 84.98406826740512, 85.86587687545158, 85.86587687545158
95.61, 95.10828669672068, 87.62115877412768, 85.06852756858983, 85.25147394837903, 86.55426553975894, 86.74442697503423, 85.4829156262004, 87.80667945863084, 85.27645129412865, 86.07768721194655, 85.0952714220388, 85.00796617836136, 85.81502052580596, 87.15333542240465, 88.03847104969296, 85.38556634695664, 85.2118399553078, 86.57153089818082, 85.8926009680988, 84.73326827916155, 85.79650492995549, 85.82486939312408, 86.5889994539017, 88.45538041173948, 88.45538041173948
96.66, 90.2677010274876, 89.70621895145467, 90.55508561171858, 88.47707225214934, 84.10957757803895, 85.48961899980043, 85.4829156262004, 85.8730491387713, 85.90652473806574, 85.67588852209451, 85.70258117492159, 86.767260769033, 85.77017686447502, 87.6958411226612, 87.66308578838328, 85.79814148320042, 84.50371598688248, 84.52382558249198, 85.8926009680988, 84.73326827916155, 84.32939815556858, 85.82486939312408, 85.72900741448153, 86.30712036045563, 86.30712036045563
96.12, 93.95157874105313, 93.43761971077183, 93.5543053125332, 94.16148283444613, 95.90225032660138, 94.01962319951504, 91.55366721150888, 93.35934113960344, 92.57602385562814, 92.1903491411163, 88.34828663000128, 85.47994002113066, 85.54007916928272, 87.27134839106981, 88.84691619860021, 85.88922846168357, 87.56116369471366, 86.17014853655527, 85.8926009680988, 84.73326827916155, 86.44795754510926, 85.82486939312408, 84.98406826740512, 84.18839048711607, 84.18839048711607
97.42, 98.30101808738601, 97.80138960438273, 98.34395739838475, 97.06692697873656, 96.20598390263825, 96.66416507714358, 95.34234648465281, 96.44076392045113, 96.69974655155632, 97.60081251957726, 93.72499364594913, 90.73062767475918, 85.81502052580596, 86.63999383401728, 84.75618479052292, 85.88922846168357, 86.47836833827368, 87.86783180183274, 87.55600190994679, 87.48065082234193, 87.85339283912379, 87.40889604272756, 87.72313801904545, 87.21654678439174, 87.21654678439174
97.83, 96.72516298800065, 96.25218609411633, 96.62563010724071, 97.735108310083, 100.0938173347506, 99.10365487741508, 99.90671004766214, 99.9047847608782, 98.63922076806456, 98.06013780254192, 98.65625402409947, 98.03310061173302, 92.6185209144321, 93.37097534157046, 93.86060707494204, 88.25954382261894, 88.91488732074116, 86.50493114832156, 85.8926009680988, 85.3876618839169, 84.32939815556858, 85.82486939312408, 85.91418806077256, 85.04559847809195, 85.04559847809195
97.23, 97.55590177397379, 99.14860528220791, 96.64288265259692, 96.40477423339041, 98.01385163897933, 95.59093824458114, 90.79104309875277, 92.93694287366898, 93.33334054104537, 93.85115938897452, 95.23398324076989, 96.0288679805304, 93.51077987826795, 91.11343244463991, 92.26639919515185, 92.56351652103551, 94.07899151701388, 94.24922963038631, 92.8171936292078, 93.46871830067909, 92.69969878865024, 92.84192459519359, 90.62906007456415, 92.99753708545767, 92.99753708545767
96.86, 97.37639966767406, 97.42746015380888, 96.06561869233005, 94.61655822167224, 94.06284404001441, 89.69973661531348, 87.744461999589, 89.09633453856924, 87.64934890579646, 86.47558742229496, 85.01080483224906, 86.36729443785003, 85.47120533461596, 85.126681173449, 84.75618479052292, 85.88922846168357, 86.20592205238816, 87.22070278437431, 85.8926009680988, 86.34622299085422, 87.18258272259736, 85.82486939312408, 84.98406826740512, 86.13599225466592, 86.13599225466592
96.6, 97.60389346876937, 99.29961441652578, 97.3128484587009, 98.48152157317332, 98.2876000836856, 97.16313189335193, 97.00068548072844, 97.3775306477487, 96.72163645023988, 96.4064459814559, 97.16000140897931, 97.94144432516403, 97.3441199746443, 98.58404060928927, 94.96804137948568, 90.19377836253044, 91.49156029338414, 89.46901045599388, 88.70285954881196, 88.51759223233422, 90.51401971162633, 90.36429789820826, 88.0435754837741, 86.61998105475487, 86.61998105475487
97.41, 95.40619269564397, 94.50206373078615, 93.0023232232891, 90.45813396821198, 90.87257682493363, 90.2828602795158, 89.16788446816159, 86.21268209438081, 86.13595025892211, 86.47671639689658, 87.66781910395848, 85.72687275991883, 85.81502052580596, 84.31369739456835, 84.75618479052292, 85.88922846168357, 87.98941770079243, 89.93108637310127, 85.8926009680988, 84.73326827916155, 84.32939815556858, 85.82486939312408, 86.67222654541222, 88.89604834087741, 88.89604834087741
96.21, 96.7027101025548, 98.75603853976774, 96.52927314067549, 96.10961781691046, 96.70663432354057, 96.5181842578861, 94.62957419307068, 96.59830849957727, 95.08798448943917, 94.73401980333652, 95.40167581114642, 96.04059859766058, 90.71881157604808, 90.62910089690011, 91.56701504108007, 85.9078003240196, 87.97988792070993, 89.40303145974151, 88.30795597620693, 84.73326827916155, 84.32939815556858, 85.82486939312408, 86.15291566940934, 88.06404175387662, 88.06404175387662
95.84, 94.7653048426197, 89.97682686505264, 89.23738777833495, 87.2802742904736, 88.0560973168308, 88.55349969402522, 89.35537279259873, 88.35768163534635, 88.632365273995, 88.98645327649794, 85.78115563501579, 85.14672295585305, 85.81502052580596, 84.31369739456835, 84.75618479052292, 85.88922846168357, 87.66785367076018, 87.7943127505325, 87.14397512564558, 87.1441780362217, 86.14795132795692, 85.73772708734995, 84.98406826740512, 84.18839048711607, 84.18839048711607
95.54, 96.52045311445966, 98.10149187677266, 98.58736413402947, 98.0329484017496, 98.15094038850012, 96.28756766024803, 97.24440235374514, 99.23361099300578, 93.61623987734009, 93.87352469063015, 93.31292563735151, 93.73112779865924, 92.63537784209613, 93.7146952062724, 95.61424307798016, 93.09081839409143, 93.75385925563093, 93.55260584161663, 91.71980085156164, 93.07923630384832, 91.940840651801, 90.0935087498045, 88.90726109401342, 90.43083503419699, 90.43083503419699
95.77, 93.24357069702297, 93.83017288320002, 92.7362155879118, 90.41956172747611, 89.63949095354636, 87.84107458114971, 88.30631538141861, 86.08863035737942, 85.9071101898669, 85.67588852209451, 86.30047875062229, 85.00796617836136, 85.81502052580596, 85.72953775470455, 84.75618479052292, 85.88922846168357, 86.1332260807596, 86.9783151971379, 85.8926009680988, 84.73326827916155, 84.32939815556858, 85.82486939312408, 84.98406826740512, 84.18839048711607, 84.18839048711607
96.27, 95.80885991955458, 96.44532477936156, 91.06386702738368, 89.64183198249124, 91.66326109799084, 90.81428720973753, 91.78914045957488, 91.58008110975013, 92.17830327680963, 91.03299880193728, 91.21310956658942, 90.12480043037219, 89.97947047035701, 90.68605765486936, 89.52689372365883, 88.92468652474054, 85.45633994837571, 85.37621218315523, 85.8926009680988, 86.59096147783417, 88.89633152019364, 88.4087697194963, 88.41492599510498, 88.67040489679854, 88.67040489679854
96.38, 96.31979481181348, 94.71097128808847, 94.99941559980101, 94.77104601357603, 90.93181170420493, 92.12441082672534, 90.43903723769613, 84.10845337987462, 85.25911298499855, 85.67588852209451, 86.70938247083637, 85.00796617836136, 85.81502052580596, 85.62825396611686, 86.46172075557756, 85.53920742976901, 85.00087504071081, 84.52382558249198, 85.8926009680988, 85.03733912007795, 85.71154553565302, 85.97326121067921, 85.03474851271277, 86.4526384292449, 86.4526384292449
97.57, 96.16773183163168, 98.55129241969516, 97.61091276593652, 98.48085928054886, 99.50891434797454, 92.91100057802232, 88.47933322833437, 90.53381953163905, 90.54885743748363, 89.32674094337933, 89.30844578074199, 89.41509702747453, 85.81502052580596, 86.65327111903949, 85.35323270026517, 85.88922846168357, 84.50371598688248, 86.12871895920857, 85.19997680794516, 85.76516744324744, 87.22346211913211, 85.7271281732094, 84.98406826740512, 85.59867450302114, 85.59867450302114
95.88, 85.86040729145893, 87.02024489351216, 85.68112224577713, 85.25147394837903, 85.54428851610174, 85.48961899980043, 85.4829156262004, 84.10845337987462, 85.25911298499855, 85.67588852209451, 84.17834927434514, 85.00796617836136, 85.81502052580596, 86.96280517858517, 86.66922575987984, 85.88922846168357, 87.67778268521145, 84.52382558249198, 85.8926009680988, 84.73326827916155, 86.52541040069289, 86.87050672741394, 86.87403365445591, 88.01974296703801, 88.01974296703801
95.61, 96.13817677220354, 91.3431012809293, 89.41950175890284, 88.26255179306423, 88.35070546220756, 85.03468629411239, 86.17430618117669, 84.10845337987462, 85.25911298499855, 85.67588852209451, 86.48810038084412, 85.00796617836136, 85.81502052580596, 84.31369739456835, 84.75618479052292, 85.88922846168357, 84.50371598688248, 84.52382558249198, 85.8926009680988, 86.42102533067853, 88.29680288258344, 87.11691218437466, 87.77076374798935, 89.82829882475214, 89.82829882475214
96.16, 92.8998201039524, 92.06533494367045, 92.8699195447562, 93.61433180639072, 94.1875747988777, 95.24901954625798, 95.5012680347909, 97.1803886111892, 94.2900755172923, 92.17175789855446, 90.44957222195575, 87.88353718088915, 87.10302545218566, 85.14422159977698, 85.69012447614651, 85.88922846168357, 84.50371598688248, 85.45322626262913, 85.8926009680988, 84.73326827916155, 84.32939815556858, 85.82486939312408, 87.40025803359286, 85.89940904715202, 85.89940904715202
96.15, 93.28226868552586, 90.10935258350753, 90.2152730494296, 89.17487328754054, 89.36058986218111, 90.60571548056659, 90.2893595148236, 85.716040398084, 85.25911298499855, 85.67588852209451, 86.74242381759146, 85.00796617836136, 85.81502052580596, 87.35589816919146, 89.21046834029309, 85.02806205950233, 86.58249522841056, 87.73574659579987, 86.75612633806846, 88.7409078030561, 88.8619323101886, 87.49320769155756, 87.76852699361062, 89.65136167344606, 89.65136167344606
95.57, 91.35300595144093, 90.62541276600463, 86.9470777383485, 86.75925825992843, 87.22584535025898, 85.48961899980043, 85.8880301426113, 85.7664628520338, 85.25911298499855, 86.25898615646592, 87.3532193786823, 85.00796617836136, 85.81502052580596, 84.31369739456835, 84.75618479052292, 85.88922846168357, 84.50371598688248, 85.82068186134697, 85.8926009680988, 84.73326827916155, 84.32939815556858, 85.82486939312408, 84.98406826740512, 84.18839048711607, 84.18839048711607
95.44, 95.98962884452126, 96.48146401166738, 96.29345350530036, 95.81148579271674, 98.39073045926513, 98.40633587325684, 95.6207083743644, 96.89057331198067, 97.56472751977823, 98.4243626081035, 98.86790088359936, 99.35352162801055, 92.70646653022354, 94.67614305828683, 93.3547702925227, 93.23973259480273, 93.3450584355858, 91.78734186903195, 88.76604840258211, 88.16133710309795, 88.89141653970694, 88.83937104866219, 84.98406826740512, 85.19657752800647, 85.19657752800647
96.91, 97.36068857471827, 98.77760468557462, 96.83975401108219, 92.94373902893722, 93.67188016435344, 89.31759165642839, 90.06386417676643, 89.82187993823862, 90.2905657064902, 90.28715762482155, 86.42935581272292, 87.69202350596566, 86.44202218270868, 84.31369739456835, 85.92164006152586, 85.88922846168357, 87.00710441692476, 84.52382558249198, 85.8926009680988, 87.4377717996639, 89.29403886249284, 86.91038535219762, 84.98406826740512, 85.87404206808719, 85.87404206808719
96.84, 93.53565356103397, 93.13138019179749, 92.68910757134465, 93.83900410430529, 93.12803258349386, 90.4538071563741, 91.12610871357649, 92.49800667566261, 92.45814153403626, 92.89616254804666, 95.0673662939035, 95.01247889987863, 93.84000541042954, 94.52857369261635, 94.88480972605792, 92.48558345384991, 91.98205056778932, 93.47887248683365, 93.12107795438, 95.04831599597702, 90.62738962318164, 86.68704897569982, 85.4398144689656, 84.18839048711607, 84.18839048711607
95.97, 96.3419443033581, 96.84537318364715, 96.1033070058547, 94.25352086335326, 96.67098782195906, 93.72685561054853, 92.7054634946958, 93.23007607173807, 89.03615581508815, 85.67588852209451, 84.17834927434514, 85.00796617836136, 85.81502052580596, 85.05902143997214, 84.75618479052292, 85.88922846168357, 84.50371598688248, 84.52382558249198, 85.8926009680988, 85.11874842647417, 85.7523279936351, 86.00139588791718, 85.24160176875733, 86.58765582746119, 86.58765582746119
95.96, 94.0408446372621, 92.33482911984666, 89.57319817005174, 85.25147394837903, 85.85044091033099, 85.48961899980043, 85.68598339327086, 86.3358593884648, 87.21809035770853, 86.6623031366625, 88.15798461764282, 87.51466391511978, 87.0845101647622, 84.31369739456835, 85.18531345989658, 85.88922846168357, 87.19566122314393, 88.70185812603773, 87.66492367411702, 85.89465541227797, 84.32939815556858, 85.82486939312408, 84.98406826740512, 85.48347110008483, 85.48347110008483
94.91, 93.18924832066651, 93.37878732360787, 93.63142814243758, 92.6765486044613, 93.28165073639246, 93.01407560674308, 92.59799589293739, 91.50158169013297, 92.03179179216662, 90.36725629655102, 91.18194028490088, 89.35986446997498, 90.04768023535671, 91.59512941353826, 89.57656977472921, 85.88922846168357, 84.50371598688248, 84.52382558249198, 85.8926009680988, 86.59673660597586, 84.32939815556858, 85.82486939312408, 86.60643019965207, 85.7877288618122, 85.7877288618122
94.75, 93.88062323569989, 95.44472741107076, 91.51613257356708, 89.40273278501762, 89.60144732152708, 89.36110394943712, 89.74223432456719, 88.52348328078743, 88.29592486363397, 86.32837600432651, 88.29599744975717, 88.44911312796522, 85.81502052580596, 84.31369739456835, 85.50400779805962, 85.88922846168357, 86.86015408508796, 87.64727914138824, 88.14028272057344, 87.39247704022304, 88.63673115950301, 85.82486939312408, 84.98406826740512, 84.18839048711607, 84.18839048711607
95.22, 96.5919237814386, 97.62760299975781, 96.22730078936029, 96.77292032831777, 97.22601095858246, 95.28146528304656, 95.11508855617514, 93.13153987389454, 92.51207490618043, 93.44670599820496, 94.24985472428723, 91.10773649836878, 90.11024985452669, 90.3128311385894, 90.08132548427429, 90.37428620426151, 90.86255499349632, 89.31176263069656, 88.533055540079, 89.32536127403618, 87.6720375460958, 85.24075887368237, 84.98406826740512, 86.00980317634556, 86.00980317634556
96.21, 95.47939730271973, 97.57832910272998, 96.13635323802546, 94.05761632166833, 93.58426479902658, 93.87775587121529, 91.19046886286344, 91.28030981994131, 89.78813412367333, 90.10809487337121, 87.75396600076236, 87.16753443342074, 85.65879338765934, 86.08030455654881, 86.15765874865825, 86.31278544886472, 85.84860731928276, 85.68717463997157, 85.842461503626, 84.73326827916155, 84.32939815556858, 85.82486939312408, 84.98406826740512, 84.18839048711607, 84.18839048711607
96.97, 97.64384576363535, 100.23528758389206, 100.1989833630008, 99.84075177434424, 99.85841036985258, 100.41121772316693, 98.89635945984786, 96.27557951322522, 92.10280085588553, 92.90729218282239, 94.3476756843664, 94.71419268020054, 93.49132165573634, 93.80242552326878, 92.99787617076052, 91.99288195636262, 92.77948220328015, 85.9851241979129, 85.8926009680988, 85.88777765706148, 86.4599749920477, 85.82486939312408, 84.98406826740512, 84.18839048711607, 84.18839048711607
95.58, 95.21250232884626, 96.90646496312743, 94.76357586244947, 93.79156742672795, 91.75299441655211, 92.18300000980814, 92.48638411803913, 92.24935498460252, 89.48707233049453, 90.27948116753359, 90.48926504856077, 87.72368003108095, 85.81502052580596, 86.59376068061971, 86.56489503626953, 85.21146048878816, 84.50371598688248, 84.52382558249198, 85.8926009680988, 84.73326827916155, 87.01101853658398, 85.82486939312408, 86.85424967195128, 88.48958373961919, 88.48958373961919
96.1, 94.20963509412665, 95.74985253753904, 85.68112224577713, 85.25147394837903, 84.10957757803895, 85.48961899980043, 85.5431306547962, 87.0027515246577, 85.25911298499855, 85.67588852209451, 87.26935069794084, 87.91325225975899, 85.0491057933879, 84.31369739456835, 84.75618479052292, 85.88922846168357, 87.97813409948407, 89.14808338925005, 87.04513599835187, 84.73326827916155, 86.01988300842918, 85.79297010377319, 84.98406826740512, 84.18839048711607, 84.18839048711607
95.93, 94.49484167608344, 95.46337807850657, 95.68449724917883, 96.37813129568265, 96.97459407179507, 95.96029174579147, 96.00439984086017, 97.19144107668173, 94.85332873789254, 94.5368112040787, 89.60157987690543, 89.0026176939135, 88.84293846060072, 90.9978132488359, 86.8408237977311, 85.64984916294244, 85.1492166166039, 84.52382558249198, 85.8926009680988, 86.89205883422454, 84.32939815556858, 85.82486939312408, 86.3395061537576, 87.27443470920137, 87.27443470920137
95.9, 96.93475379321963, 97.7044341812907, 92.9582550568541, 88.10131989230487, 90.2060886268135, 89.18412524410822, 89.40108380766546, 90.73241205847815, 89.6294577398201, 88.54302727764768, 88.61896763596333, 87.63474954204801, 86.99454013212764, 87.89555613386301, 88.22873044935164, 88.05555942957658, 85.5703034871897, 84.52382558249198, 85.8926009680988, 84.73326827916155, 84.32939815556858, 85.06238503063781, 84.98406826740512, 85.47937713092188, 85.47937713092188
96.3, 95.15477289674538, 91.87109039498672, 88.52566323158942, 88.75116537033101, 84.10957757803895, 85.48961899980043, 85.4829156262004, 86.18051410965298, 85.25911298499855, 86.18874105044819, 84.17834927434514, 85.00796617836136, 85.81502052580596, 86.11309965136486, 86.21844941578135, 85.88922846168357, 84.50371598688248, 84.52382558249198, 85.08698176984137, 86.53356818296193, 85.46740392793568, 85.82486939312408, 84.98406826740512, 87.30203125189607, 87.30203125189607
96.61, 93.81098390900807, 95.2958196699249, 92.81874090678903, 90.9103308167298, 87.57141619631828, 85.01287272912543, 85.4829156262004, 87.82016392714135, 88.14379189687371, 85.67588852209451, 86.62064876256453, 85.62090145304307, 85.81502052580596, 86.12070882507774, 86.65804863607143, 85.88927630522356, 84.50371598688248, 85.17834917724646, 85.8926009680988, 86.23931498263698, 88.07076521502272, 86.02765847134638, 86.64696402187421, 87.99240935079138, 87.99240935079138
96.58, 93.7209861405306, 92.17210935850044, 89.81463885681255, 87.64493069635346, 85.79203554989316, 85.48961899980043, 85.4829156262004, 85.83090309954855, 86.66489819010548, 85.67588852209451, 85.18363522966288, 86.08844119481526, 85.39283659614786, 85.70312279630788, 87.32724538508107, 85.88922846168357, 84.50371598688248, 85.31330259215277, 85.8926009680988, 85.95729841142122, 84.32939815556858, 85.82486939312408, 84.98406826740512, 84.18839048711607, 84.18839048711607
95.43, 95.53169093183128, 97.6922763813464, 95.86971081874073, 94.73222146466287, 92.47772990981672, 89.86460387900898, 90.24135090671756, 91.97752509183252, 88.63331127160785, 87.68269181204599, 85.67466455733046, 85.69305940162305, 85.81502052580596, 85.5441020174219, 85.50175150856853, 85.99947088723306, 86.72913857808291, 87.29087990519173, 87.77827841017094, 88.9068280835679, 89.07336952832408, 86.41454418086299, 87.5191526853957, 87.66282228656344, 87.66282228656344
95.78, 94.16861492773658, 94.1163727158319, 91.51584780445191, 88.51469369622374, 90.4644943626721, 89.07353034615294, 88.50311795074407, 87.61724734303024, 86.71013048037531, 85.00478458395816, 87.11658645828678, 85.00796617836136, 85.5709844091319, 86.69449761154708, 88.01238479824664, 87.14678179409624, 88.05146284242643, 88.74353761004198, 86.20439142757809, 84.73326827916155, 84.32939815556858, 85.82486939312408, 84.98406826740512, 86.74972619660959, 86.74972619660959
95.66, 90.11450286642656, 91.30053390104023, 88.58718876629874, 88.76808615777955, 89.1295634413141, 88.08635785364066, 87.05296018686631, 88.32529661330973, 85.80728911775812, 86.36734501831796, 88.2096644794473, 86.86129709460704, 85.76878924770621, 85.89227403215696, 84.75618479052292, 85.88922846168357, 84.50371598688248, 86.35975068109556, 85.8926009680988, 85.21186339216156, 84.32939815556858, 85.82486939312408, 86.79546206863, 88.44061256179543, 88.44061256179543
96.16, 96.45019856397376, 98.76037113497725, 98.59477050307798, 98.77144741836123, 98.2482092907096, 98.27671596380114, 99.18536755196044, 99.98339132452408, 99.4576493602023, 97.84459326651574, 98.73548044435246, 99.36291818734303, 97.84972489200437, 96.24977795166066, 96.59147064793689, 95.61179513711262, 95.54992760514511, 95.51720612071054, 92.0387353570097, 93.69256198936814, 94.55442952004003, 95.02466342134639, 95.84296058382176, 92.32638961784876, 92.32638961784876
96.48, 96.28494080654933, 94.34635681955807, 91.64535812591551, 88.45908057950871, 88.91759171650074, 88.30819906885151, 85.58498717079118, 84.10845337987462, 85.25911298499855, 85.95405540198544, 84.17834927434514, 85.00796617836136, 85.81502052580596, 87.14424123601853, 87.62135146240684, 86.86722053136491, 87.05441673743344, 87.30250784712202, 86.93808479409957, 84.73326827916155, 84.32939815556858, 85.82486939312408, 84.98406826740512, 85.48826360606694, 85.48826360606694
95.36, 96.72524758624868, 96.36076308903293, 96.65702272187247, 95.33078902220763, 97.10145097198176, 97.8791893379606, 96.2956699941174, 97.28969018191675, 98.1237093372383, 98.44652501532791, 92.18148426623351, 89.98272610778687, 87.4179470834092, 89.0233244509749, 88.236959710686, 86.92973165395884, 86.94935620264293, 84.52382558249198, 85.8926009680988, 84.73326827916155, 86.28272494587526, 86.9942036799966, 84.98406826740512, 86.43860382864182, 86.43860382864182
94.3, 93.59666051145335, 94.13165240839001, 88.09986662818928, 86.86183937264524, 88.40999667479029, 85.48961899980043, 85.4829156262004, 87.07532491071461, 87.67289358352014, 87.51794514317324, 86.68664461182301, 86.24642922231541, 85.81502052580596, 84.31369739456835, 84.75618479052292, 85.88922846168357, 85.25335057937485, 84.52382558249198, 85.8926009680988, 87.63085528692714, 89.1484747180566, 89.57676011399475, 88.27680506882754, 88.17966252749602, 88.17966252749602
95.7, 90.36542043204835, 89.94057154930807, 88.224238128578, 86.4768934999194, 85.31102725443779, 85.95283447893016, 85.35006490579795, 84.10845337987462, 85.25911298499855, 85.67588852209451, 87.3514024062659, 86.69574756898385, 85.19721066604984, 84.31369739456835, 85.95782355680164, 85.88922846168357, 87.05847295560285, 87.3524733675817, 87.06531735739287, 87.96389854283123, 87.08661392271178, 86.3520051380144, 86.08306650018105, 86.38234490592725, 86.38234490592725
96.59, 97.44980247900747, 98.44793038911946, 98.91920924636875, 98.66126137625683, 100.16846040627101, 92.53812498661507, 90.70841405132356, 90.20364924288198, 89.37317489936453, 88.11248584095651, 86.5298219321237, 88.18382693705108, 88.72782608754675, 89.35775848190828, 90.56241855487387, 91.19729356736937, 87.43239836849146, 88.78823446271987, 88.51214196442095, 87.98371635210465, 86.2568431830386, 86.3728533745849, 87.7166970913681, 88.60619586058982, 88.60619586058982
95.71, 96.26912069533063, 94.14233936495697, 94.63778508150773, 93.89329588096936, 95.72598236931144, 94.36955482116285, 92.79312008542273, 94.70838630372721, 95.4301920821148, 94.20961166770769, 93.74039306009685, 92.68488933799566, 91.20197388172278, 90.98155667637924, 92.77479686586555, 91.80886624820637, 91.30682814221332, 92.67534086422758, 91.35399051020147, 92.9300905363495, 91.47885761504307, 90.96071028231707, 90.26147017085047, 87.96850793133814, 87.96850793133814
95.43, 96.40473431914666, 91.28498356475271, 92.10607009772308, 88.12044002125383, 85.02708591412859, 85.67781110703426, 85.4829156262004, 87.3204126814836, 86.16872016190497, 85.33961102076377, 86.25895928539028, 85.352992454075, 85.81502052580596, 87.60408744810938, 86.84163327211184, 86.29092143611406, 86.65072841976112, 88.33031299752696, 85.8926009680988, 86.74048284688654, 87.76597247394177, 87.57168235173216, 87.76801664540531, 88.73305263958909, 88.73305263958909
94.86, 95.83597075597349, 95.69910292141677, 94.76709638732386, 92.66781472630446, 92.58783956284499, 92.3730228976707, 92.50737822903086, 88.20032671689816, 85.25911298499855, 85.67588852209451, 87.01014781146405, 86.65594179851648, 85.90115100744474, 88.17717681183937, 87.11120447471927, 85.88922846168357, 84.50371598688248, 84.52382558249198, 85.8926009680988, 84.73326827916155, 84.32939815556858, 85.0649825561751, 86.12366853632435, 86.89233312286017, 86.89233312286017
95.69, 94.75724627798485, 94.54413450120639, 87.76585631909508, 87.46072953304072, 89.25182597125156, 89.05905315508767, 87.72895701456223, 89.25847578319755, 89.33862806207836, 89.1852140875394, 91.06918309794297, 92.33536030085781, 90.49500163672658, 91.80963015923818, 92.57978219078402, 91.64584992734308, 91.67437960772929, 90.24902266816046, 90.34748358113578, 91.90316667869259, 86.60757921957841, 85.97127025715594, 84.98406826740512, 84.18839048711607, 84.18839048711607
97.18, 96.72199956198716, 96.61981115633985, 97.00807503852901, 98.20603948406608, 99.24002502607927, 97.50799138608738, 97.84119386441947, 100.32211785652034, 99.04375669006377, 98.9176656856104, 100.69414126190496, 101.20863631383158, 98.95678578522656, 97.05789930978834, 93.09280963016082, 92.86385309958767, 93.41898235544065, 89.31585979976838, 89.27003113683833, 90.63988010168909, 90.24615265526944, 90.43979137817036, 91.71686463533682, 89.38334039079284, 89.38334039079284
96.36, 96.92774457704407, 98.59788113158855, 97.43581521959331, 98.21149186157714, 100.36152110708106, 101.06175375367333, 100.20896898134167, 100.61663449438707, 98.85746714102558, 98.89608085302565, 98.24675262414459, 98.75311511521858, 95.56692116210769, 95.71876402603642, 96.3199957588295, 96.80335666634025, 97.93358743724325, 99.28427711764654, 99.06802028284666, 100.01962798479641, 97.59160417217066, 97.21420817887704, 95.64558794743306, 94.59075361505582, 94.59075361505582
96.04, 92.66848945969228, 93.33159420024788, 91.18857741092815, 90.67791095248111, 88.42653521481955, 89.36890359268963, 88.3434613442286, 90.5308986027921, 89.62399607565789, 90.25046122534266, 91.63668991654583, 90.96799484566806, 89.65705644668304, 91.184266896023, 91.19473979729882, 90.61127790743848, 91.57136515670985, 90.89760488662796, 89.74388752061596, 89.81202787949235, 90.78578873216419, 86.54600058012564, 88.03345507093692, 90.04671446235804, 90.04671446235804
95.82, 96.329944548836, 97.88358446702595, 97.8983858932743, 99.23054775294219, 100.59082261743507, 99.37951374605612, 98.14494314597583, 98.31401657327997, 95.22543161735287, 89.33953351940141, 87.86315635499167, 89.1001581437171, 89.08822139074086, 88.64414502994241, 89.3752014991493, 89.01677694584421, 90.66226093673028, 89.05258332230927, 87.82199199773939, 86.80052771335497, 88.42939138891458, 87.80597624321994, 87.77393570288771, 88.7094485641366, 88.7094485641366
97.04, 98.12527284545067, 99.23307818707596, 98.43681983066483, 95.23020064869446, 97.03765632116796, 95.36938538808135, 96.01901203904677, 90.23974989639213, 89.07859540704945, 87.16005754650747, 84.17834927434514, 85.00796617836136, 85.81502052580596, 84.31369739456835, 84.75618479052292, 85.88922846168357, 84.50371598688248, 86.62148642320096, 85.8926009680988, 85.69157704843609, 86.2438184110217, 85.82486939312408, 84.98406826740512, 84.18839048711607, 84.18839048711607
95.28, 94.81465679222497, 96.64379523694477, 96.41703690858571, 93.07375264875002, 95.19614835008841, 94.58061647353635, 93.14109478898027, 94.14436046903838, 94.94817724251439, 94.85466684993432, 94.54713983932984, 92.48084211817029, 90.71227814187989, 92.25868234994793, 93.67378697931284, 93.00197434082166, 92.32402268237728, 91.98578616826367, 90.45528399375976, 91.45566586557301, 91.54483021370388, 87.99811839452292, 89.35332171393348, 91.71272855094502, 91.71272855094502
95.24, 95.64655427070541, 97.46963024752375, 97.33650149475865, 96.7666151816074, 95.77599619338648, 95.07309616905465, 92.18369636723698, 91.14821123315497, 87.67667636819552, 87.73637764199518, 89.50348690044187, 90.19094998198939, 91.06156985471657, 87.06385693654903, 87.99818832009376, 85.88922846168357, 85.57708732686011, 87.02157854926581, 85.18045937637581, 86.2720142918523, 88.3541490795449, 87.87381238697455, 89.50594581775702, 85.39305741363496, 85.39305741363496
96.18, 93.56842685929443, 95.33112599940463, 94.81157495764867, 89.03744952381378, 88.67345671315357, 85.48494116693146, 85.75419208747972, 86.04050218639406, 85.64844280831065, 85.67588852209451, 87.37946483210057, 86.3637014246388, 85.81502052580596, 85.83141318523806, 87.44402946322653, 85.83560819837288, 84.50371598688248, 84.52382558249198, 85.8926009680988, 86.03796196104351, 85.23473332029435, 85.82486939312408, 85.58199072988091, 87.05003170475577, 87.05003170475577
97.48, 91.6373589456493, 92.82706024897766, 89.92326664645037, 88.3662879848024, 87.46299253952395, 86.44653879445787, 86.03618030655544, 86.69465247296186, 85.25911298499855, 85.67588852209451, 85.62665176994824, 86.41181670720272, 85.81502052580596, 88.08403393728479, 89.4674037683601, 86.62232268029506, 85.44487178070636, 87.14832025428386, 85.8926009680988, 84.73326827916155, 85.80986241764032, 85.14911086682157, 85.49214199320589, 84.18839048711607, 84.18839048711607
95.74, 94.68981605091261, 96.39238517678395, 95.49821094663712, 95.88324569041926, 97.27568485062385, 97.08897429935931, 95.61957706872762, 95.54345210779293, 93.92966991298759, 92.8961476684482, 90.17387004566531, 90.13285089121548, 90.90314131860066, 90.18851190487044, 91.21183922496044, 87.43533555565394, 89.48806720934134, 91.07261225466905, 85.8926009680988, 85.59830346534851, 87.28086977078502, 85.82486939312408, 84.98406826740512, 84.18839048711607, 84.18839048711607
95.3, 95.09836735457263, 94.85465548238022, 94.17835017271247, 92.52163987579543, 94.07061858517218, 89.73018920374199, 90.69107391953767, 88.17852682096407, 88.12847781026495, 85.25677687218081, 84.17834927434514, 85.00796617836136, 85.81502052580596, 87.00531089143864, 88.26314338688145, 88.10449831580935, 88.80680251409507, 89.76189879395787, 88.37861465628497, 89.65287147739602, 89.0069869814757, 87.80610670860287, 88.82817565361277, 89.0047665518474, 89.0047665518474
95.81, 97.10169359140625, 97.21425790892937, 98.0858482956048, 98.96504393121207, 100.36961574378768, 98.40741017110116, 97.29272843683002, 95.19741249037298, 93.21602359084225, 89.51184763112788, 91.29006249179739, 89.96625829516526, 90.69523704444399, 90.87078084280452, 92.52946692244396, 92.32911973766988, 90.69768927897805, 89.82227489326944, 90.4427854616298, 90.84066862228062, 89.54661509863179, 90.06996742971423, 89.57443581526795, 90.36961192316072, 90.36961192316072
95.49, 96.53843737721134, 96.93085657437945, 96.62044240252013, 97.45606910189622, 91.61095956590367, 91.97631865098712, 89.0622419785051, 91.34895252970165, 90.79042782357239, 90.50634066393533, 90.1390715141685, 90.87768423504822, 91.3755404741497, 88.99613855837356, 88.82974627656154, 85.88922846168357, 86.68679391051651, 87.33763849997115, 86.72831366286394, 84.73326827916155, 84.32939815556858, 85.82486939312408, 84.98406826740512, 84.18839048711607, 84.18839048711607
95.39, 90.37640128827763, 89.2691342334014, 87.69399866371876, 87.65175813863567, 89.95227527917048, 86.83936176181382, 86.86193670158093, 87.38775424457933, 85.25911298499855, 85.67588852209451, 86.89476322401686, 86.9807184391003, 87.24315610722232, 86.37031341788395, 86.3352682131995, 87.00049559266117, 88.27638077510693, 88.29874950756745, 87.80989953245397, 87.26027403062302, 89.51208608906369, 90.05532670104944, 90.92285464540076, 91.49252495731815, 91.49252495731815
95.74, 97.30620934916517, 94.72448809556363, 94.79177380014534, 96.30230410268793, 98.03534067251783, 96.45254201594751, 95.44916278386324, 97.65332343950654, 96.77012796782961, 94.62581660238294, 97.12808838035642, 92.77044071849552, 93.38626583877604, 90.91171059060115, 91.64744064805394, 92.29066036625937, 91.72898454745265, 91.49576949856356, 88.41193434974574, 88.56687707797843, 90.04192498390236, 90.70804446986178, 89.3545205183117, 90.42013541419598, 90.42013541419598
95.71, 94.20975362530687, 94.5109738238377, 92.82988125781266, 92.3025866666735, 93.39784709182545, 92.11193975621772, 91.68487279022534, 93.19917084135113, 89.53190558515634, 86.91517598606352, 85.96899526530804, 85.503566592782, 85.44586715299691, 87.23773765864794, 86.93649317892513, 85.99644348781236, 87.46974123733311, 89.27645202186545, 89.5502728522963, 89.5024487912716, 88.74718746488782, 86.14170748925821, 85.37494848018007, 86.10961251017568, 86.10961251017568
95.77, 96.54293488124343, 98.48578547973875, 97.818104461008, 96.96590092449168, 98.63421588049194, 99.16333448098642, 96.57237275881367, 96.80246560313445, 96.87761901329974, 91.31479099939804, 89.69515915198645, 87.32193349210246, 85.81784939954687, 86.0605232455318, 87.0077784751326, 86.35067469205603, 85.70660675252765, 86.31186720926944, 86.79893669287502, 87.86775437670315, 84.32939815556858, 85.82486939312408, 85.41721346889706, 84.18839048711607, 84.18839048711607
96.58, 94.9772251872551, 93.96997977853428, 90.65546624233365, 90.46681304691263, 88.90037349581121, 88.78634036951988, 89.23378659148634, 90.44561915230524, 85.40288646173327, 85.67588852209451, 88.06765707155466, 85.11206449944251, 85.81502052580596, 86.87218792282333, 87.33432634169371, 87.16662600160069, 85.97822296220929, 86.67752462696974, 85.29652224054144, 87.25271877708172, 87.5801683445866, 85.82486939312408, 84.98406826740512, 86.4919298619298, 86.4919298619298
95.11, 93.28064086598084, 92.87959565673657, 91.67737233036031, 89.18361862152963, 86.58460539590105, 87.06919069751643, 85.4829156262004, 86.50521574010257, 85.68230704623844, 85.67588852209451, 87.83034809087152, 85.55677279210842, 85.81502052580596, 85.91800954246656, 84.75618479052292, 85.88922846168357, 86.24320323186657, 85.26774474159859, 85.8926009680988, 86.8647277753595, 88.40815108396076, 87.5015408536901, 84.98406826740512, 84.18839048711607, 84.18839048711607
95.77, 85.0, 84.18163231585689, 85.68112224577713, 85.25147394837903, 84.10957757803895, 85.48961899980043, 85.4829156262004, 87.80145463854049, 86.47437667396011, 87.39591352393985, 88.76405157504172, 89.7406494436985, 89.33771194300795, 91.01494352541573, 91.71966502680687, 90.89633650528792, 92.84961509620466, 94.66710227796825, 92.77172171124303, 93.74931341360168, 93.17339893616008, 89.51237971366012, 90.58961720529189, 88.07958034424833, 88.07958034424833
95.29, 95.89856153821985, 96.58292095766701, 96.77197906413213, 95.22594059970693, 93.49769353306186, 87.78550475978294, 87.03660280389985, 87.46279027154465, 88.14660344343505, 87.04914379269859, 88.74957849781275, 90.1650907016319, 85.94936414379009, 84.31369739456835, 84.75618479052292, 85.88922846168357, 85.84111367829856, 84.52382558249198, 85.8926009680988, 84.73326827916155, 86.37128164964578, 86.78021071796654, 86.99134353096058, 85.63381444458756, 85.63381444458756
95.96, 97.5992378856284, 97.9731467588913, 95.5643594887223, 87.86209615373281, 87.1241987745118, 85.48961899980043, 86.19422484940434, 88.30421046530076, 88.04243489303163, 88.72382713514723, 89.5887940183238, 86.54215600340314, 86.85399860030348, 88.1625573978287, 84.75618479052292, 85.88922846168357, 84.50371598688248, 85.870551161474, 85.8926009680988, 87.49883919777147, 87.46034975796161, 87.595005877427, 88.49220431829467, 90.59382647799909, 90.59382647799909
96.16, 95.14439368668907, 96.79433416790005, 96.60504923048633, 97.70312950048432, 95.90920302296553, 95.2963221547279, 95.9869614290028, 97.9582450961659, 96.31887892355353, 92.47987999367959, 94.1018860934501, 95.74690937710669, 96.03616004653819, 96.06088513896998, 91.70191034950268, 92.07764350092818, 93.7828375535237, 94.91117583045329, 91.89184638336485, 93.41509479008498, 94.14911204884567, 93.80568264660894, 94.99799958417667, 95.36960520391854, 95.36960520391854
95.81, 94.50700293327945, 95.68068736315983, 96.44730811664482, 96.32480303487418, 97.17376679067469, 92.555650539894, 93.14883334775637, 91.56807653853265, 91.75531768353481, 91.01448036804423, 91.24238577553038, 90.88228427913697, 89.01146642483116, 88.5858003762441, 87.93176976443428, 85.88922846168357, 84.50371598688248, 84.52382558249198, 85.8926009680988, 86.791657763131, 88.12580637728145, 88.63112979288529, 88.56531412272511, 85.69004684390896, 85.69004684390896
96.77, 97.12489844117715, 97.97269683177421, 92.68902675698706, 93.10305503148436, 94.89453359321902, 93.68969506868169, 90.29878659689865, 90.35057625683572, 88.86639476146065, 86.08369448305355, 85.68358785851512, 85.00796617836136, 85.81502052580596, 86.68645411863702, 87.94171415896061, 85.3669379433041, 86.48071485060437, 84.52382558249198, 85.8926009680988, 84.73326827916155, 86.4984464083531, 85.82486939312408, 84.98406826740512, 86.59473225208387, 86.59473225208387
95.31, 95.17899146262144, 95.12023302645369, 89.31091141240564, 88.4195862855456, 87.93975419065859, 86.79129412100019, 86.52879650827073, 87.66774240552155, 85.57006302215947, 85.14841463833638, 86.18622885683311, 87.07874009676591, 85.81502052580596, 85.02090011072198, 84.75618479052292, 85.88922846168357, 84.50371598688248, 84.52382558249198, 85.2004719801548, 84.73326827916155, 86.22901255291156, 85.82486939312408, 84.98406826740512, 84.18839048711607, 84.18839048711607
96.14, 95.81540469367816, 95.64055767061767, 93.66954484751217, 92.56319230108716, 89.42101719752083, 86.17092232442886, 86.24563432286931, 86.58881515698067, 86.1440682730739, 85.67588852209451, 84.17834927434514, 85.79646009392093, 86.19020903207404, 88.29515937004068, 85.79648284360754, 85.88922846168357, 84.50371598688248, 86.03926041865584, 85.06489615360219, 84.73326827916155, 85.25991021170002, 85.73167153285264, 84.98406826740512, 86.58073414223973, 86.58073414223973
95.58, 97.2148582451741, 97.32770424250499, 96.54255857430041, 97.36579304314182, 98.33407118818248, 97.91786388424617, 98.21422117803944, 91.60784321070892, 88.38694796610942, 87.21923070957853, 87.91024019653128, 85.00796617836136, 85.81502052580596, 86.68367657062441, 88.23537666348655, 87.80484110629604, 89.7052694527583, 91.52263992692704, 90.00041693770038, 91.71255168489516, 90.94132173138482, 88.66260439149941, 89.80944409576979, 86.64803824484612, 86.64803824484612
96.33, 97.35773524573153, 99.05313132127056, 94.7399109724651, 92.65465495535949, 93.49973470402445, 92.38503932322762, 86.15653673767054, 87.95429974787268, 88.90104572048861, 87.73430090243713, 86.45273873749424, 87.24085782940175, 87.71941414414749, 88.23095282877553, 88.2141819222463, 88.97317250168956, 89.15921771605872, 90.88260050588202, 89.76009725231246, 89.06646790556316, 90.94385168319627, 87.53348067059464, 88.40909231255858, 88.73938604839364, 88.73938604839364
97.76, 95.22970741741418, 97.1701973315401, 96.70604407389297, 97.40581152594073, 99.55196970950914, 99.13241193249505, 99.14744973398315, 100.20840124050352, 101.35120599620487, 102.21156223686043, 103.00488263129814, 101.62308863192543, 100.40665363360316, 100.36028286030663, 98.14827849099322, 95.24463768831666, 95.15762715191528, 96.89979127756243, 95.23121893990107, 96.3352515143667, 97.59207568158128, 98.14832500204199, 98.68459974486808, 100.89413791413477, 100.89413791413477
96.4, 96.84112632321558, 98.96805475104222, 97.71399984324475, 96.60814034551628, 96.85207783138955, 96.49075141525361, 97.619019278428, 95.02318761621645, 96.04631938129158, 96.00362263429203, 97.27306169174996, 95.75071067582762, 93.86150096520778, 91.22491962384312, 90.239109062195, 89.08416627590202, 85.77994950837358, 86.28434389292524, 85.91510750814778, 85.62887239832922, 84.32939815556858, 85.82486939312408, 85.9954597766172, 84.18839048711607, 84.18839048711607
96.12, 97.11591078254169, 96.10668877115837, 95.9486840412123, 95.52084039787157, 97.26835227987345, 97.92933471632466, 96.67304794465893, 97.50235864587299, 98.00407611636615, 98.90900991606624, 100.48504323150391, 98.03853704720832, 96.60503374607151, 94.52193007417881, 86.71524945709955, 85.74669854172699, 87.27974543269387, 88.07517778572364, 88.28150068628, 88.75980414220254, 88.89183974266676, 86.46649686919582, 87.63735669511347, 87.9711002844241, 87.9711002844241
95.87, 94.32130150064815, 92.89860803412559, 89.47044919177999, 87.75279666641805, 88.42360015175389, 89.36753285657286, 89.85249301237369, 89.11483169748426, 89.39201265366142, 88.93230627996674, 89.4222887900747, 90.55458879259231, 88.82308326477559, 89.71199347297633, 88.88259336565335, 89.30956381728977, 90.00131566997928, 89.84774087088975, 90.06068710711105, 89.69973979247298, 90.38894229939257, 88.69696713154875, 86.3025773427496, 88.26062516727272, 88.26062516727272
95.85, 96.84392808930997, 97.48986201704375, 96.30988859797625, 91.6786325304442, 84.10957757803895, 85.48961899980043, 85.4829156262004, 84.10845337987462, 85.25911298499855, 85.67588852209451, 87.39182840814124, 85.00796617836136, 85.81502052580596, 86.9910048768726, 87.5800828092624, 87.6011547354914, 89.23869133404146, 90.55019647733538, 86.53843047682479, 85.42113735372288, 86.70311078731147, 87.06504610775661, 85.69065972198784, 84.18839048711607, 84.18839048711607
96.3, 97.32149456242156, 99.19191670741856, 98.73401692684543, 97.95168064981834, 96.75441968078407, 96.17697023293908, 94.70272241039484, 94.2172084578127, 87.43899270649429, 85.67588852209451, 86.18166650567814, 85.00796617836136, 85.81502052580596, 84.31369739456835, 84.75618479052292, 85.88922846168357, 84.50371598688248, 84.52382558249198, 85.8926009680988, 84.73326827916155, 85.8800378157061, 85.04756409951457, 84.98406826740512, 84.18839048711607, 84.18839048711607
95.91, 95.29163853828554, 94.83134382546393, 94.73819169391611, 94.83660635585217, 96.1676005057252, 91.56847782064715, 92.07484804196817, 93.03817779266784, 91.96252020535229, 92.33597530623986, 90.02554109482287, 90.95781554472445, 85.11439622241828, 86.86058608858878, 86.18514222742927, 85.88922846168357, 84.50371598688248, 84.52382558249198, 85.8926009680988, 84.73326827916155, 84.32939815556858, 85.82486939312408, 84.98406826740512, 86.892025021215, 86.892025021215
96.93, 91.30140952306765, 92.5555862067848, 91.82080796485093, 85.92304494369799, 86.78946934871666, 85.48961899980043, 85.4829156262004, 85.3939172680824, 85.25911298499855, 85.36197610027784, 85.54648490977365, 86.9399777042048, 85.12383477383811, 84.31369739456835, 85.05611622771158, 85.88922846168357, 86.95527810711613, 87.65475297774488, 87.7949181465363, 85.06136188116805, 86.46158270790124, 85.82486939312408, 84.98406826740512, 85.13718376419423, 85.13718376419423
96.71, 97.1219614695757, 98.65133165452784, 96.8312131317026, 98.23512546627201, 97.93480736183174, 95.19705118244177, 94.91169322701107, 95.3524390088419, 92.86840068670593, 93.49983500332762, 92.1514771311417, 89.7851316319784, 87.37949032284973, 84.31369739456835, 84.75618479052292, 85.28594223758824, 85.71732234739225, 85.07871671597871, 85.8926009680988, 85.11154352413952, 84.32939815556858, 85.82486939312408, 86.21404267965136, 88.40319191799327, 88.40319191799327
96.62, 97.66686025158538, 98.23370143036577, 95.18292973660937, 93.92242390666048, 91.67917473813331, 90.12258944016182, 87.18382699430323, 88.15965018079315, 87.6729437219487, 87.49776238867976, 87.73137168677839, 85.00796617836136, 85.81502052580596, 86.65107216278919, 84.75618479052292, 85.88922846168357, 87.52288265110425, 89.17461408790241, 87.80506198929861, 85.22747943418484, 84.32939815556858, 85.82486939312408, 84.98406826740512, 84.18839048711607, 84.18839048711607
96.19, 94.52952491269788, 93.92890752955316, 94.69431338752301, 94.8755816181871, 90.19289296966, 87.11842873106013, 85.4829156262004, 86.79924562011077, 85.25911298499855, 85.67588852209451, 84.17834927434514, 85.00796617836136, 85.81502052580596, 84.31369739456835, 85.34722578011734, 85.85305927830585, 87.50041569736993, 86.67325351354064, 86.29491827203456, 85.4079617659005, 87.55764481016074, 87.55391854765442, 87.5645137098444, 84.18839048711607, 84.18839048711607
94.9, 91.2615389606084, 91.78780827051573, 91.25853648594165, 85.25147394837903, 86.48083575260996, 85.824065538414, 86.79400513374041, 88.05622525950221, 85.65146283656735, 85.67588852209451, 86.43366674624104, 85.82244172409759, 85.81502052580596, 86.71329952520247, 86.79683742984942, 85.88922846168357, 84.50371598688248, 85.54113481584032, 86.22785195597527, 87.49718489962069, 88.3060180403825, 88.412096899768, 89.2660076515978, 87.71708563325275, 87.71708563325275
96.49, 97.48716164995592, 99.63808744430848, 96.82711702766416, 96.96337396729058, 96.76750235205411, 93.55990655822828, 90.89672928415466, 91.77789976373305, 92.25298247129834, 91.5542257349397, 89.81926852690029, 86.58003888263124, 85.81502052580596, 84.31369739456835, 85.28568067018617, 85.34747640530615, 87.110395742567, 84.52382558249198, 85.8926009680988, 85.8983247320698, 84.32939815556858, 85.82486939312408, 84.98406826740512, 85.70534079572772, 85.70534079572772
95.17, 96.40354659220537, 98.65842202890563, 97.8899624896417, 98.57420979713709, 97.92404090928666, 98.1408100919189, 95.27790488768032, 97.21223143396254, 96.73735348354705, 97.28112503892153, 97.66135843944423, 95.96128592562576, 96.15826570854486, 94.84997718188359, 96.25943072013875, 95.20154018931049, 96.11444610974202, 95.93470601817941, 92.94342511817263, 93.81063908477542, 93.32321340832173, 93.18649645692619, 91.19131821545497, 91.37244766220817, 91.37244766220817
96.34, 95.72825230292099, 93.98160472039434, 91.47678864078125, 91.92955578485675, 90.43127185971692, 91.06239312116875, 89.92709460769419, 91.30691135967763, 92.08298960589009, 91.2518801854248, 88.8887386759103, 90.12682079228212, 85.6283460173898, 84.31369739456835, 85.00710557533343, 85.88922846168357, 85.34995542646692, 84.52382558249198, 85.8926009680988, 85.73645426233037, 84.32939815556858, 85.82486939312408, 84.98406826740512, 85.7929842442088, 85.7929842442088
95.58, 95.38718638569071, 90.51145905776254, 89.95135995798093, 91.29753421432505, 92.08642165247896, 90.27447426690728, 87.6335232429907, 87.15874827296301, 86.83242551354117, 86.13881158086691, 87.99554267468368, 87.46994947413872, 85.81502052580596, 87.0447754887386, 88.16016144587103, 87.61525687457679, 86.00276520468528, 85.20157134100518, 85.8926009680988, 86.71266799291692, 85.13284603385529, 85.82486939312408, 84.98406826740512, 86.63440116954965, 86.63440116954965
95.51, 94.74995327752983, 96.1612464749758, 95.46290417761361, 91.97001296493004, 90.23435912940829, 89.64543049638289, 89.03910686773504, 89.67609431806824, 88.42436370061621, 87.35298364355607, 89.20244518894245, 89.76190979899971, 88.23229888313617, 84.31369739456835, 85.51219544437355, 85.88922846168357, 87.84344556124871, 87.4763953260391, 85.8926009680988, 85.61092729141892, 86.83090416582725, 85.82486939312408, 84.98406826740512, 87.1111140772159, 87.1111140772159
96.9, 97.2870435371417, 98.50635562710129, 95.43160514139251, 93.68780441093413, 94.25342128448088, 89.61133345774284, 90.2402903785249, 91.9589301459744, 90.59013168676597, 86.89222264297693, 87.80859577172907, 85.00796617836136, 85.81502052580596, 84.31369739456835, 84.75618479052292, 85.88922846168357, 84.50371598688248, 84.52382558249198, 85.8926009680988, 84.73326827916155, 84.32939815556858, 85.82486939312408, 84.98406826740512, 86.04976240475179, 86.04976240475179
95.23, 94.54911649769541, 93.75306651145404, 92.3602457927918, 93.25006946678116, 95.01624223404525, 95.90896733054082, 96.33472305148099, 97.98150991479177, 97.81962986130044, 96.35127139738256, 95.76999746688928, 95.48367821353504, 95.32792002465354, 96.44705296148506, 95.690784370922, 95.77767318614248, 92.92652663622484, 94.29441268007494, 92.16176000324575, 94.03644233784107, 95.20587602029282, 93.71056088609787, 94.31232332266481, 95.8525722495354, 95.8525722495354
96.28, 95.12578325719558, 97.11736614072437, 95.92943456837757, 95.1003688071663, 96.06781084403349, 97.05529503454925, 96.36322034866453, 89.84212089468772, 90.58795610283637, 86.46529576568592, 88.08999507709923, 85.3671790040363, 85.59109200942041, 85.69319978801258, 85.06611617347949, 85.88922846168357, 85.74704539087529, 86.72694500440339, 85.8926009680988, 86.69509776000169, 88.84685714061823, 86.38580732633666, 87.79132285260378, 88.44926225898669, 88.44926225898669
94.9, 92.67240396635438, 92.73708686693166, 90.44572507452429, 91.7910149757051, 92.52106611646205, 91.33376010657543, 90.14580764245818, 90.11315382301333, 90.51612258746646, 91.46396212312331, 93.83672314675059, 92.95417544810114, 89.16156471113794, 84.31369739456835, 85.89174375727382, 85.64856523562136, 85.1954773091768, 84.52382558249198, 85.8926009680988, 86.00535275140189, 84.32939815556858, 85.82486939312408, 85.68438415485225, 85.96518515930163, 85.96518515930163
95.84, 95.23421388062158, 90.29414357954235, 88.88266221087981, 88.69490299945328, 89.98242236213851, 89.5043108179585, 88.80097685134089, 88.90763526275221, 89.8879933961147, 88.04015907590383, 90.22931250569548, 85.75949599873464, 85.8936905670615, 84.31369739456835, 86.07208854893744, 85.88922846168357, 84.50371598688248, 84.52382558249198, 85.8926009680988, 87.66898689038409, 86.48965981704077, 86.63226389829342, 86.47527785606171, 84.18839048711607, 84.18839048711607
96.47, 94.99287864221621, 92.71732810907072, 91.83008366531391, 90.58636445777593, 89.72037129303612, 89.66699837168458, 86.3937766022883, 85.42874753106415, 85.25911298499855, 85.5268214966555, 85.13042524502995, 85.00796617836136, 85.81502052580596, 85.35273640470355, 84.75618479052292, 85.30180267918752, 86.4065107271302, 86.63682866961838, 85.8926009680988, 85.85409752338184, 88.05958557821263, 85.32584658995253, 85.89671042657677, 87.82404711494226, 87.82404711494226
96.97, 94.99366996221572, 93.73335045774786, 92.89373325216695, 90.66379019286408, 92.12850270950511, 91.53116981381329, 90.53555898570046, 90.05721421076086, 90.75088754311773, 89.678328090335, 90.04571668498797, 85.00796617836136, 85.81502052580596, 84.31369739456835, 84.75618479052292, 85.88922846168357, 85.35599817601148, 84.52382558249198, 85.8926009680988, 85.7311302020172, 84.32939815556858, 85.82486939312408, 85.14281457981839, 85.16737099695867, 85.16737099695867
96.68, 95.2281884915143, 96.02446999438358, 96.9988488394733, 97.96053839193962, 98.96163916513164, 96.46495486296948, 95.54405045391577, 97.33801493737988, 93.49071201403468, 92.91918376965127, 90.9428220293177, 86.85233409273731, 87.74392677156592, 89.27808590076992, 87.84945297448536, 86.48125334914617, 88.11355221370427, 87.90993711420836, 88.20911969546526, 86.2316062616951, 86.76408483335575, 86.06692670711497, 84.98406826740512, 85.4594000538311, 85.4594000538311
95.59, 95.52578159170314, 97.00092263181958, 94.27013258652481, 93.19388403797562, 93.17179160285173, 92.34124345200492, 91.79946321139147, 91.84037792592135, 91.25076668668581, 89.13299977301793, 90.36147411311647, 86.63363489529708, 85.36984957481285, 86.51084205130743, 86.28825400228673, 86.69116750714122, 87.77984582818364, 88.59058037316278, 89.10577481832038, 90.38034794992838, 90.603033927252, 90.31149868842759, 90.05561103908437, 90.61569248587362, 90.61569248587362
97.56, 98.46115620966599, 98.92750990122866, 95.72976765544158, 91.67165441877016, 93.4579959190325, 92.52595532808589, 91.24427563750213, 92.14010924374301, 91.22085489084564, 90.88521454666851, 86.41388960396253, 87.14536328597227, 85.81502052580596, 85.68971327242359, 85.51213138341788, 85.780033848598, 84.50371598688248, 84.52382558249198, 85.8926009680988, 85.59092639560849, 84.32939815556858, 85.82486939312408, 84.98406826740512, 86.59228239918517, 86.59228239918517
95.45, 96.30666560304235, 94.36139580514121, 85.9061228370819, 85.25147394837903, 84.10957757803895, 85.48961899980043, 85.4829156262004, 85.70668388355435, 86.50875576562532, 85.88173218722173, 85.47866581307747, 86.32789127740283, 85.4661935108251, 84.31369739456835, 84.75618479052292, 85.88922846168357, 87.27960923829467, 88.5941421289028, 88.77002614392767, 89.93703679446834, 91.8617363441172, 91.53682246370863, 92.36971202003042, 94.26991305473577, 94.26991305473577
96.07, 93.80979523499944, 94.0062007988525, 91.20331353517074, 88.38375597054447, 89.09681841519276, 86.87732841448509, 87.75708486096482, 89.81367216643028, 90.41474119172422, 90.28970899806919, 87.52613471217248, 85.00796617836136, 85.81502052580596, 86.14653128731263, 84.75618479052292, 85.42033551344718, 84.50371598688248, 85.74490983787054, 85.8926009680988, 84.73326827916155, 84.32939815556858, 85.82486939312408, 84.98406826740512, 84.18839048711607, 84.18839048711607
96.94, 98.07571800110578, 100.10374542987488, 98.66063079552075, 97.83634181393231, 96.74559375411064, 93.72268283105811, 90.43974186836321, 91.02569747689736, 91.4387125832324, 89.96891132351374, 91.96266443320673, 89.92610597363945, 89.32900722250808, 90.01166677137005, 86.72864133969998, 85.88984462686949, 84.50371598688248, 84.52382558249198, 85.8926009680988, 84.73326827916155, 85.91812233964454, 85.82486939312408, 84.98406826740512, 84.18839048711607, 84.18839048711607
95.81, 95.16362864327641, 94.48269057782188, 89.94536654993449, 87.02345456273811, 89.54520538497896, 88.62978425659561, 85.4829156262004, 85.2247914590761, 85.04728726927418, 85.67588852209451, 85.48440718161949, 85.00796617836136, 85.81502052580596, 85.12624762486422, 84.75618479052292, 85.88922846168357, 86.32220533059186, 84.52382558249198, 85.02147748970019, 84.73326827916155, 84.32939815556858, 85.255355508471, 84.98406826740512, 84.18839048711607, 84.18839048711607
97.05, 94.11364183757372, 90.78416882309236, 88.34357609454793, 85.25147394837903, 85.98705639550572, 85.48961899980043, 86.25416240915116, 84.10845337987462, 85.25911298499855, 85.98760057707806, 86.88902680115251, 85.78827961630776, 85.81502052580596, 87.4849471639522, 88.77240685801543, 88.24338905062606, 87.47132598172227, 87.03818301796083, 85.37165727210694, 84.73326827916155, 86.10685524248068, 85.82486939312408, 85.401750052638, 84.18839048711607, 84.18839048711607
95.8, 94.99256839965298, 92.7634102513906, 92.16093243011478, 86.46923604108514, 85.20261163054589, 85.48961899980043, 85.80205646359326, 84.10845337987462, 85.25911298499855, 85.67588852209451, 85.22495561195437, 85.00796617836136, 85.81502052580596, 86.85351912638623, 88.04383879924195, 87.31071897476028, 87.62042480047535, 87.24655554232424, 85.94420982108713, 84.73326827916155, 86.33133939616764, 86.69924228922349, 85.33019024902343, 86.81140101122095, 86.81140101122095
95.97, 91.70812872025832, 93.10686862345605, 93.23656568056562, 93.26800681151987, 94.81835300990659, 94.04467114094291, 93.88977537533205, 95.32177103079, 93.72835248614636, 94.42810738526939, 93.42504804863563, 91.24597736840674, 91.72202347878292, 89.6795836447001, 88.99669062892272, 88.94476110965974, 90.27968948980643, 91.35839890397462, 88.02960812401221, 84.73326827916155, 86.61577677285476, 87.28513647140687, 88.70906881781167, 90.81519677870187, 90.81519677870187
96.06, 96.48192841492667, 97.90476956353505, 95.56552181194235, 92.64341983492507, 94.2717465869348, 94.38045728072917, 93.67466510299204, 91.66296335712751, 92.70703240671624, 92.45131233357212, 93.33522897766395, 94.7034989912142, 93.5793353554397, 94.92703858965992, 93.80365458525185, 94.6277988934038, 96.12207713352599, 94.21134342608129, 94.83635249271421, 94.9270697272243, 96.82551480702979, 94.93463732710721, 96.37906658484897, 97.54483773911565, 97.54483773911565
95.64, 94.7083284021717, 92.68741512431265, 85.68112224577713, 85.25147394837903, 84.10957757803895, 85.48961899980043, 85.4829156262004, 84.10845337987462, 85.25911298499855, 85.67588852209451, 88.09299034644353, 88.282550294515, 86.50307928470495, 86.76030663341375, 85.42835315767718, 85.47912083056455, 87.35104486600395, 89.50415307198544, 87.78143786916227, 86.52666093255026, 86.01304679143557, 85.82486939312408, 84.98406826740512, 86.27451797440042, 86.27451797440042
96.96, 97.61655904812305, 98.25235641746649, 97.124563924563, 95.10797978162853, 94.93701275854633, 93.19784926648161, 92.20789539471978, 92.54988074132604, 89.99008692641162, 90.90334787735017, 90.33378359237255, 85.87855289943631, 85.2812113737509, 85.96089311743836, 87.57877251432132, 85.68494787975139, 85.46976758189017, 87.37861664698463, 85.71579688868742, 84.73326827916155, 84.32939815556858, 85.82486939312408, 84.98406826740512, 86.17694594737804, 86.17694594737804
95.66, 92.15320735095868, 91.92490923650602, 91.79302939559673, 85.25147394837903, 84.10957757803895, 85.14804759158416, 85.4829156262004, 86.9867091832441, 85.25911298499855, 85.67588852209451, 84.17834927434514, 85.00796617836136, 85.35423862663461, 84.31369739456835, 84.75618479052292, 85.88922846168357, 84.50371598688248, 84.52382558249198, 85.8926009680988, 85.93832864866613, 87.61484992619823, 88.4617121946169, 86.26671765641622, 86.12716732091951, 86.12716732091951
95.99, 94.37777242784455, 95.70895642516881, 95.9684312677288, 96.63802255050358, 97.42692777383186, 95.97265898481277, 96.85439138710095, 97.68030034813303, 97.68519380467026, 96.38777662702086, 96.47834682094025, 97.15734601321499, 88.4269776842349, 84.31369739456835, 84.75618479052292, 85.88922846168357, 87.16097444718638, 86.92743125958435, 85.30781926357889, 86.76085103778212, 89.0145627127024, 88.95357649653197, 88.22105927551164, 89.8655019902011, 89.8655019902011
95.75, 94.92688380324049, 93.41940584242398, 94.02313400087382, 92.09076143250371, 91.44409334096052, 87.2066466890805, 85.4720049316286, 86.33542942561522, 86.99715598749263, 85.67967422020529, 88.16973488620626, 87.23195569244893, 85.81502052580596, 84.31369739456835, 84.75618479052292, 85.88922846168357, 84.50371598688248, 84.52382558249198, 85.8926009680988, 84.73326827916155, 84.32939815556858, 85.82486939312408, 84.98406826740512, 84.18839048711607, 84.18839048711607
95.27, 96.59467451774732, 97.18526900307376, 96.27414321488959, 90.30336820395028, 91.98619252671655, 91.21803002374354, 90.21503098723086, 88.26706032854689, 88.24900483136524, 86.56348898134146, 88.5282699886306, 89.79111082498393, 89.5045611364878, 90.39629940662104, 90.43359895027773, 90.82086622863719, 92.22006176068932, 87.48603091064543, 85.8926009680988, 84.73326827916155, 85.7139243093918, 85.82486939312408, 84.98406826740512, 85.55020879494057, 85.55020879494057
97.93, 97.19957418407859, 98.49388139683248, 98.52946026384241, 99.46863424852356, 100.22382249275138, 101.24880181504801, 99.30081467488205, 99.24144293414948, 96.79988773327872, 91.93628663510607, 91.90209178091182, 90.25739525867623, 87.99322939782083, 84.31369739456835, 85.46471182552085, 85.88922846168357, 87.31741002321147, 85.32484083001852, 85.8926009680988, 84.73326827916155, 85.3683856551523, 85.82486939312408, 84.98406826740512, 87.4725597153956, 87.4725597153956
95.93, 85.0, 86.50854121792459, 85.0826037692223, 85.25147394837903, 86.19182166610642, 85.49623083370031, 85.4829156262004, 87.17731292549554, 87.12216990801957, 85.67588852209451, 84.17834927434514, 85.00796617836136, 85.0939026610659, 86.96178047742421, 87.44871224941737, 86.79707898119483, 88.42738403220251, 89.85500423292243, 85.8926009680988, 87.36223821196734, 87.98433203687047, 87.85928805124269, 88.47485505698239, 85.63606975605613, 85.63606975605613
96.18, 97.67296754729279, 97.64351053414103, 92.83039600443077, 91.95026625688212, 91.75027993881238, 89.21077149883243, 88.45056055802661, 88.89828554620377, 89.95092368207827, 89.09685100798723, 90.72832783791412, 85.00796617836136, 85.71007977270077, 84.31369739456835, 84.75618479052292, 85.88922846168357, 87.19759857657927, 87.26642326969642, 87.07713033986808, 87.73004740746711, 88.88439193102295, 88.23947831330281, 89.64612050056944, 91.76962200827373, 91.76962200827373
95.88, 96.3898411097058, 84.18163231585689, 85.68112224577713, 85.74095761445264, 85.53422304673362, 85.48961899980043, 85.4829156262004, 86.18567226693989, 86.64215008719981, 85.61398037387288, 84.17834927434514, 85.00796617836136, 85.38150405186062, 85.48144652363312, 84.75618479052292, 85.88922846168357, 87.25069221334188, 87.49793857255084, 86.57156182769117, 87.01066068791629, 84.32939815556858, 85.82486939312408, 84.98406826740512, 87.17933439124735, 87.17933439124735
96.01, 93.40121755343793, 93.60415273448618, 90.64084554507146, 90.84419181621686, 91.2832942267772, 89.61981076901124, 89.53782157797815, 91.04325427868666, 89.60857173751425, 88.1779685246667, 88.82316789131681, 88.09821965144421, 85.81502052580596, 85.92598669963941, 87.01920430145233, 87.6420313119711, 88.30966113053636, 87.81648497898662, 87.74121083617354, 89.69111423712677, 89.97698593083955, 88.77180062426947, 87.9828497735492, 86.18098563979672, 86.18098563979672
95.93, 94.63269438459146, 96.00576316283218, 95.2039121860659, 96.56279108515585, 95.9655068187672, 96.04483087660775, 95.58093140909943, 97.84969186109215, 97.59403148291794, 98.20121849863061, 99.8085107997045, 101.13450274906549, 101.02485081923389, 102.43226589622769, 100.51725486181084, 100.54046018288615, 101.15122585494454, 101.93666361659507, 96.74668122859583, 97.66465979613001, 96.69588698518562, 95.27383604553296, 95.83784275786793, 94.1520602114805, 94.1520602114805
95.86, 96.90273237210123, 93.82268061034446, 87.99590575305058, 88.0090576285129, 87.92824296821654, 86.51949888033144, 85.80195904352259, 85.44433894219982, 85.25911298499855, 85.67588852209451, 85.92269197295919, 85.00796617836136, 85.81502052580596, 84.31369739456835, 84.75618479052292, 85.88922846168357, 84.50371598688248, 84.52382558249198, 85.8926009680988, 85.44369236642338, 85.99229602653732, 85.82486939312408, 86.8544839275033, 84.18839048711607, 84.18839048711607
94.68, 94.46482434750006, 94.50154533508409, 93.39100132750073, 93.03873091192462, 93.0286669321548, 92.37708347209096, 91.62010861624415, 93.49460779592602, 91.66821248067994, 92.21200118836794, 91.42115158751574, 91.96636036220606, 86.81137991819874, 88.26217192851843, 89.6220369172982, 85.88922846168357, 87.1026113697487, 87.35460432658158, 86.45255040834513, 86.77397550646035, 84.32939815556858, 85.82486939312408, 84.98406826740512, 84.18839048711607, 84.18839048711607
97.44, 95.24465421932274, 95.70919408095625, 86.18663642176112, 85.98935397431917, 87.17822778170908, 85.59833858454591, 86.17878121633323, 86.97842968063276, 85.25911298499855, 86.30108247940234, 88.3326925549973, 86.15075067255167, 86.18582317053067, 87.29185595369843, 88.16017862426632, 85.88922846168357, 86.03201232824253, 86.03063589189432, 86.13549734349904, 86.12544047236089, 84.32939815556858, 85.82486939312408, 87.00366803359948, 89.39898871384015, 89.39898871384015
95.36, 96.44479877191881, 98.28213669098272, 98.41658974058168, 98.43075523450175, 100.03509645002383, 100.14517859614887, 100.47225459816613, 101.93614107052574, 102.08137429080142, 102.5444274346548, 103.59909530778533, 102.17338732179243, 102.3716174359506, 101.78230494911783, 100.64351733040677, 97.98175271463248, 99.48116263255538, 100.28288317589893, 100.34887827924983, 101.87100968770669, 102.55284934428038, 100.46962593678931, 100.0464352913339, 101.17477436718126, 101.17477436718126
97.3, 97.95125637298159, 96.60411896791436, 95.84694779487761, 94.87250675939296, 95.10991978888303, 94.55972787475027, 93.2973023564023, 95.12943745906583, 95.09520199139807, 93.1652942478594, 91.06133616857075, 92.21592424803372, 93.0275717205642, 95.18784127246688, 96.81326080205409, 95.66423047120094, 96.41923349777959, 97.73280319329513, 95.98316709065762, 97.25871120479819, 92.99674657745568, 90.94096223687501, 88.0832159028379, 89.36590825415722, 89.36590825415722
95.71, 92.06463011364127, 91.3775320794888, 90.2297871055513, 90.5884336600097, 89.09957854696003, 89.02041319898127, 89.35400857905249, 91.39584149647368, 91.30906504504087, 90.88100900003349, 92.62368575279957, 94.04925838738174, 93.38034788789645, 92.40350233694488, 92.79616806830451, 90.23869187590572, 89.21958890488025, 88.36066867104078, 86.66740388838814, 85.37224523575554, 84.32939815556858, 85.82486939312408, 84.98406826740512, 84.18839048711607, 84.18839048711607
96.21, 97.79619943608196, 99.66785878123922, 96.87843655134557, 95.59633942230721, 97.91428854883686, 98.41508250566991, 95.74926917665375, 97.73474537271707, 95.41257531410372, 91.36487901967057, 92.61928676173926, 91.94249080653724, 92.15102355367121, 88.22020082925846, 88.55467883489575, 87.43110924092133, 88.09867986292295, 88.98330321493039, 87.0096474425576, 84.73326827916155, 85.63916856289546, 85.82486939312408, 84.98406826740512, 84.18839048711607, 84.18839048711607
95.09, 95.90401209091405, 89.19997347929342, 89.54995833938047, 85.25147394837903, 86.22794157265736, 85.92431842129497, 85.4829156262004, 86.12532387749941, 85.25911298499855, 85.67588852209451, 85.77098693375257, 85.00796617836136, 85.81502052580596, 86.57104269585217, 87.79747209895062, 87.23971952457772, 88.892293716182, 87.96047263603471, 85.94435120361089, 85.88185970913375, 86.64917352689358, 85.6273483375226, 85.04153175807953, 84.18839048711607, 84.18839048711607
96.04, 96.21037442057894, 96.88659379977399, 94.07677108776629, 90.83054141217791, 89.47015367696828, 85.72047459770513, 85.37705422769129, 84.10845337987462, 85.25911298499855, 85.60214529617767, 84.17834927434514, 85.33674067083723, 85.71017142856512, 85.28910489057714, 85.22696719914249, 85.5807112842921, 84.50371598688248, 86.53655213672133, 85.66285329371864, 85.88112798775481, 85.23673443550337, 85.82486939312408, 86.31443509503818, 87.8492959036243, 87.8492959036243
96.33, 93.15182596059267, 94.98358247808372, 90.7877491178038, 86.40462947714236, 85.89627112657814, 85.48961899980043, 85.4829156262004, 86.58434619094949, 85.05746214595256, 85.29071248064298, 86.61125871615381, 86.97170528085502, 86.40132923127128, 84.31369739456835, 85.39729316772191, 85.88922846168357, 84.50371598688248, 86.56467402324688, 85.8926009680988, 87.7971834083133, 87.17072039715656, 87.17424247291783, 88.14224954359004, 88.67992481864307, 88.67992481864307
95.24, 95.54422441743768, 91.15593724259976, 91.76827102840495, 90.43768215377023, 88.9577089833596, 87.52788942544815, 87.51648329933346, 89.02385340767938, 88.71957448045751, 88.16333765407741, 89.21074374590397, 85.00796617836136, 85.81502052580596, 86.27535137621082, 84.75618479052292, 85.88922846168357, 84.50371598688248, 84.52382558249198, 85.8926009680988, 86.29286516897581, 87.04298433538989, 87.03496408446952, 84.98406826740512, 85.57850342414216, 85.57850342414216
96.81, 97.23553073703087, 94.86282404081545, 95.92990057724884, 91.90318054568797, 90.14776623784371, 86.81878960942593, 85.4829156262004, 86.91046641613634, 85.71207571678228, 85.67588852209451, 87.4010724554085, 85.33415219768794, 86.10588140442101, 88.07396331969262, 85.32979086609205, 85.88922846168357, 85.68650655284277, 86.53531193422629, 87.2888258520983, 88.67963777711772, 84.32939815556858, 85.82486939312408, 84.98406826740512, 86.64279354848838, 86.64279354848838
95.84, 92.3014524485175, 92.11421262724335, 87.12757702115807, 86.94291303384196, 87.49692729154621, 86.4533934472226, 87.09236407084491, 87.1646319845013, 86.93426516201994, 85.67588852209451, 84.17834927434514, 85.0988969075405, 85.81502052580596, 86.99372350758101, 84.75618479052292, 85.88922846168357, 87.05316264939705, 86.98035912708114, 85.8926009680988, 85.47674832895162, 87.2531385530693, 85.56625606906606, 84.98406826740512, 86.83452747333116, 86.83452747333116
96.08, 95.6430633132839, 91.75603290329848, 87.35058613943707, 87.28592913198494, 89.50846318221714, 89.91247076611377, 90.72362461885297, 91.95806669727683, 90.40713067092523, 91.10271768775715, 92.90515919929119, 93.65971559648233, 92.7558105870514, 90.67892192888746, 91.57356502250606, 90.77640416807947, 90.62677639948592, 89.7883529704757, 90.15869094049683, 91.77539011087437, 91.94387539008714, 90.67950317286633, 89.32185854265427, 88.32783849304238, 88.32783849304238
96.54, 96.94268910537221, 99.29061629449212, 95.54374281057994, 91.14249969372007, 92.99711961336993, 93.17235092585774, 94.12693413152756, 93.30194974927998, 94.31233978571869, 90.53848634816431, 92.32698659400357, 92.78474376489244, 91.52632904046752, 92.15689740731518, 91.93798224072287, 88.85824029903928, 90.4134710800266, 91.03373919553441, 90.20088174449442, 91.3076589456795, 89.31999188291633, 89.65588097828011, 87.430310215702, 88.47475463629421, 88.47475463629421
95.91, 93.07228588632644, 87.60745597099644, 85.67210211531312, 85.25147394837903, 86.53848840261782, 85.48961899980043, 86.067707405804, 85.60265691222682, 85.05492942862935, 85.67588852209451, 84.17834927434514, 85.00796617836136, 85.15550932517495, 84.31369739456835, 84.75618479052292, 85.88922846168357, 85.47499431223454, 85.73845865809918, 85.8926009680988, 84.73326827916155, 84.32939815556858, 85.82486939312408, 84.98406826740512, 84.18839048711607, 84.18839048711607
95.91, 95.41625202959216, 90.450729402066, 91.01612334999504, 88.41846658329969, 86.74969665797067, 87.43841938722565, 86.68580016737714, 86.46752548022883, 86.34298897548996, 85.97409936411684, 84.17834927434514, 85.00796617836136, 85.44777906484958, 86.94032529576303, 88.01834056068869, 87.96110557444634, 87.98568131953877, 84.52382558249198, 85.8926009680988, 87.58646342828423, 89.30493673372378, 89.36287991706654, 89.42349126141039, 88.44556187374732, 88.44556187374732
95.32, 92.62410494198957, 93.44997767637281, 93.31159839801127, 92.80522803056277, 92.02574845394466, 90.49155027377216, 91.15364444179635, 89.77400606388795, 88.71987131373523, 87.5641589806416, 89.255615933608, 88.49199034770636, 86.41617086382699, 88.61114334924784, 89.53677917360196, 87.08901774313914, 88.01867533985794, 84.52382558249198, 85.8926009680988, 84.73326827916155, 86.88785815115928, 85.82486939312408, 84.98406826740512, 86.46579831153538, 86.46579831153538
96.11, 94.91816174591982, 95.21840644583502, 95.37183178672635, 96.47057228638033, 98.11713574450636, 97.33694571060491, 97.80091326886337, 93.79318768216301, 91.13046951729294, 87.02741289495893, 87.66911453744068, 86.98305009812532, 86.14969997489466, 87.57904752092945, 87.83377598374857, 87.51844085362367, 85.39009021499, 84.52382558249198, 85.8926009680988, 85.94809218033531, 84.32939815556858, 85.82486939312408, 84.98406826740512, 86.06689139881992, 86.06689139881992
96.34, 95.43116210453697, 93.33667890065142, 88.85786932336836, 89.39600529394596, 87.95391689721427, 86.1880086963782, 87.0369504864266, 88.58954318255304, 89.34190846568572, 85.40388462325888, 84.17834927434514, 85.00796617836136, 85.81502052580596, 87.44625693442038, 88.90119295794005, 87.46440683410661, 88.36046187756317, 89.55099866049434, 86.9365242488778, 88.06396667576317, 89.32771336973329, 85.06688323949214, 85.49478510187723, 84.18839048711607, 84.18839048711607
97.35, 98.82907932150924, 99.61933462417619, 99.66946993146219, 98.38814681590215, 92.94843037455993, 93.00781096238721, 92.74598390268777, 93.46812772954794, 92.91420334697946, 91.71516802511844, 92.0791610300823, 92.90665617970447, 86.12701993131044, 84.31369739456835, 84.75618479052292, 85.88922846168357, 86.20959548264362, 85.65943412327242, 86.34137640492263, 84.73326827916155, 84.32939815556858, 85.82486939312408, 85.73289171441863, 84.18839048711607, 84.18839048711607
97.23, 94.99951640461101, 94.42359185534497, 92.22515893004596, 90.3918047710353, 89.8984075418289, 88.95838894070815, 86.28804107548794, 85.76809016404897, 86.18680064744674, 85.40719099770304, 85.48752213981183, 86.24231522441201, 85.81502052580596, 84.31369739456835, 84.75618479052292, 85.88922846168357, 86.16455521091758, 85.91251851822003, 86.65958708588578, 85.87559567649765, 84.32939815556858, 85.82486939312408, 87.3288611651435, 88.00822521876707, 88.00822521876707
95.43, 94.8276363547606, 96.07090369300191, 94.36811130317719, 89.69424472648974, 88.18508474640669, 85.96439888608826, 85.4829156262004, 86.39730314557765, 85.87214071635437, 85.67588852209451, 86.34103037300068, 87.3755227449757, 87.22626124801508, 88.36816380728169, 87.87350515607142, 87.86164067781279, 87.53293410838934, 88.6959296502456, 85.62705898424176, 86.41870188042358, 88.37258296094292, 85.82486939312408, 85.48881784842395, 85.97927633790435, 85.97927633790435
96.02, 85.0, 86.54881515553582, 85.68112224577713, 85.25147394837903, 86.59148887338128, 87.88307930261057, 87.45292028281631, 87.31575489429201, 85.96103418133988, 86.13615347419857, 86.3122618422182, 85.00796617836136, 85.81502052580596, 87.25962483046214, 84.75618479052292, 85.88922846168357, 85.02711169665389, 84.52382558249198, 85.8926009680988, 87.36040463977845, 87.51358749908813, 86.17666953723636, 86.0763864928133, 85.9719238953063, 85.9719238953063
97.17, 96.72837918382261, 96.22921313784522, 94.32529026089267, 94.50128989098233, 96.81719161522294, 91.34539500703413, 90.8782044569961, 91.36617423625391, 92.10020154658568, 91.88527268303619, 94.17590699640354, 91.9517241407175, 85.71766698226965, 87.62385270959892, 87.46784512158122, 87.62474078154305, 88.2888657989503, 88.81463455178871, 87.30867851724636, 87.02713054397908, 84.32939815556858, 85.82486939312408, 87.28376909120277, 87.96714148803383, 87.96714148803383
96.2, 91.70071847188073, 88.76526263439196, 88.27789272766142, 85.25147394837903, 84.10957757803895, 85.48961899980043, 85.4829156262004, 84.10845337987462, 85.25911298499855, 85.67588852209451, 86.1501178606865, 86.13565694242311, 85.81502052580596, 86.89432975619144, 88.05143339194505, 87.62407080765733, 87.1420587293289, 87.63432247691742, 85.8926009680988, 84.73326827916155, 84.32939815556858, 85.82486939312408, 84.98406826740512, 85.9103212812146, 85.9103212812146
97.21, 94.5360768130871, 90.60237918279586, 91.32322621265244, 90.00517202449612, 91.36151586459684, 90.19313249958086, 89.08640453799295, 90.68391047500924, 90.00369441522793, 90.49211599059315, 89.71328195429413, 85.730001047016, 85.81502052580596, 86.98563419309724, 87.34225766299642, 87.32843985654355, 88.40606969499454, 89.06834746810924, 85.8926009680988, 87.1301258361474, 84.32939815556858, 85.82486939312408, 84.98406826740512, 85.94632804415954, 85.94632804415954
96.11, 96.17556959819832, 95.09099645141261, 94.50346745145433, 95.52613989917502, 96.01704897136875, 96.21053428870198, 95.87154138898516, 98.04616103631525, 99.10556166797801, 99.46861446388199, 99.86317822918224, 100.82775876932625, 100.82070008760793, 100.97147302919184, 102.95063469071118, 100.54350872936917, 100.06443825095158, 96.96095413130028, 95.72003095146466, 95.70973466950323, 96.48172586736328, 96.8738640543122, 96.75428320093671, 97.67555887118681, 97.67555887118681
95.61, 93.67789937075305, 95.55018119427726, 94.95859500072422, 95.87933583973843, 96.56950141962065, 95.98257995677125, 95.83830604749788, 96.30806832043992, 97.19335917744101, 94.083996830238, 95.99573176579808, 91.36873674882536, 91.57329852472871, 91.44481195687814, 89.59474219097049, 87.88991593293164, 88.13991461338645, 89.84938251190866, 85.51431387915261, 84.73326827916155, 84.32939815556858, 85.82486939312408, 86.47468486723803, 86.23873398187939, 86.23873398187939
96.6, 92.71909297311699, 94.78248692708276, 94.01975875042109, 93.41291985993698, 93.58755182496044, 93.86400788852058, 93.70997443716809, 91.47167878045529, 89.43450802267841, 89.0507511887543, 86.1612670971757, 86.76554355525148, 85.56000196052779, 85.54790637952946, 87.14468812722828, 85.8261283513591, 84.50371598688248, 84.52382558249198, 85.8926009680988, 86.29400554022642, 87.84253433827325, 86.11032807814665, 85.76748539331483, 86.03234852705003, 86.03234852705003
95.98, 96.46527321630636, 96.27154312824709, 96.522999675002, 96.01130416621136, 96.53492617924788, 93.37197656744688, 87.67457866814817, 89.96567169624888, 88.97176362577656, 87.75210495797212, 88.29936759524473, 87.41819945508311, 86.25186069613372, 86.09408007011113, 85.19091924526464, 85.0417571963273, 84.50371598688248, 86.08251933684572, 85.8926009680988, 87.12431226298773, 87.80074607804715, 85.82486939312408, 86.00738604097573, 87.20579765898033, 87.20579765898033
95.96, 94.12725608437432, 94.58110296592541, 93.86807511488357, 94.47600651403887, 92.40357506625217, 90.65071348562861, 89.39132401254766, 90.3483206653198, 86.24527251111219, 85.57320914709213, 84.17834927434514, 85.76888332437615, 85.81502052580596, 86.39744404484154, 87.4343275848442, 85.6270378168723, 84.50371598688248, 84.52382558249198, 85.8926009680988, 85.06839728601858, 84.32939815556858, 85.82486939312408, 86.64930967296759, 84.18839048711607, 84.18839048711607
95.4, 96.10579205226256, 95.94797509891556, 96.46157590547378, 92.47676109716625, 93.46089076906048, 93.22597422317156, 92.62905645883944, 92.0598247460218, 89.85976693845969, 86.79593632404482, 89.2441795628931, 88.03535446870792, 86.8663873568567, 84.31369739456835, 84.75618479052292, 85.88922846168357, 84.50371598688248, 86.442652552601, 85.8926009680988, 86.27298172509532, 87.48943798328554, 87.05785876447486, 88.0625106227736, 85.33117710104709, 85.33117710104709
94.92, 92.75824973226999, 93.38757823861143, 92.69572156148762, 90.8700090156639, 89.15221229661378, 88.55899368803128, 88.96865182727196, 90.41703718901269, 89.2077169833926, 88.93856668812167, 90.17039235555684, 89.23920584839232, 89.36194436013994, 86.69035945648568, 87.19400213923494, 85.40263326801912, 87.08806081453788, 85.65893267808444, 85.8926009680988, 86.18248405107697, 85.26483470823005, 85.82486939312408, 85.96916409507759, 88.44644636221682, 88.44644636221682
95.34, 94.21054193569132, 91.6238892294128, 87.67349360534266, 86.52727818573369, 87.59343273005851, 85.48961899980043, 86.45176983336283, 84.10845337987462, 85.25911298499855, 85.67588852209451, 87.04908850657316, 85.00796617836136, 85.81502052580596, 87.56864481487234, 88.40620436908456, 87.03915122703452, 84.50371598688248, 84.52382558249198, 85.8926009680988, 86.81412374745368, 89.20000308632285, 90.05824578172675, 90.45007131214416, 89.77237303071087, 89.77237303071087
96.63, 91.77643832246301, 91.31701035185272, 90.5788969912522, 90.06528305606639, 90.83592385358716, 90.05079191139126, 86.79637966717544, 87.19992184827981, 87.75934430600961, 85.67588852209451, 84.17834927434514, 85.2194300050199, 86.1155310520094, 84.31369739456835, 84.75618479052292, 85.02241658256139, 84.50371598688248, 85.70859191556966, 85.8926009680988, 86.5680407940227, 87.99399789130558, 85.82486939312408, 84.98406826740512, 86.43874460943496, 86.43874460943496
95.16, 91.02143776780154, 92.07885208547142, 91.37188184995652, 92.55582652817321, 87.7733213137361, 88.46665352039233, 88.2094771211417, 89.83665969684971, 89.62904195359795, 90.52944767086194, 90.99470877798557, 85.00796617836136, 85.81502052580596, 84.31369739456835, 84.75618479052292, 85.88922846168357, 84.50371598688248, 86.25780326684517, 85.16741820292893, 84.73326827916155, 86.12119685040712, 85.82486939312408, 85.2721758688366, 84.18839048711607, 84.18839048711607
96.07, 92.47935488091206, 92.99627798405639, 93.87343032879063, 92.37878545156076, 93.38230393876387, 90.87788227747258, 90.33919154886122, 88.57524659465612, 85.57409276059347, 85.67588852209451, 86.73480825972982, 85.97121131192874, 85.81502052580596, 87.09017962465278, 85.46711842194664, 85.48669779469651, 84.50371598688248, 85.17208701552629, 85.8926009680988, 86.65890336887216, 87.24227386094186, 85.82486939312408, 84.98406826740512, 86.85713571657887, 86.85713571657887
96.69, 97.68708027040641, 99.46494101910987, 98.93157518155935, 98.70539305197438, 97.78361504714677, 94.32750006664189, 95.03558503660534, 97.19747017229983, 94.65030949014394, 94.83305899023587, 96.42970242325481, 97.96759472810912, 97.19568787296045, 96.96716528563466, 95.32157695527204, 91.3503006434486, 91.74837839801876, 93.63520556610183, 93.39413147094145, 92.49262089652352, 93.08516840687464, 93.60321474843349, 93.86967524749183, 94.53640797297119, 94.53640797297119
96.9, 91.36097397168187, 85.05901144929291, 85.68112224577713, 85.25147394837903, 85.74829465490264, 85.48961899980043, 85.4829156262004, 85.94387541111408, 85.25911298499855, 85.67588852209451, 86.16795461280863, 87.52339542119373, 85.49898172254434, 87.74586512102408, 88.54196257179998, 88.62971208418563, 89.87912201640364, 90.80448533274539, 87.20927546846485, 88.5464326843907, 89.53140680276162, 85.63132997211908, 86.90429613268644, 89.32969215760374, 89.32969215760374
95.17, 93.79786705728762, 96.36044872059165, 90.97588352218803, 89.87582020832362, 86.47144194901651, 85.48961899980043, 85.11379822390715, 84.10845337987462, 85.25911298499855, 85.67588852209451, 86.55346604813049, 87.93192505137363, 85.81502052580596, 85.22205357025477, 86.35736211290289, 85.88922846168357, 87.85279856877585, 88.88549362087382, 88.58596806407222, 86.93557182854073, 87.89397548337493, 85.90869555626246, 84.98406826740512, 87.00055980416064, 87.00055980416064
96.4, 94.69832553161285, 93.04254978163682, 91.08527875394483, 87.52396328502024, 89.35343079070567, 89.65335812804236, 87.46667946863975, 87.32759366046795, 87.0836047351126, 85.67588852209451, 84.17834927434514, 85.67864234407975, 85.81502052580596, 86.18684397168408, 86.75006861722723, 85.04861784049925, 86.9039758984772, 86.37523667221966, 85.8926009680988, 87.01326939045563, 88.69539171257374, 85.82486939312408, 84.98406826740512, 85.44585573182282, 85.44585573182282
95.37, 87.11559762870424, 84.18163231585689, 85.68112224577713, 85.35924835325108, 86.54096419413229, 86.24637612003761, 85.4829156262004, 84.10845337987462, 85.25911298499855, 85.67588852209451, 87.99332970339069, 85.75998637575138, 86.41952031555216, 87.59295327129556, 87.59861252016069, 87.52634644911856, 86.65801183760298, 86.21503272249781, 86.87654326337619, 88.16666174837104, 87.59662082142171, 85.82486939312408, 85.42153168230853, 87.21378584528372, 87.21378584528372
96.18, 96.63464346322817, 98.30590513383378, 98.46006074478947, 96.5219838042448, 98.5755460928976, 95.34366422111057, 92.47454184901112, 93.8157956751068, 90.35303755309381, 89.62263003731888, 91.49369768096344, 91.50866842262327, 88.19488643480759, 90.52172109057078, 89.84309128891402, 88.17992768416838, 88.97351808663701, 89.01961096546898, 87.78126290928229, 88.83710013684241, 90.49003923078263, 90.11491589293324, 90.3244580404262, 91.06504025918302, 91.06504025918302
97.53, 98.48076314510098, 100.55237630167332, 99.95246437025521, 95.21658417936042, 95.53839575130532, 94.80585528844959, 94.49650386305638, 94.31083095454561, 93.46489102835798, 88.85466727245952, 89.75454189406143, 90.61057969209237, 90.58961092886875, 92.42099996248919, 92.62498831360661, 85.88922846168357, 86.30772447748768, 87.61419808604897, 85.8926009680988, 86.67418713907, 85.54266896957178, 85.82486939312408, 86.99129073645906, 86.60455226040524, 86.60455226040524
96.67, 96.50603273669984, 97.4893303031036, 97.5243218666272, 93.67236215824606, 93.39853379611672, 92.33656712168097, 92.64599155934202, 93.64600962682697, 95.03148275047374, 95.24786400789621, 95.26342528122491, 95.61564534949467, 95.72354304456475, 95.39405729092964, 96.16926639676446, 91.4008683648287, 92.3781391970356, 91.55145318509226, 92.06669884754963, 92.58989589381596, 93.11661315896613, 92.33120505156923, 92.80309419375567, 89.95831475998888, 89.95831475998888
95.96, 97.26272568914206, 97.07053083591897, 97.40005173895726, 98.55018834811246, 96.44876046959813, 97.56851500840389, 95.84227722881856, 96.14801292378549, 96.07300647948472, 92.64272370947282, 94.61624507762868, 95.05805329348955, 91.64759927989289, 92.16842397108242, 92.33240575620293, 92.57027977997696, 93.90413943395366, 94.86869411765437, 89.76916852844386, 86.69163910144664, 86.73755616653077, 85.02733876927059, 84.98406826740512, 87.05861047569539, 87.05861047569539
96.12, 92.35192953038273, 92.31709775671985, 88.49610612848053, 86.9392138105671, 88.26397825801625, 87.52797553497277, 87.2313569447375, 88.80838277092954, 88.86969907867311, 86.31184030296517, 85.96240693294209, 85.00796617836136, 85.19985715308732, 84.31369739456835, 84.75618479052292, 85.88922846168357, 87.1032007311028, 84.52382558249198, 85.8926009680988, 86.48432079052645, 87.23548920283793, 86.1791886286728, 86.70467205439499, 87.93862393876077, 87.93862393876077
96.19, 95.2488241715644, 93.1178510559429, 85.37347453921822, 85.56337992388522, 86.62376272268884, 86.53002821489481, 86.11446947559767, 84.10845337987462, 85.25911298499855, 85.67588852209451, 86.83926019653477, 85.5782795365443, 85.81502052580596, 85.18328056803253, 84.75618479052292, 85.88922846168357, 85.05093446281545, 85.13013987411821, 85.8926009680988, 84.73326827916155, 86.64125615392182, 85.82486939312408, 86.970416950904, 88.95909033845714, 88.95909033845714
96.07, 95.21438604656853, 96.21104171003873, 93.6414606126117, 94.98133421018417, 95.65528220140129, 95.24573219041673, 95.98927187713852, 97.2783942132548, 97.4767261453273, 97.81271797761747, 99.84398089850397, 98.54225974183078, 97.41944941450417, 97.64511075015864, 96.88415329741723, 96.35774341721113, 98.28563200475065, 97.04503786661995, 94.35559628365237, 94.31729748987888, 93.4629766008338, 93.76158249105849, 89.50326940186736, 91.51299291607765, 91.51299291607765
96.93, 98.04743666623658, 95.4682097703131, 93.7144243190572, 94.6724859461413, 94.02281959285689, 94.50045765545835, 90.47336028282527, 93.11778839080024, 88.8127480244877, 89.79941190045702, 91.16060872109921, 89.5009546856276, 87.88166698761708, 89.11653329729621, 89.72113659886818, 85.65415828520865, 86.74319338984213, 87.10864530745916, 85.8926009680988, 84.73326827916155, 85.44176062157518, 85.82486939312408, 86.97832851469468, 87.8701841471501, 87.8701841471501
95.81, 94.53248182574688, 94.05086833668396, 94.05316785481797, 93.24660759036047, 95.09080898158277, 91.9771904505847, 91.40285474969167, 90.0446062666173, 89.4546357370447, 88.93303577363076, 87.61527614724122, 87.44977981800214, 86.97942032350687, 84.31369739456835, 84.75618479052292, 85.88922846168357, 86.01307706900059, 84.52382558249198, 85.8926009680988, 85.46948888285299, 85.54763834932918, 85.82486939312408, 84.98406826740512, 84.18839048711607, 84.18839048711607
95.42, 96.0102995604565, 97.69237042896701, 91.52928521479416, 92.60399624997639, 91.37133906767228, 89.09282205438095, 86.39610760798512, 84.10845337987462, 85.25911298499855, 85.67588852209451, 84.17834927434514, 85.20677625298752, 85.80223305920708, 86.31563537257942, 87.46078020024434, 87.34373635624006, 89.46756740434168, 90.8596779089519, 91.1127601525445, 91.7699290242946, 90.94554368911984, 90.11206083471549, 90.52065835652152, 91.17991862524015, 91.17991862524015
96.18, 94.6796040977118, 95.67438039289388, 94.2690848254842, 90.56247193234879, 88.50390726191883, 87.9208132068149, 88.8614636635318, 87.73898411319348, 88.42077336186627, 87.82970281519817, 86.42418779661017, 85.00796617836136, 85.81502052580596, 87.08424381731304, 88.3236938843089, 86.33684572365769, 87.28743853127389, 84.52382558249198, 85.8926009680988, 87.12919220535566, 87.09713121661727, 85.82486939312408, 86.5817364632994, 85.85253368643272, 85.85253368643272
95.74, 94.85183817320352, 95.9493316216575, 93.51333474418223, 92.51119648773228, 92.24387887671756, 90.57826896821312, 88.65175732540045, 87.70411964497633, 85.53391340280572, 86.4405301372867, 85.77163251350399, 85.4522423502415, 85.81502052580596, 86.7497017134958, 84.75618479052292, 85.88922846168357, 86.67944588871038, 84.52382558249198, 85.8926009680988, 84.73326827916155, 84.32939815556858, 85.82486939312408, 85.46679241694123, 87.2328947804583, 87.2328947804583
95.43, 94.15739691726299, 92.00295764034209, 92.50952365057624, 90.77811169890371, 88.85411223956844, 88.29020546489032, 87.53249738151437, 88.74015049163216, 88.1331008604673, 88.3013920833007, 90.59424778439407, 91.59064125840867, 90.67276437377454, 86.77426202256427, 84.75618479052292, 85.88922846168357, 87.69637818560278, 86.19030787845321, 85.8926009680988, 87.73281584822512, 89.24740909292898, 87.92011612496177, 88.83759136540047, 86.65620861625382, 86.65620861625382
96.94, 97.09594783446362, 99.1646581458633, 97.02263760392451, 97.63998129011875, 99.80959524129727, 100.24434251166215, 98.41422244758884, 98.05457465873342, 99.12845208654812, 98.23685114116388, 98.54285871739793, 96.92251101624373, 93.9694259181008, 93.58304902918465, 89.93357373432899, 89.18101564442046, 86.70948427817098, 87.66155004766432, 85.8926009680988, 87.03424988960005, 87.08655103893456, 85.94355347065871, 84.98406826740512, 84.18839048711607, 84.18839048711607
96.88, 93.82747874113575, 95.61728247200011, 95.51333465157826, 95.85233906638469, 97.29292965377165, 96.6209454791989, 95.48664188845348, 96.88286338027082, 96.4069835292105, 96.20627253629216, 96.17809165700481, 91.97848082318448, 92.4089970976855, 93.00983048067067, 94.59503300304942, 94.62988295034957, 94.18851535650948, 91.96010889909032, 92.72557947827038, 90.58989009465586, 87.39382850317833, 87.9475236085989, 87.95564866252955, 89.4784354772227, 89.4784354772227
95.29, 93.0069993374668, 94.91613333299912, 94.55182075871261, 95.44168115029001, 97.9375181474033, 99.093440362074, 95.24082541621691, 95.2839893244024, 93.68652398127318, 89.3673682109772, 88.6855504729683, 85.2351852571348, 85.95416083428043, 85.27940625851073, 86.47217171505805, 85.88922846168357, 87.86739922261641, 89.0792004163291, 89.06574907394214, 85.69086461695301, 84.32939815556858, 85.82486939312408, 84.98406826740512, 84.18839048711607, 84.18839048711607
95.93, 95.49925889488557, 94.20582911368841, 92.70692292252367, 91.81782803922194, 89.84848579139387, 89.19219383570376, 89.16782612172003, 88.71185139335928, 87.97217644267532, 88.26576177478702, 86.387185379146, 86.68942746804905, 87.07393753653105, 87.33756271203764, 87.46431003230337, 87.50322585573853, 89.21965404913522, 90.84808998978258, 90.52063045185318, 91.61451963131793, 86.52801000997684, 85.82486939312408, 85.92120442003683, 87.93461697487213, 87.93461697487213
95.85, 96.61772816219475, 98.49447820727393, 97.46113518176819, 95.5208976895304, 97.86382277229019, 95.61139725887358, 90.83844511222199, 89.99318036279512, 87.2979019329456, 88.33036168417402, 86.02946993032533, 85.9376014125385, 86.28346284483061, 85.43131921063902, 84.75618479052292, 85.88922846168357, 86.930133906568, 86.98573315631427, 86.15687700039913, 86.27568022937587, 87.37125657060783, 85.82486939312408, 85.82814781418168, 84.18839048711607, 84.18839048711607
96.53, 93.38324926131641, 94.26477832640641, 92.24106318693408, 90.82759569823804, 92.87566600312199, 92.2443433772352, 91.1873162943438, 91.78589335870926, 89.7781768068008, 87.37190677591933, 87.68038581442165, 88.63494610603911, 87.32993840610435, 85.87433594785882, 84.75618479052292, 85.88922846168357, 86.42776296718179, 88.44825182606841, 88.16063896370406, 88.7719694854204, 86.91334980189002, 87.45614258948167, 87.38380474421834, 88.54911115486655, 88.54911115486655
96.64, 94.5283798068154, 93.76117383846776, 92.18661148114886, 92.67137770727585, 93.56090391101712, 92.1198659328219, 92.3680928026895, 90.91365670927144, 90.47819932287571, 88.04123274483885, 89.03708131328217, 89.05725423961381, 85.81502052580596, 87.27693678603254, 84.75618479052292, 85.88922846168357, 86.9092699825992, 87.25567586784419, 86.87332240231403, 86.85256160223209, 86.47018259863077, 85.82486939312408, 85.44586103028159, 87.55933513323801, 87.55933513323801
96.14, 94.89226188458933, 94.07836284637628, 91.70724089936806, 90.17159735916563, 90.0240059681897, 87.81583062738878, 86.27081977783907, 87.40913235638651, 87.53043358414735, 88.12461191749344, 87.43964982054315, 87.60670717467585, 86.9596741917614, 84.31369739456835, 84.75618479052292, 85.88922846168357, 86.45043332899672, 87.42798284367564, 86.7348493340643, 86.51859771534862, 88.9456517823609, 87.80427039820789, 86.20811717413892, 84.18839048711607, 84.18839048711607
96.45, 90.63721967113031, 91.43326108383712, 91.30073205713339, 86.5074128566393, 85.26150414968129, 85.01646313941217, 85.4829156262004, 87.12772708913481, 86.7799202077622, 86.42486094692384, 87.5067378755156, 85.00796617836136, 85.81502052580596, 87.49033676562799, 87.9278904560082, 88.04701704444847, 87.29626204081472, 85.38249472175112, 85.24633572366949, 84.73326827916155, 84.32939815556858, 85.82486939312408, 85.5580546292089, 84.18839048711607, 84.18839048711607
95.71, 97.45764629078005, 98.51847799098249, 94.86888259074713, 94.86973741511089, 95.92051883986201, 92.05711229110285, 91.62676795140413, 91.80610696980098, 90.77769107945747, 88.93919398039299, 91.49129418258758, 87.80312350793912, 86.2553073668311, 87.81804565337788, 84.75618479052292, 85.88922846168357, 84.50371598688248, 84.52382558249198, 85.8926009680988, 84.73326827916155, 84.32939815556858, 85.82486939312408, 84.98406826740512, 86.97354537146772, 86.97354537146772
96.69, 97.44796667855215, 98.58083610494592, 96.40112593701427, 94.4980678929103, 96.50483432052036, 95.76470748436, 96.44801696243397, 96.36014299843946, 96.43924285026519, 95.43353570719707, 97.03566718431073, 92.48612293126916, 90.31054689039189, 89.63161012771286, 86.97547396058634, 86.58890884938957, 87.24262811605026, 88.98526279643625, 88.72105623835103, 88.32703186688215, 88.53483892474908, 86.73291172702383, 85.55346740065438, 86.22787080154284, 86.22787080154284
95.53, 94.80244223505908, 94.05156921103332, 94.00661190652374, 91.88699166414898, 92.43518165580655, 92.57919281384325, 91.15903778351252, 90.73976194814318, 91.7476949383964, 88.75564363433773, 89.87126234741267, 86.48500808395944, 85.81502052580596, 84.31369739456835, 84.75618479052292, 85.88922846168357, 86.0857991554751, 86.64237869573323, 85.50278685738998, 86.91495985056969, 88.23126039807205, 88.03331091877934, 89.44904877935508, 89.6305935483725, 89.6305935483725
95.59, 96.57084549400703, 96.20620049202473, 94.88480129886888, 95.63749081796271, 93.36474778938361, 91.13707313008778, 90.32375174988495, 92.33260198143412, 90.560796489713, 90.11094421850517, 91.48333234242027, 92.20424252714277, 88.28625515389874, 84.31369739456835, 84.75618479052292, 85.88922846168357, 87.2243317011784, 85.08370193566014, 85.8926009680988, 85.81609939045323, 85.25920345292192, 85.02706207304134, 84.98406826740512, 84.18839048711607, 84.18839048711607
97.2, 89.8165233611228, 87.83080181432626, 85.68112224577713, 86.75810465485506, 86.74899459621238, 85.5624572667168, 85.4829156262004, 84.10845337987462, 85.25911298499855, 85.67588852209451, 85.59848286064839, 85.21414934089785, 85.22283775008823, 87.25657090125675, 88.247061081115, 86.98748202628173, 85.14230487452116, 85.02396882550451, 85.8926009680988, 85.78000121461015, 84.32939815556858, 85.82486939312408, 86.24995685697978, 85.10777645760129, 85.10777645760129
96.42, 94.37182358644128, 91.72927439277098, 88.01216030227933, 86.0083078987479, 86.12360197921714, 86.46129497507597, 85.4829156262004, 84.10845337987462, 85.47956802102317, 85.29330128025347, 87.41099848578685, 86.23959309112597, 85.81502052580596, 84.31369739456835, 84.75618479052292, 85.88922846168357, 84.50371598688248, 84.52382558249198, 85.8926009680988, 86.5181813593715, 87.77575831821181, 86.1994984985716, 84.98406826740512, 86.4835667890893, 86.4835667890893
97.08, 97.96360623565556, 96.83343721558046, 95.79724250205429, 94.25659650766819, 95.7559636956601, 88.74844901611382, 89.27632275949902, 91.2186819202028, 90.89227857163698, 88.55722780981891, 86.0196626413932, 87.42986762109287, 85.81502052580596, 84.31369739456835, 84.75618479052292, 85.88922846168357, 84.50371598688248, 85.08289227609349, 85.45810968826079, 85.90904245680734, 87.42301354584751, 87.28796880707785, 85.96671918427778, 87.89636232386434, 87.89636232386434
97.2, 97.84460986276919, 96.87656140568207, 97.17442876340213, 94.02761932437303, 92.91083753490896, 92.77196411458928, 87.03229291899476, 87.44911392666516, 86.89682760599601, 87.63036613206528, 88.04439431735891, 88.52004858850871, 87.82210577705374, 89.74715827485264, 89.2506857524008, 88.12383163525413, 89.30182981282942, 90.10172448420447, 85.8926009680988, 85.26623575987497, 84.32939815556858, 85.82486939312408, 84.98406826740512, 84.18839048711607, 84.18839048711607
96.63, 95.35200800306548, 96.22804851842307, 96.07016345510061, 97.25241360209868, 95.21509563025658, 94.87245512681733, 90.62955099554311, 92.42193529289673, 85.25911298499855, 85.67588852209451, 86.23541328671149, 85.00796617836136, 85.15390041562705, 84.31369739456835, 85.22071390920854, 85.0707025831965, 86.85616462578818, 85.94725949594209, 86.38788089267196, 84.73326827916155, 84.32939815556858, 85.82486939312408, 86.16215261543033, 84.18839048711607, 84.18839048711607
96.57, 97.69379317622548, 99.93165153246231, 97.67483808422064, 97.1188855376518, 97.55469763874174, 97.1853373516639, 96.23613642266284, 96.0619368890153, 94.30422890738664, 93.60411074908502, 95.45495234092724, 94.49281714979814, 94.72634784916544, 92.78530140135375, 91.57798837015682, 91.02142522716719, 88.65502662807741, 87.10744688717148, 85.8926009680988, 86.99063334533109, 88.14739852660534, 86.49626038335165, 84.98406826740512, 87.35755091266634, 87.35755091266634
95.79, 91.3299149620445, 93.5941483195379, 86.10045300947122, 85.25147394837903, 84.10957757803895, 85.48961899980043, 85.4829156262004, 84.10845337987462, 85.25911298499855, 85.67588852209451, 86.83360790775251, 86.85763198134643, 85.81502052580596, 86.4078993545626, 87.5099998889981, 87.6822289972181, 84.50371598688248, 84.52382558249198, 85.16230937622439, 84.73326827916155, 85.6332089773559, 85.82486939312408, 84.98406826740512, 85.06859596859213, 85.06859596859213
97.54, 96.59156266810896, 92.93393932873136, 87.28634225960748, 86.59609080162339, 88.01305036473106, 87.16239795597622, 85.78066656714773, 87.65144488290906, 87.60301745990495, 85.04848377404831, 84.17834927434514, 85.11206196271714, 85.57958231998889, 84.31369739456835, 84.75618479052292, 85.88922846168357, 85.23393999037138, 85.49871448717946, 85.35143194655375, 87.03855268310551, 87.81875409729616, 87.67433305373937, 87.80245270070526, 87.64635868721147, 87.64635868721147
96.22, 95.34301583518055, 97.47243539303659, 98.05930524688819, 98.64797584059045, 100.6340305198389, 101.0713163268896, 100.3785301820368, 102.66843743333582, 101.88212041552272, 100.87354236499392, 95.01369427532516, 96.20070110996313, 94.8065940713376, 91.61675630035127, 92.59466817875771, 90.22553652416953, 92.11916006765568, 91.2197121403977, 91.91848122577532, 92.96071644238444, 94.36417254691321, 94.17161423350285, 93.11453123677623, 90.7162264998277, 90.7162264998277
97.06, 96.97582148460553, 99.10441586784786, 97.24385486199813, 98.23124375013498, 97.72592697082665, 93.81405109998991, 92.87904735009424, 93.4956047465977, 86.41283741097185, 85.67588852209451, 85.49800760391666, 85.00796617836136, 85.36680710617718, 84.31369739456835, 85.59432749222752, 85.59628950565417, 85.63241671692127, 85.63309042355122, 85.8926009680988, 86.31854084629637, 86.4519206770319, 85.82486939312408, 85.17016842484126, 85.53585548737482, 85.53585548737482
95.21, 96.21856800952726, 97.95552053335736, 97.44094910070235, 95.60388552653214, 97.55542123052375, 93.13323098570058, 92.11232617609869, 94.2450805886065, 95.48064695032119, 90.33532582558398, 88.95679938225999, 90.24484378664366, 90.65995595405047, 90.9077256804664, 91.66078800269642, 89.71021340762032, 89.84893660012335, 90.39317076948957, 89.98762512719176, 90.52827287604967, 91.36865109945103, 88.9620353493146, 89.18391605174568, 89.97524594016343, 89.97524594016343
95.8, 92.05364515855563, 92.42401713668403, 91.53450996629394, 91.13157073847705, 92.60117801798877, 88.8039130602869, 85.4829156262004, 85.94500253521096, 85.25911298499855, 85.67588852209451, 84.17834927434514, 85.00796617836136, 85.81502052580596, 86.39818248271702, 87.95126325256902, 85.88922846168357, 85.64055647789185, 85.47456703820234, 85.8926009680988, 86.3424723013938, 85.80202789363965, 85.41657874106528, 84.98406826740512, 85.18798071903262, 85.18798071903262
95.07, 96.13752425903628, 98.29014742578096, 97.76827587406662, 98.36716772016403, 95.868523892859, 96.40092879291737, 95.15544273958142, 93.65503784131631, 90.71980650088781, 90.93530831677099, 92.02910904728712, 91.32320523080163, 90.05831207017937, 86.50793375190673, 84.75618479052292, 85.88922846168357, 84.50371598688248, 86.37499568535996, 85.81193143390209, 86.80332923154715, 86.03860018111996, 85.82486939312408, 84.98406826740512, 87.13440479830471, 87.13440479830471
96.3, 92.7799190655748, 92.87327106587925, 92.524461294527, 92.44650235663056, 93.43352120764271, 91.47409733728372, 90.95509424835025, 92.78194994921907, 92.0260671506158, 92.16026857442799, 93.35746972289253, 92.31281200160777, 90.56495289091252, 85.33399922308584, 84.75618479052292, 85.88922846168357, 85.88818817229337, 85.85821614550716, 85.12863833410199, 85.90510432847607, 86.1610571746, 85.82486939312408, 87.4013470556733, 87.6597868915586, 87.6597868915586
96.19, 97.44550659512316, 98.03245119217362, 93.33472038401743, 91.58098634430722, 93.72215027350181, 93.46094422613623, 87.98627138459808, 88.91634513071823, 85.25911298499855, 85.31414570089945, 85.74452109043517, 85.00796617836136, 85.81502052580596, 84.31369739456835, 84.75618479052292, 85.88922846168357, 85.0433205448922, 84.52382558249198, 85.8926009680988, 85.90565510607009, 85.44689086851484, 85.4200000555779, 85.50866064985152, 85.54344241261234, 85.54344241261234
95.97, 95.08731179874495, 94.5975069002166, 95.32216012273055, 93.7539811269041, 90.7853477824744, 88.20085423321716, 89.1784467111897, 87.21276129933999, 86.33223179416198, 85.3837376789196, 87.37816004135367, 87.9279435145846, 87.59012736754066, 88.04785856632094, 88.50340843559096, 87.79069129541286, 88.26835899165513, 84.52382558249198, 85.8926009680988, 86.16506969810975, 85.64978637534728, 85.82486939312408, 84.98406826740512, 85.78926555881705, 85.78926555881705
95.73, 89.74346552433758, 86.5236432199389, 85.63013154746248, 85.65697177279549, 87.56825192593729, 85.48961899980043, 85.4829156262004, 85.29060015458246, 85.25911298499855, 85.67588852209451, 84.17834927434514, 85.00796617836136, 85.81502052580596, 84.31369739456835, 85.19447940139717, 85.88922846168357, 87.2909940203384, 85.98168203230152, 85.8926009680988, 87.07765979542118, 86.62507656222742, 86.15376784925469, 84.98406826740512, 84.18839048711607, 84.18839048711607
96.1, 93.9937535752392, 96.16443254135716, 94.23271055104355, 92.4764611252096, 89.14695425209896, 88.81496191580226, 87.69477865704168, 89.32457650678094, 89.08725865466737, 88.1666468306361, 86.67714707660387, 86.91593692002634, 85.81502052580596, 85.30586208922881, 85.71045594839345, 85.88922846168357, 84.50371598688248, 86.12070400584025, 86.78171427002401, 84.73326827916155, 84.32939815556858, 85.82486939312408, 85.38781650051595, 86.67524397420733, 86.67524397420733
96.26, 95.04979573769386, 92.43246093530625, 92.28891440256231, 90.95940958543834, 88.56563590612976, 88.15502199604985, 87.13900346104687, 86.26338470940931, 86.08148429768927, 85.67588852209451, 87.0041728385499, 85.24469193959911, 85.81502052580596, 88.11376352813802, 88.98548612080732, 87.45177594537903, 88.55164765035198, 88.18121108616496, 88.30687725952279, 87.10216140759263, 88.0642785905341, 86.71088549715657, 84.98406826740512, 84.18839048711607, 84.18839048711607
96.66, 96.31156707137971, 92.27585270069443, 92.44842113821076, 92.10450790809439, 92.71656446915388, 91.04878009889995, 86.57342433750144, 88.52694870722156, 87.3102682079398, 86.57689320697571, 88.37651215228487, 86.50884505130045, 85.81502052580596, 87.06064029823825, 87.76518494534865, 87.8143604448788, 84.50371598688248, 84.52382558249198, 85.8926009680988, 86.7256207462829, 87.25636925799776, 85.82486939312408, 84.98406826740512, 84.18839048711607, 84.18839048711607
96.29, 93.57553373945707, 94.04340321468662, 93.35018802893077, 94.28671897376405, 96.71333263553112, 92.83839827166737, 93.15058776240798, 91.49424343252271, 90.74808177524574, 91.205378002555, 88.92430514929954, 85.03337893494314, 85.50546069456139, 84.31369739456835, 84.75618479052292, 85.88922846168357, 85.2496702703064, 86.04402370906955, 85.09596132192605, 84.73326827916155, 84.32939815556858, 85.82486939312408, 84.98406826740512, 86.76875544625246, 86.76875544625246
95.0, 93.73560766449042, 96.22881157275816, 94.31111306021165, 94.47669681912718, 90.1283980482902, 87.3399405320775, 86.50626787900786, 86.17171613320937, 87.40269614638189, 87.6685524047401, 88.95639453213417, 89.31443722307093, 86.5552575095645, 88.81446717260052, 90.1883231203382, 89.5963854050894, 90.74188457000052, 91.83973246602314, 87.9940868514293, 87.33873564049007, 86.67289755204929, 85.82486939312408, 85.22523994533363, 86.6862391174747, 86.6862391174747
97.01, 97.13403328647101, 96.06447620259698, 95.87592237574098, 95.4246751410944, 97.53628264022994, 95.1984075602137, 94.62074242954341, 94.57802100648709, 85.25911298499855, 85.67588852209451, 86.78063493840769, 87.30869738749212, 85.81502052580596, 84.31369739456835, 85.48958062429809, 85.88922846168357, 87.02039969873967, 87.63422789694607, 88.15104376704261, 88.48911834632828, 88.22931520485605, 87.31053313796602, 84.98406826740512, 84.18839048711607, 84.18839048711607
96.31, 97.01196292424679, 97.10835536777621, 97.42994090530314, 97.42392721425175, 99.36641674973616, 96.9631357925367, 97.63509876644463, 99.413431800195, 97.08490801386527, 96.79190665709523, 98.5185447706751, 99.27220465264297, 99.77204537896016, 98.8293597338962, 98.73734156493886, 98.55061614083503, 98.80469295155707, 100.37318394042262, 98.76234201762524, 97.66780904238249, 94.03308450329007, 92.96783275052593, 90.12064515882865, 89.4939144142089, 89.4939144142089
95.11, 92.02732757513832, 93.40079496710435, 92.68514869454972, 93.475666535012, 90.74672185250898, 85.48961899980043, 85.4829156262004, 87.15222905075696, 87.90400850364901, 88.79557022616235, 90.84422217288041, 89.14027160648315, 88.79587748376737, 90.24596869122634, 89.34240346648308, 87.41142464388689, 87.78072141898387, 88.22019496081366, 88.44379678121082, 87.45646395674439, 89.47236609822004, 88.0761253866774, 87.24761986071563, 88.01084470254072, 88.01084470254072
96.63, 92.71113390952084, 91.931061981557, 91.25604459599182, 91.16608535358633, 92.78864553930876, 93.67624730556042, 90.0431868419874, 89.79496454352184, 88.64727546358702, 88.18646368030542, 88.05400734400305, 87.82604572711952, 85.81502052580596, 85.7371067651537, 84.75618479052292, 85.88922846168357, 85.93344606622207, 86.78879837941433, 87.2191791276007, 86.66912112175672, 84.32939815556858, 85.82486939312408, 84.98406826740512, 84.18839048711607, 84.18839048711607
97.17, 97.38461628149344, 98.92730948837999, 98.54620703339258, 99.09631622183709, 101.29168706853481, 98.68526144535592, 97.76948925617934, 95.4087879800235, 92.57260354315125, 92.16328184030046, 92.48151444577502, 93.75771836002112, 92.33515627378885, 90.37240659220397, 90.72734485184831, 86.84116077085321, 88.70769611831709, 89.92149282218237, 89.13409930199226, 86.77445302135496, 89.10088786264721, 89.88684146257224, 86.9406246541606, 88.22897647275119, 88.22897647275119
94.87, 92.88475423740101, 92.42863896837454, 91.92653009417033, 89.00023950898039, 87.00459419849658, 87.28375130651227, 86.30954502902534, 84.10845337987462, 85.25911298499855, 86.00577998796027, 87.61131738005447, 86.92777720573271, 85.17248277548305, 86.51707535816684, 85.24638371805466, 85.88922846168357, 84.50371598688248, 84.52382558249198, 85.8926009680988, 84.73326827916155, 86.71454486140387, 86.45778024631491, 86.80903178589168, 88.8789407569757, 88.8789407569757
96.56, 97.18003533109078, 97.72920817640184, 96.26821873223906, 90.91905392640224, 91.2828684427734, 90.12622599911612, 89.50520470770832, 89.93666228859763, 88.57141571552302, 88.42936337727392, 90.76666981456756, 92.5087867487724, 90.91662984839061, 88.32869684770712, 87.13747950649898, 86.40446546934733, 87.1608907387983, 87.89986583709575, 86.89097338691938, 84.73326827916155, 84.32939815556858, 85.82486939312408, 84.98406826740512, 85.52363800316057, 85.52363800316057
95.7, 96.59189295224685, 98.84679771745058, 97.79608861715501, 96.40801686669434, 95.33919711629463, 92.8038125115011, 91.7385394741055, 91.70623741754787, 89.77512782331863, 88.58488464436823, 90.81053082415615, 92.37757981608416, 89.74243766246524, 84.31369739456835, 84.75618479052292, 85.88922846168357, 84.50371598688248, 84.52382558249198, 85.8926009680988, 84.73326827916155, 86.7466926435179, 85.58343423466741, 84.98406826740512, 84.18839048711607, 84.18839048711607
95.91, 94.17004025508048, 92.23740013765311, 91.60197618404781, 92.68861939947313, 92.19796119500045, 92.08522031656238, 91.13664812957522, 91.29628613037934, 89.75803022979505, 90.12414369543431, 89.82488346090841, 85.00796617836136, 85.26810532810703, 87.2311369535597, 87.21934973676909, 85.88922846168357, 87.76243268219238, 84.52382558249198, 85.8926009680988, 84.73326827916155, 84.32939815556858, 85.82486939312408, 87.518916658974, 89.9155131390998, 89.9155131390998
96.82, 94.78919475626599, 96.72564859516818, 94.29977436618586, 92.7412789661284, 93.94963093570735, 94.14897419004794, 92.6526742029156, 94.27843841130877, 93.62546868682034, 93.06771298686408, 91.42354781139115, 85.01113441752328, 85.81502052580596, 86.93222569745278, 86.53108807412414, 85.88922846168357, 86.60985718998654, 87.72060279523717, 85.8926009680988, 85.6794708286792, 84.32939815556858, 85.82486939312408, 84.98406826740512, 85.35858052770699, 85.35858052770699
96.21, 91.58781731696689, 86.70966435915278, 87.518573460256, 88.10091438691006, 84.10957757803895, 85.48961899980043, 85.4829156262004, 84.10845337987462, 85.25911298499855, 85.67588852209451, 86.91321709090408, 87.87909825325195, 87.64945872682415, 88.5083410582623, 87.75116120704824, 85.88922846168357, 87.11971620770498, 84.52382558249198, 85.8926009680988, 84.73326827916155, 87.04645692478665, 87.7938971169027, 87.43664870894729, 88.81054354693197, 88.81054354693197
96.13, 92.65928510172945, 91.55197634439219, 89.93194096454619, 88.53990448580691, 90.97664267857944, 85.48961899980043, 85.4829156262004, 85.94929897998318, 85.47021234889947, 85.67588852209451, 87.8480321259816, 85.00796617836136, 85.81502052580596, 86.6503989467377, 86.61357876744036, 85.17998098319546, 84.50371598688248, 85.3757433058082, 85.8926009680988, 84.73326827916155, 86.14013285387065, 85.59593335601707, 86.57117508007943, 88.21985657987237, 88.21985657987237
96.19, 97.02114686109263, 99.05671333493132, 93.70980265065903, 87.8282257427528, 86.38790195460707, 85.44202856538648, 86.35603274478157, 88.08993580802085, 85.35379124733957, 85.67588852209451, 86.02663483435893, 85.33231602102123, 85.81502052580596, 84.31369739456835, 84.75618479052292, 85.88922846168357, 86.8249183278922, 87.99192690065605, 88.33527623240099, 87.82021830372008, 89.17263186106223, 88.82103354643402, 86.03603430013678, 84.18839048711607, 84.18839048711607
94.84, 93.19553859375849, 93.61551434613109, 93.14701884717105, 92.38007411649836, 92.60893072154795, 89.22644519983197, 85.97606553559069, 86.59975735371098, 87.6108625908596, 87.08168888924604, 87.89562766721056, 88.91627841824528, 86.42118168160297, 87.5130144488602, 86.71120916050532, 85.88922846168357, 87.70932122584345, 86.24302152435367, 85.56860312547644, 84.73326827916155, 86.55646756412939, 86.61267089711467, 87.42241846181341, 87.94485723634983, 87.94485723634983
97.29, 97.78048019700329, 99.42157696599546, 97.96092791551405, 96.74482753119224, 98.04495921349803, 98.50642952745588, 98.36352091178193, 99.19927467528106, 96.68263414710948, 97.2571087642983, 99.71875616485056, 100.78621094634292, 98.22279979248019, 99.701433641625, 98.37268177438483, 98.16101727723833, 97.94975524905453, 96.35281851573995, 93.37105397216338, 93.56823387554829, 95.10387760520446, 93.02659399800912, 92.17124784864151, 92.1769827927129, 92.1769827927129
95.48, 93.78429434383584, 90.7576670886544, 90.97195064518283, 91.65584677744687, 92.0406123105176, 92.54366802417248, 91.3048993976373, 93.03456107671906, 90.98032925132426, 91.44021465971407, 90.71946586258213, 91.12658006119428, 91.08838171870266, 90.8853413039725, 87.5734976836001, 85.88922846168357, 87.40245111112408, 88.19578518700814, 85.8926009680988, 84.73326827916155, 85.16437670340599, 85.82486939312408, 86.72489357899852, 86.93516566864936, 86.93516566864936
95.93, 95.63907645985081, 97.77371454799705, 95.09880872262622, 92.15588897672463, 94.5934231686254, 94.7185310327231, 93.50690796941167, 94.72323954502302, 93.4675203302818, 92.40296819908122, 91.87799730740282, 92.84700982315637, 93.60672169489396, 94.19360904150228, 90.82566348771303, 89.88215931039989, 90.7231790502961, 90.25134375101905, 89.73621987127237, 89.93653850041116, 84.32939815556858, 85.82486939312408, 86.68461770889482, 86.21526295784633, 86.21526295784633
96.45, 96.77601056171612, 98.44796002321476, 98.6111407477036, 98.30167108826433, 99.97200727581203, 99.76453968604547, 98.92326217052475, 98.10041155425526, 96.98953700979126, 96.51718977493967, 95.6624343511268, 93.45806871298768, 93.71206482118436, 93.65194639148667, 94.01305721751773, 92.25561408568988, 93.00394877072813, 94.97492554549571, 92.46103852992309, 91.86783008171035, 92.76817013011471, 90.0006468988983, 90.46894748188002, 91.34789910898667, 91.34789910898667
95.87, 86.86061587525182, 88.13405554713995, 88.1355290852762, 87.38145827983982, 88.05328300352474, 88.2447679497994, 87.20229094217058, 89.28687696614845, 89.638605914504, 89.04663999720141, 87.40386593303013, 87.31213186885725, 85.81502052580596, 87.34125158123554, 86.57071713580389, 85.87592781964588, 86.45938117224102, 84.52382558249198, 85.8926009680988, 84.73326827916155, 85.535752067572, 85.82486939312408, 87.29696281925935, 88.28936187739599, 88.28936187739599
96.72, 96.04339412617577, 96.9259039144974, 95.58698513823937, 92.63699190015716, 91.20981366232456, 88.13734779083381, 88.60239816350811, 89.66758790032051, 89.24961968388021, 87.49829107249818, 84.17834927434514, 85.45652449466988, 85.81502052580596, 84.31369739456835, 85.38299232560198, 85.88922846168357, 87.60653428198032, 86.11093713288743, 85.09804345645374, 86.96498774654141, 88.69702869164917, 86.1114610768341, 85.78884436701358, 84.18839048711607, 84.18839048711607
96.18, 96.00643738150572, 97.98891322271332, 94.50103767868627, 93.42710200398416, 95.79959323644822, 93.30327194609507, 86.9037104296454, 88.93814642480896, 86.25068540978256, 85.67588852209451, 85.40710851112595, 85.00796617836136, 85.81502052580596, 84.31369739456835, 84.75618479052292, 85.88922846168357, 84.50371598688248, 84.52382558249198, 85.8926009680988, 86.00674663586652, 84.32939815556858, 85.82486939312408, 86.676731416311, 84.18839048711607, 84.18839048711607
95.96, 96.99121278745672, 96.92265606379239, 96.59347571882424, 94.69321760862042, 96.85279664132668, 95.76369196580168, 95.14127622600286, 96.55526577903183, 96.39563002376606, 95.96510807463189, 94.7284722683222, 95.96465220249085, 95.86905475990834, 95.34026639731592, 94.0244161312591, 94.63566727254832, 95.46928615940006, 93.54383620609502, 91.45106684552798, 89.84342885975121, 91.0445915685882, 91.59349902529955, 92.1925750649995, 93.07956032068294, 93.07956032068294
96.32, 97.67599298230925, 99.06602504255812, 99.00151538169548, 96.26201295981811, 97.00462624702749, 90.32674931014095, 89.42071688643435, 91.35944831822016, 91.47288949923669, 92.51265818823265, 89.75766496132555, 89.44121837134573, 86.29557672944117, 87.52898763248746, 87.6475098776751, 86.7875824738172, 88.21881069162856, 89.72016021835542, 88.62692226907781, 89.63421297658913, 89.75232811926661, 85.85373176796278, 86.98034000667563, 86.48190207047982, 86.48190207047982
97.3, 96.87151907257483, 94.29340189443084, 93.54531259125183, 93.22263930170934, 94.79669744086735, 92.91008322371069, 92.92030153687432, 93.16606648383156, 90.96144745978417, 85.07489756125209, 85.16118861039146, 85.00796617836136, 85.81502052580596, 84.31369739456835, 84.75618479052292, 85.12875401453219, 86.31841473279634, 87.08851901799181, 86.1753890165885, 87.71287098082597, 86.94276737050012, 85.67663984772976, 85.37451229222827, 86.87407149338853, 86.87407149338853
96.21, 97.01277032608164, 95.75982727491933, 94.80977538676851, 95.81385510809413, 90.8924000197765, 89.93772377920618, 86.9983307169984, 87.68928302861, 88.35158763585109, 87.37765757014851, 87.7446325172814, 88.96258966220752, 89.73285604433667, 87.78740969203236, 84.75618479052292, 85.88922846168357, 86.95440105478356, 87.56096687007236, 87.34757272646044, 87.12737508888436, 88.84171376859322, 87.61153098006804, 84.98406826740512, 87.00898004784877, 87.00898004784877
96.63, 93.05994177314133, 92.9730066429657, 87.79569220579171, 88.52779829065724, 88.59709486331703, 86.49566533808762, 86.99442426249755, 86.30925902882184, 85.25911298499855, 85.32352763315086, 87.29640667377122, 86.46742841683799, 86.87899164949107, 89.13319588985621, 90.4402374253036, 85.9832956595782, 88.21012935374698, 86.55619542458922, 85.40566183542424, 84.73326827916155, 84.32939815556858, 85.82486939312408, 87.44712798821385, 88.59444230101009, 88.59444230101009
96.79, 93.91210905271933, 92.0480523899615, 92.78514612071403, 93.99206071618605, 90.30299702139213, 87.53117817137759, 88.12645288251069, 87.889352825758, 87.61537523665709, 85.67588852209451, 84.17834927434514, 85.00796617836136, 85.81502052580596, 87.42837476272672, 88.78134538468343, 85.98270501143607, 84.50371598688248, 84.52382558249198, 85.8926009680988, 86.69940702018341, 87.62008129013007, 87.35496561874625, 86.01031158289265, 87.24437148319963, 87.24437148319963
95.87, 96.64601717500699, 98.99351484371175, 99.19892864067995, 98.51012132416761, 93.46058643272463, 93.64298623202532, 91.30331377686048, 89.52944038130838, 89.21926509760347, 85.62904078304787, 87.346574569599, 86.93293168824864, 85.77647401471039, 84.31369739456835, 84.75618479052292, 85.88922846168357, 84.50371598688248, 84.52382558249198, 85.8926009680988, 84.73326827916155, 85.98416656054201, 85.82486939312408, 86.69737842711231, 88.20933950780747, 88.20933950780747
96.75, 95.51027604530441, 95.92629156583398, 94.42184684102638, 94.59448176029385, 90.35728109118392, 88.31495642440207, 88.62721482586123, 89.35032587493296, 88.07799707437256, 85.07984260172499, 84.17834927434514, 85.1574378279349, 85.17534814384165, 84.31369739456835, 84.75618479052292, 85.88922846168357, 85.5177464150242, 86.15529387683824, 85.8926009680988, 86.47796727652516, 86.69401665188713, 87.4680897987366, 87.27097735958355, 86.12327573561498, 86.12327573561498
95.91, 93.6880570705242, 93.77879184258217, 92.21306193414456, 91.44431093543855, 91.8834034348876, 92.25636124274322, 92.37478767635389, 93.55079249150313, 92.14069270492709, 89.2507834134505, 85.28667444049867, 85.00796617836136, 85.26088758112061, 86.03291949466293, 84.75618479052292, 85.88922846168357, 84.50371598688248, 84.52382558249198, 85.8926009680988, 84.73326827916155, 84.32939815556858, 85.82486939312408, 85.6426616676874, 87.83402362465876, 87.83402362465876
97.21, 97.15490059746575, 96.69462131215981, 94.56426613489853, 95.63525884851879, 95.89512536412876, 94.85335720210973, 92.8148565832448, 94.22043635571649, 92.58253041528803, 91.6424214302896, 92.95184032848951, 92.2578002386846, 90.97160535475595, 88.5112988455165, 89.61397940034931, 89.21149114490288, 89.30264788212705, 87.61967147715572, 87.54381748711981, 86.41955982881223, 84.32939815556858, 85.82486939312408, 86.45370667624047, 87.75490858349616, 87.75490858349616
95.2, 93.58236861985215, 94.85226778380927, 91.04351223528558, 91.85088553795678, 92.92648175594097, 92.91522763048783, 91.75254345260085, 92.0287541755317, 93.11642472665531, 91.57854132760617, 92.8262898216517, 90.1618536670945, 89.4880971642942, 89.7661010501335, 89.31755926532867, 87.67325334009368, 88.0911600340933, 89.50372006088644, 87.11464835382687, 87.83319156602482, 88.49617312806397, 87.73124520843974, 89.22563585687584, 90.75180426344164, 90.75180426344164
95.82, 94.22009194080104, 92.24218027621886, 89.37192122372167, 89.39704116904562, 84.10957757803895, 85.48961899980043, 85.4829156262004, 87.5541907777561, 85.77684659639048, 85.67588852209451, 86.4610458823002, 87.06076007388005, 86.92598261725927, 86.0270774613485, 85.29774560977538, 85.6043191731202, 86.87348709461894, 84.52382558249198, 85.8926009680988, 84.73326827916155, 84.32939815556858, 85.82486939312408, 86.57252107668013, 85.17850003807033, 85.17850003807033
96.8, 95.44215835091907, 94.19145934045191, 94.68316869211088, 94.33978264752417, 92.99933490158952, 91.65274086451629, 92.40041571269144, 93.11808366049557, 93.11731712444814, 90.98158348337729, 90.98544422952723, 87.46353025320921, 86.13776735143496, 87.77215187408754, 84.75618479052292, 85.88922846168357, 84.50371598688248, 84.52382558249198, 85.8926009680988, 85.04492300220215, 86.37992768575306, 85.57668620758471, 84.98406826740512, 86.78325521275818, 86.78325521275818
96.33, 95.95006715847838, 96.29464749422324, 96.58361655721764, 97.61756844787146, 97.99518329679995, 93.99525936444624, 94.3242739049526, 95.82076591464823, 91.28382814686599, 89.73259442714182, 87.7672569393802, 88.35488871482342, 85.81502052580596, 86.10183617691757, 86.73086714077357, 85.88922846168357, 85.53432499149123, 84.52382558249198, 85.8926009680988, 87.38287652732895, 88.55944586838667, 87.98608027464373, 88.94970469506787, 86.31622662047079, 86.31622662047079
95.62, 96.82517545341132, 88.715409875785, 85.44018191463631, 85.25147394837903, 84.10957757803895, 85.48961899980043, 86.23625475589557, 84.10845337987462, 85.25911298499855, 85.67588852209451, 84.17834927434514, 85.30132022565172, 85.16503460470882, 85.37418542082573, 84.75618479052292, 85.88922846168357, 85.85353937862905, 86.64937097342909, 87.16930596041873, 84.73326827916155, 85.86995833966805, 86.09035905021456, 85.29958949155575, 86.51285337392123, 86.51285337392123
95.62, 95.76697631873535, 97.53134778174233, 92.33333073440554, 87.68054258664687, 89.28435128359538, 88.42373391516877, 88.50124644956915, 89.81689164160966, 87.12050319445194, 85.67588852209451, 86.4948794933805, 87.59462542063703, 85.81502052580596, 86.46526051984455, 85.53543788902758, 85.88922846168357, 87.24281196025524, 84.52382558249198, 85.09975762605198, 86.48259860085597, 84.32939815556858, 85.82486939312408, 86.44386274207312, 87.39736619533653, 87.39736619533653
97.02, 93.56081508533495, 95.66512303264668, 94.40543831037245, 93.79499649345999, 93.17305387378865, 91.56074808439212, 91.76112198445728, 90.92186868055312, 91.83452109634592, 88.87590510307287, 87.57034492495089, 85.50306312453642, 85.32081000091158, 87.6687558971253, 88.65609017611912, 88.87134367690649, 85.81449676455794, 86.08263296043133, 85.8926009680988, 84.73326827916155, 86.56387162117689, 85.82486939312408, 85.90432846762216, 84.18839048711607, 84.18839048711607
97.17, 97.97828131040994, 98.50626766326226, 98.56714648868677, 98.29007046601059, 98.34852224610589, 93.13364941599185, 91.02362688450359, 90.34974780632504, 91.68822977001902, 92.08043482093925, 91.59623181788407, 88.98357748526838, 88.52288494225353, 89.68948235225693, 90.50162612601348, 90.87128826756361, 90.86987696489328, 90.32101899733917, 87.62793754728585, 89.33585626197106, 89.81466145358483, 90.06202849295765, 85.51564887627359, 84.18839048711607, 84.18839048711607
95.07, 96.60854970013148, 96.96389204306551, 96.51838037527499, 97.14928528306407, 97.83785544161991, 97.935599719629, 97.91265804394658, 99.70277706258693, 96.3775842777462, 96.82963803549382, 97.68445817065003, 97.50761509793286, 95.75575053910916, 96.35355917262581, 95.35777984479644, 93.6459443280887, 95.162550696639, 94.70574951403638, 95.11864966776596, 92.31325812843069, 91.56270288260504, 92.25741869498219, 89.64371008272934, 90.55051264234292, 90.55051264234292
96.64, 95.75498887065395, 94.64128051440409, 94.95714983447397, 94.16213263212403, 95.10567123369061, 89.2592860265463, 87.21574884067361, 87.80542858533897, 85.25911298499855, 85.67588852209451, 87.4047261285269, 86.24250898430138, 85.81502052580596, 85.4078829854424, 87.1843727025444, 86.15936568741506, 84.50371598688248, 84.52382558249198, 85.8926009680988, 87.30925406635814, 87.85495101165667, 85.82486939312408, 86.556252877409, 84.18839048711607, 84.18839048711607
95.44, 93.65103254050692, 92.62537897079234, 91.6134130396484, 87.16182457009761, 85.70952911376659, 85.48961899980043, 85.4829156262004, 87.5753809584129, 85.25911298499855, 85.67588852209451, 87.79457681660615, 87.65919298208537, 85.07204955765056, 86.27644672650203, 84.75618479052292, 85.88922846168357, 86.64515898774972, 88.62363712296634, 85.8926009680988, 84.73326827916155, 86.77124886579621, 85.37326441678297, 84.98406826740512, 85.27959686034272, 85.27959686034272
96.85, 97.56795841738764, 95.47308923011988, 94.32557544514718, 93.6215472766133, 94.47864470744534, 93.79396156509928, 93.45700504898475, 90.7132759156915, 92.15594133597922, 91.18730722057782, 87.13079674855244, 87.80938718255331, 85.81502052580596, 84.31369739456835, 85.80869487862408, 86.13045180993376, 86.42901695127892, 87.07844841430304, 87.00935523268821, 88.1246576738073, 89.00900710075746, 87.76485532569387, 84.98406826740512, 87.00341328152369, 87.00341328152369
95.88, 94.68549260923663, 92.36916451056608, 92.18095513412003, 92.46380686090103, 92.02239521862602, 90.57471436540901, 89.26659045977132, 91.05487425334141, 92.1949404921252, 91.83268893563358, 93.2100230877885, 92.13107850161268, 91.72154379601507, 88.79541556388023, 90.60519017374577, 91.2448540093162, 87.65299167459303, 87.91189413451066, 85.8926009680988, 84.73326827916155, 84.32939815556858, 85.82486939312408, 84.98406826740512, 86.94443057155308, 86.94443057155308
97.31, 97.97334100835607, 96.98039227242455, 96.92669619304716, 95.60928737936592, 95.99046592185007, 95.06072485741956, 90.71959474518219, 90.46156091120321, 88.49971066669633, 88.3200911346136, 86.28200983646595, 86.61405450211961, 85.81502052580596, 84.31369739456835, 84.75618479052292, 85.88922846168357, 85.49112630617266, 86.356724057115, 86.77425652963281, 85.33270348013883, 87.54910882276988, 85.82486939312408, 85.97957749597612, 86.52928827657041, 86.52928827657041
96.38, 93.7685952356185, 95.43286524370689, 94.94808285317453, 89.18382460082073, 89.5271884489159, 88.10640230225377, 86.91191242152469, 86.01408854072602, 85.25911298499855, 85.67588852209451, 85.20237711960564, 86.33928304752418, 86.84095619571508, 86.78648788675788, 86.65252153409651, 85.88922846168357, 87.30459027331318, 85.84011511375472, 85.21769481683214, 85.82718441127719, 84.32939815556858, 85.82486939312408, 84.98406826740512, 84.18839048711607, 84.18839048711607
96.47, 97.66632936483148, 96.62429435412301, 97.53849288033759, 97.57474499358653, 98.7273785988153, 94.5999014445224, 87.9463331367641, 89.90722324776219, 91.36920211289662, 90.09725849927514, 90.09151765233943, 90.04027985529878, 86.38578336606078, 86.97533051055363, 88.372498841941, 88.91469433340383, 90.62333350111223, 91.87917467616148, 91.05652479865327, 88.87328212417643, 88.28722979863518, 88.75110551599722, 89.11524343582916, 90.70200113370518, 90.70200113370518
96.82, 96.90209196880201, 97.5604680044545, 95.40996913666814, 94.64064009408732, 95.35342326445333, 94.42371516388454, 93.31812396395746, 94.47602995709619, 92.36547221351776, 92.61938277166823, 91.89678101734755, 92.94239595713236, 91.76669737176891, 91.41343760289651, 92.73001186433727, 92.58158187802347, 94.03460576647781, 94.69932166025241, 92.07696707258536, 92.94070932707771, 92.93913555708203, 93.41467831313712, 89.46613996281262, 89.88517727740599, 89.88517727740599
95.91, 95.20675387506022, 94.6645509682823, 93.22699032679725, 92.06612535954324, 92.73960292376934, 92.24314709482962, 92.46616226234363, 93.32788433881906, 91.21323144141247, 91.12753167845003, 92.87094294851548, 91.74324198913935, 90.2643388996405, 90.6891548138698, 90.80793070781098, 90.15915880860601, 91.48869122285346, 91.90487106876414, 91.89382641826319, 90.1265684665168, 91.96718431550738, 92.43633732207155, 91.6072516094347, 87.35244631700687, 87.35244631700687
96.22, 97.05275182873919, 97.31012119877798, 97.77677788261923, 98.06349475865036, 99.39367344424767, 98.88742824278758, 97.79923886268007, 99.86120429361014, 97.95792784977836, 98.38276175766677, 99.77071508579583, 99.23573652626006, 99.2393347139266, 99.49524909759398, 98.09713411336317, 98.51959399066709, 92.831962277452, 91.43240253855548, 91.12700751599402, 89.13251667377673, 85.674298014004, 85.82486939312408, 86.90533101934172, 85.66141095952982, 85.66141095952982
96.45, 96.6101877366346, 93.97007870797167, 94.28336133608381, 94.50701533695107, 95.29037009893476, 94.41015254811069, 88.77189505378135, 91.19534302791422, 92.37864898702911, 93.15981732698852, 94.82760683414979, 94.40187970734782, 95.2491532352244, 96.88342489227533, 96.18869073761418, 96.45169524246047, 88.19369818249142, 85.18011552688785, 85.8926009680988, 87.34384046176855, 88.27121958349268, 88.05652445751436, 86.81555948547022, 87.1460555358538, 87.1460555358538
96.33, 96.5973145837342, 96.98626617385484, 96.41184885229097, 97.01052345768208, 93.65690242881058, 93.41442681088982, 91.89442650648834, 93.50806270993039, 92.00350831659686, 90.45671096548608, 92.11910163828037, 92.84347752736404, 91.16853373412715, 93.15535269128479, 94.60852624378688, 95.00673570449975, 94.46978927503959, 95.2988908053751, 94.81158493789259, 93.00735058430686, 90.78876513311573, 87.52050783899527, 89.16845809959985, 88.35322763447655, 88.35322763447655
96.22, 96.90762762463523, 97.06470223332539, 90.9874934308076, 85.25147394837903, 84.10957757803895, 85.48961899980043, 85.4829156262004, 86.01170998529176, 85.1024501995347, 85.67480729393435, 88.1987601576852, 87.97941202555153, 87.70500785224569, 84.31369739456835, 84.75618479052292, 85.88922846168357, 87.92517882316089, 88.99126651040953, 85.80256799577977, 84.73326827916155, 86.52589261005278, 85.82486939312408, 84.98406826740512, 85.87003212236203, 85.87003212236203
95.78, 95.32609435245783, 96.5355846827419, 92.55715687512514, 92.31505979816546, 94.4992868744972, 92.89936063555429, 93.83278290073689, 90.2387642757429, 87.88113489124001, 85.67588852209451, 84.17834927434514, 85.00796617836136, 85.81502052580596, 85.98234802699497, 87.28796884795078, 85.88922846168357, 87.70237155597847, 87.48275730595465, 87.30815676478821, 88.1739280300296, 88.60974329858239, 87.90399801684802, 88.40990298489419, 87.03609505588116, 87.03609505588116
95.48, 89.44808727822928, 89.13711106423202, 89.64404364492675, 88.09054773376477, 88.81581536864711, 88.93388184226015, 88.41987633470312, 87.92053864759788, 88.63549301281388, 85.75145358735767, 87.33061783135759, 88.03880413713995, 85.81502052580596, 84.31369739456835, 84.75618479052292, 85.88922846168357, 86.2707297682478, 84.52382558249198, 85.8926009680988, 84.73326827916155, 84.32939815556858, 85.18522513269959, 84.98406826740512, 84.18839048711607, 84.18839048711607
97.08, 97.38679225467907, 98.44997084619447, 97.0820077620116, 97.49692978510409, 95.14126188496628, 90.77484570763968, 88.79488058986513, 86.18454952451509, 87.07966890895823, 86.68046223006007, 87.28699581710805, 85.3356471175437, 85.81502052580596, 85.17134139789717, 85.6777188828481, 85.43690597964323, 87.56581211906695, 88.89434983650631, 86.27782335407751, 87.82832981091711, 88.08801971670032, 87.37787997572983, 87.4292929816364, 89.56841194925934, 89.56841194925934
94.91, 96.59741901881712, 97.89190896209405, 96.68210900172744, 93.75763373701928, 95.60443440532033, 92.66796963342402, 93.79587897159658, 94.25753277510434, 93.77883477017735, 93.67371737129984, 95.76705301361977, 88.67523091955329, 85.81502052580596, 84.31369739456835, 84.75618479052292, 85.88922846168357, 85.46705214437954, 87.20960983086174, 86.05780620928026, 84.73326827916155, 85.5599880507826, 85.55687006783845, 86.23264563021397, 87.48146961150974, 87.48146961150974
96.76, 95.07886242585248, 92.86054883717436, 92.26467385847965, 92.22073778926686, 91.27184578354108, 90.78095707226483, 86.23051426486428, 85.04825100897929, 85.21001548632826, 85.67588852209451, 84.17834927434514, 85.00796617836136, 85.81502052580596, 87.71161287057545, 86.95304132394605, 86.22046509994135, 84.50371598688248, 86.00264093359847, 85.8926009680988, 84.73326827916155, 86.81827897716052, 85.03929325300778, 86.14668924601935, 86.90314365185733, 86.90314365185733
95.44, 96.12986979524428, 94.82595251821961, 94.33512729866906, 92.20142214958258, 91.61531287107479, 90.85755702822655, 89.175127255947, 84.10845337987462, 85.25911298499855, 85.67588852209451, 86.81528569936393, 85.00796617836136, 85.81502052580596, 85.55965447167335, 84.75618479052292, 85.88922846168357, 86.21157330933102, 87.14276552267629, 85.70606512220662, 84.73326827916155, 84.32939815556858, 85.82486939312408, 85.8399184784525, 86.7925630385118, 86.7925630385118
96.22, 95.11779303792315, 91.30774478553856, 91.40953857005707, 91.1882073513434, 86.4198011489061, 85.48961899980043, 85.98892607117465, 86.8525695042969, 86.00859711236443, 86.45101835187624, 86.80419108507262, 87.85883411157256, 88.46440576179364, 90.30835760753321, 87.21162831167794, 86.40747822991055, 86.42842381101043, 88.05174974649793, 85.53708884121181, 86.47407757925114, 84.32939815556858, 85.82486939312408, 84.98406826740512, 85.42124937308174, 85.42124937308174
95.76, 96.73873138916065, 98.3460553444066, 95.488469050118, 95.05259774196419, 95.07369783502638, 94.00499389898488, 91.21973184641053, 88.67105491577884, 85.25911298499855, 85.89668732209954, 86.00113437523082, 85.78936479985185, 85.81502052580596, 84.31369739456835, 86.14560850737536, 85.88922846168357, 84.50371598688248, 84.52382558249198, 85.8926009680988, 86.01175421809076, 85.88898986767167, 85.82486939312408, 85.56703670434746, 86.34477711878525, 86.34477711878525
96.37, 95.19965610812476, 95.37849960804866, 94.06837998615322, 91.27706517039911, 93.12003944128563, 91.66918016623254, 90.61916601387458, 91.3664348464858, 90.67448707425746, 90.29993857017747, 89.21861439732864, 88.91723092695838, 87.83845652575239, 88.1817736024088, 84.75618479052292, 85.88922846168357, 84.50371598688248, 85.75358606054377, 85.8926009680988, 86.27682779367034, 87.85574486635551, 87.17205588135491, 87.84141393726874, 89.37934609555744, 89.37934609555744
96.11, 95.81778606381259, 95.4828244439257, 94.46152152214492, 95.49922676250988, 93.20481475573537, 90.72438499334056, 90.18291074357613, 91.34725708602538, 87.14170187130804, 87.4940282060549, 87.48033920616925, 87.31137641525274, 87.26547895318186, 88.70299133656448, 89.8021105825216, 88.42426277287993, 90.33495985531087, 88.7689850066335, 87.71753893447284, 87.78858475307837, 90.05521941161841, 89.3623704420734, 89.37204680827799, 90.43758058811967, 90.43758058811967
96.46, 97.18963630099353, 96.76745065516702, 97.81834942559009, 98.5869898201659, 98.16695696869513, 98.91413105051446, 98.74138530081173, 99.61055164123985, 98.9412470783826, 99.24062936409175, 100.94477694228794, 101.57454104144955, 98.74086189355455, 99.13620435166229, 100.56064648630115, 99.7439785129852, 98.97495700659138, 91.49924329319563, 90.44586494992136, 89.71166579949814, 92.09208709056104, 90.4423516123893, 90.82473676651526, 92.67656455834491, 92.67656455834491
96.76, 91.7266184186278, 89.80787318134776, 86.22237233175376, 85.40442413874263, 84.10957757803895, 85.48961899980043, 85.4829156262004, 84.10845337987462, 85.25911298499855, 85.67588852209451, 87.83163442017107, 87.93174850944416, 86.67051433344994, 86.35775674250908, 84.75618479052292, 85.88922846168357, 84.50371598688248, 85.2972425243697, 85.8926009680988, 86.36843854542853, 84.32939815556858, 85.82486939312408, 85.7899234618564, 85.9211733018485, 85.9211733018485
97.0, 97.8203473153996, 99.65169962660156, 99.18245327715496, 100.54691625578111, 99.08835744379948, 94.51719165839937, 94.83521403108448, 92.3932987009679, 91.25971677483703, 89.92785349435222, 91.22513382164605, 92.33332720631113, 91.97087259925362, 93.71847438014163, 94.32437236432908, 93.1519446368228, 94.5662449882427, 92.36152494157199, 91.9052882463596, 89.7900447081374, 89.90067446836625, 89.64170759255376, 88.00074470412146, 84.18839048711607, 84.18839048711607
96.79, 97.48117185765184, 96.91087167557428, 93.8259716261486, 91.61905331708296, 90.87359854787918, 87.23523457464054, 85.26202411959585, 87.3522707800238, 85.71532399791177, 85.70789821870059, 86.95275600483971, 88.40814688659978, 88.7262218621296, 87.41948498291568, 88.92034519938701, 89.14719361931822, 90.8110738447629, 87.06561166826907, 85.8926009680988, 85.93148919143809, 86.95751244531921, 87.67706509025203, 87.61572108957294, 87.28916761851015, 87.28916761851015
96.01, 96.32060620028072, 95.22633672220583, 95.47381239425044, 96.90682157786654, 95.57448568321405, 95.39893186453085, 95.65286637462958, 92.35668763320916, 93.17745136044095, 92.83861827629872, 91.48433898105844, 90.88855650090979, 87.89171789261562, 88.54151294569061, 89.6643012661167, 87.22676536961168, 88.45343441395518, 88.93896271740195, 89.42855050166384, 87.95861156864125, 88.8326609137833, 86.92496118377419, 87.9982510964909, 89.75294750557227, 89.75294750557227
96.2, 96.92444297337805, 98.8207893750263, 96.71344655829633, 96.00875613526381, 91.92939374373927, 90.9882837359064, 86.23385259462933, 87.72611067970526, 87.65809364026575, 86.99288963837186, 84.17834927434514, 85.00796617836136, 85.81502052580596, 87.44215185791458, 87.44424815690199, 85.88922846168357, 85.79785212599513, 84.52382558249198, 85.8926009680988, 85.41365393950805, 85.91297950353581, 85.82486939312408, 86.13096350792036, 87.28881239443953, 87.28881239443953
96.04, 95.7353529479957, 96.6460835624166, 93.43609712637442, 88.79378517262985, 90.43962052664853, 91.0424223569333, 85.89998141101462, 84.10845337987462, 85.25911298499855, 85.67588852209451, 84.17834927434514, 85.00796617836136, 85.81502052580596, 85.32778811856983, 84.75618479052292, 85.88922846168357, 85.21739745822099, 84.52382558249198, 85.8926009680988, 84.73326827916155, 84.32939815556858, 85.82486939312408, 84.98406826740512, 85.02977048646858, 85.02977048646858
95.96, 96.77874248226126, 95.5648966928287, 90.9122543154002, 91.20382944019458, 93.69559633818947, 93.7753331283545, 92.46860719099722, 94.55718775656803, 94.39411493918239, 93.16178534894354, 94.70015752734116, 94.79168020914452, 93.79836974876726, 94.50721659153727, 93.20831311372655, 91.23521697091948, 90.63288522513284, 92.10567168303335, 91.71579631579277, 91.28470159525786, 89.26403020122527, 88.76622353540557, 84.98406826740512, 86.21584991408612, 86.21584991408612
96.71, 96.31780930848967, 97.65594043403145, 95.86701340553276, 95.93603089855655, 96.86974899514105, 95.47421889876152, 93.88878796440962, 85.99835517403302, 87.07369674776955, 85.89882126701845, 86.96334135096386, 88.2745322396391, 85.74080497910847, 85.4804654082749, 86.45974854029757, 85.88922846168357, 84.50371598688248, 84.52382558249198, 85.8926009680988, 84.73326827916155, 84.32939815556858, 85.82486939312408, 87.14278781106371, 89.1042497286056, 89.1042497286056
97.22, 97.22906345978197, 98.8346845132637, 96.83248510588044, 96.52334784095487, 97.42894413053472, 96.24940767978872, 95.84617292005287, 97.42298956790025, 94.01011026712018, 93.28071378654185, 94.10842817834575, 89.87099895415082, 88.9855357715465, 89.01323053338731, 88.69081487334381, 85.88922846168357, 85.34509870749294, 86.14554638993545, 86.50439007476518, 86.94572185594372, 87.22182346588585, 85.5489880713458, 84.98406826740512, 85.24117552070747, 85.24117552070747
96.14, 93.03724904437293, 94.97323975862138, 95.71704939398434, 96.26643095820843, 96.11175883688843, 94.61269748905815, 94.77167981687668, 88.27459549551644, 88.89084828905516, 87.00520330170627, 87.44887431653444, 85.00796617836136, 85.81502052580596, 86.40059317521725, 85.11941993241597, 85.0209925145894, 84.50371598688248, 86.39963983484596, 85.96569237522867, 84.73326827916155, 86.46568771339646, 85.82486939312408, 85.46251425287068, 87.13003717172506, 87.13003717172506
95.82, 95.42401549636853, 93.14352293557515, 93.13684734621471, 89.91757715107835, 92.182621025648, 90.1538730224489, 88.78226323062499, 84.10845337987462, 85.25911298499855, 85.67588852209451, 87.18282835223417, 85.67938243483118, 86.45276161484888, 88.62746306951908, 89.56531675379422, 87.90513222535586, 87.86393027945452, 88.43165127713539, 87.88993985303738, 87.8393280197694, 86.53700572601883, 86.00626902273252, 87.49186945023044, 88.02258171255619, 88.02258171255619
96.18, 96.03130963822277, 96.10669177155603, 94.9131775616155, 93.08637790367096, 94.72180785837293, 95.96969273728313, 95.6645503692961, 97.38659669938991, 96.1924599557291, 96.1183746188721, 97.20696152414163, 95.30495784402984, 93.65935914735788, 95.85892650234904, 95.40974671086327, 94.41350076988417, 93.45317145069237, 91.19643194809798, 89.76207555705899, 89.92567970013154, 91.56949314608893, 91.6211532449146, 89.81624316201005, 91.42923153752909, 91.42923153752909
97.22, 94.64988284467918, 95.44857835032015, 90.11825238847105, 85.25147394837903, 85.5820778518238, 85.48961899980043, 85.4829156262004, 85.02705474039338, 85.25911298499855, 85.37682267412158, 84.17834927434514, 85.00796617836136, 85.81502052580596, 86.5504751869775, 85.5723905120983, 85.88922846168357, 87.19727823568275, 87.106359516009, 86.08176938633578, 86.30656258290945, 84.32939815556858, 85.82486939312408, 87.30710807523876, 88.29179076370056, 88.29179076370056
96.28, 95.69100745729563, 97.65317773416983, 97.15583553677394, 93.93552334152605, 93.93780825450627, 91.12710194447045, 89.40569939071649, 91.99173951496661, 91.8076242916141, 92.40859311268008, 94.58947370796736, 93.11208245560977, 93.46534712419124, 95.49186434084083, 95.90095056697646, 94.31714346046348, 93.03120497424237, 93.91719872737161, 93.87864589634285, 94.29861841435488, 94.84556034777788, 89.82651590926048, 88.61789381775789, 89.58742501845946, 89.58742501845946
95.51, 96.27024139223901, 96.49180666989831, 95.66309065668987, 93.78716229896601, 91.58091767770333, 91.47539555778958, 91.47013759592953, 93.53733055303138, 91.7144188542068, 90.68523463666723, 92.21722600402164, 91.62386550024037, 85.16210833798505, 86.70365469345819, 87.47500893874242, 87.87284504821797, 87.99174761666467, 87.18210857425727, 85.8926009680988, 85.67801063208489, 85.0348896372224, 85.82486939312408, 86.32127655679564, 84.18839048711607, 84.18839048711607
95.82, 93.05540112367459, 92.08389237681055, 90.652481300756, 88.97839374320307, 88.48699184621046, 86.8613323982911, 87.42386109028769, 88.66545081759908, 87.79272472134853, 86.01912454989673, 85.46067587784782, 85.00796617836136, 85.0078548183389, 86.64277949286944, 87.9997388919901, 88.12024687891953, 86.16846429825547, 87.70062061873213, 86.96700315554216, 87.49249381146358, 88.07135252704751, 86.7415034595432, 85.16786615637712, 84.18839048711607, 84.18839048711607
96.29, 94.49892103767351, 94.84824717041926, 91.67091702271752, 87.51982778814275, 89.25406363257706, 86.47048668817929, 86.80478688870662, 85.4147714726719, 85.25911298499855, 85.67588852209451, 86.9088709491437, 86.39721094433862, 87.24068939457881, 88.49407334536492, 86.47374769151594, 85.1305141790164, 84.50371598688248, 84.52382558249198, 85.8926009680988, 84.73326827916155, 86.13665012096308, 86.6388461704269, 85.38656113976565, 84.18839048711607, 84.18839048711607
96.28, 96.89111951644843, 98.71142756171363, 98.17648449338365, 92.72996854228708, 93.21939523170762, 93.0429243106668, 92.64925913053268, 94.64503880604754, 91.80457281575895, 91.87600135574309, 93.00039838749295, 93.91156706128689, 92.53426168152609, 94.36363230044748, 94.8228299794096, 93.9749638449431, 92.5141918524942, 91.30408447182849, 91.10346760985482, 91.40466718881892, 91.95275739827777, 91.4035692919766, 90.71500899452143, 91.54236215758567, 91.54236215758567
95.88, 96.6732862814694, 99.14276040496324, 98.12533612769975, 97.78429738137963, 96.90805281486107, 93.37425005998581, 94.562458251188, 94.45555135273156, 88.77127558967241, 85.96077942761373, 88.46802721586167, 87.47235696058279, 85.81502052580596, 87.81820796590073, 89.57916601652681, 86.12451816072713, 86.26982896848294, 87.40707730266209, 85.20151166261951, 84.73326827916155, 84.32939815556858, 85.82486939312408, 86.25900214524435, 88.36979739948563, 88.36979739948563
95.72, 96.2024796686376, 90.57037049930882, 89.51905041001136, 90.18418236444411, 90.3826887117153, 88.16293842466779, 85.4829156262004, 84.10845337987462, 85.25911298499855, 85.07375382960893, 84.17834927434514, 85.00796617836136, 85.3243689328988, 87.40214644692253, 88.45846251313753, 88.37883353940491, 89.2297036576078, 86.46242497526846, 85.8926009680988, 86.5177904323266, 86.81863680465098, 87.43620063766254, 88.26406538184041, 84.18839048711607, 84.18839048711607
95.06, 94.13130222277091, 94.69854330682887, 94.5777209641362, 95.56072332860093, 97.51677940678336, 94.61690445899711, 95.1588828306113, 95.41377713964138, 94.76005458841864, 94.1888702529253, 92.40429467235344, 92.2910047359588, 85.53567526427068, 84.31369739456835, 84.75618479052292, 85.88922846168357, 86.559407296858, 85.01032699805309, 85.8926009680988, 86.7301113293377, 88.20585308668184, 88.13219191878176, 88.49240333367709, 88.84829182125709, 88.84829182125709
96.82, 97.09104004599348, 99.39311992974831, 93.62984298822725, 87.46778115670772, 89.75999331401425, 89.2107682504554, 86.25823669574307, 87.62511469111196, 85.21324917075437, 85.67588852209451, 85.95939925743029, 87.0259088358914, 85.44119061313442, 84.31369739456835, 84.75618479052292, 85.88922846168357, 86.90290853030999, 88.02155192716903, 87.29515037661692, 88.32600043192514, 87.95021613161148, 88.5680470133746, 88.09235046865555, 86.58708627198274, 86.58708627198274
97.13, 90.81989843600944, 89.57282941903634, 85.68112224577713, 85.68340259803153, 84.10957757803895, 85.48961899980043, 85.96718375893667, 85.92098252151295, 85.11765242116134, 85.67588852209451, 85.61452397739532, 86.07403142064088, 85.32793120740843, 86.15001074945144, 87.34468020015376, 87.87319154652417, 86.98297391811869, 87.82979333851002, 85.16554531429763, 85.76880558109737, 87.56939040123763, 86.03942579806812, 85.72298464652751, 84.18839048711607, 84.18839048711607
96.04, 95.85320601369676, 97.21391672333682, 98.04508407855865, 97.39417718052853, 96.77055223996192, 94.98796084065394, 94.08855647254332, 95.76156402335688, 93.13881868056978, 90.94510426768626, 93.00669594636966, 93.45978558239304, 93.37610900331772, 93.89928674563964, 93.15110574634585, 85.88922846168357, 87.27664237609508, 84.52382558249198, 85.8926009680988, 85.76088068023824, 87.40314346056022, 85.82486939312408, 87.02090673630433, 84.18839048711607, 84.18839048711607
96.2, 94.36194187618537, 95.68768921925032, 95.86724232637657, 91.88682561342102, 88.23583295968949, 87.9088590076245, 88.69683551821392, 85.76829241133994, 85.61794754962335, 85.67588852209451, 88.03723609888601, 89.18080570832636, 85.89197947534957, 87.44194802819248, 86.11388225378248, 85.88922846168357, 84.50371598688248, 84.52382558249198, 85.8926009680988, 86.92523426832085, 89.31776371207837, 89.54746675128582, 89.1500918564701, 88.28957587328722, 88.28957587328722
96.21, 90.72526388887526, 92.4270827672352, 89.68998646425253, 89.27876357441043, 89.63614948184885, 87.52071775051425, 86.85522994166692, 88.34187090810688, 88.05792313447768, 85.59117492923428, 84.17834927434514, 85.00796617836136, 85.81502052580596, 85.79671138396749, 86.55229267863544, 85.88922846168357, 85.17669654819471, 86.5535142228613, 85.07828375112176, 85.0349846442058, 84.32939815556858, 85.82486939312408, 84.98406826740512, 84.18839048711607, 84.18839048711607
96.34, 96.44963232009022, 97.38440829722337, 94.20805677311989, 92.67862287195193, 94.75683301737006, 91.3892640599628, 92.56509264552176, 92.48582190001255, 90.37055277620948, 88.36862993262287, 90.17833005895335, 89.23488375749413, 87.78685886707633, 88.82298034821157, 86.42777326959921, 85.88922846168357, 86.83117318970403, 85.6745972914002, 85.37263149874062, 84.73326827916155, 84.32939815556858, 85.82486939312408, 84.98406826740512, 85.34959101585079, 85.34959101585079
96.22, 95.25666884656586, 96.00036570774438, 96.50751338388284, 95.7738528878745, 95.60294041541935, 96.50621089325819, 96.02473629870676, 95.01154745727034, 94.77596579159406, 95.65617343979348, 95.92842625214887, 95.36080445391687, 88.31360660732811, 90.02538552072252, 84.75618479052292, 85.88922846168357, 87.69506596560504, 89.04144884301164, 87.11245435244345, 88.89830769930549, 89.57547455220755, 87.76112346359058, 88.27149910605792, 89.77583604688498, 89.77583604688498
95.55, 90.15603057375229, 90.65980897433073, 88.82289782383971, 88.94048745767891, 87.94501893707417, 86.57745250169256, 85.02100511539533, 85.45271335261002, 85.25911298499855, 85.53378704393128, 86.75559139900152, 86.20768028902671, 85.781731758379, 84.31369739456835, 85.18027128505716, 85.4688515820281, 86.82756610923859, 86.94138304742017, 85.10544820859786, 86.19290808722026, 88.06530893148481, 85.82486939312408, 84.98406826740512, 84.18839048711607, 84.18839048711607
95.74, 94.34133095985139, 94.51857851543511, 94.43138778233325, 93.74646266656082, 93.24200601969835, 93.24240666427377, 91.50107259649324, 91.79932972415288, 93.02357226348562, 90.87099302250158, 91.12182440403909, 89.65762070184101, 88.03564803083289, 89.61497806744242, 84.75618479052292, 85.88922846168357, 84.50371598688248, 86.01082573510708, 85.8926009680988, 85.68222148508032, 86.88390794508183, 85.82486939312408, 85.08859629677565, 85.93312692188638, 85.93312692188638
95.89, 97.30187057916903, 94.74086148564797, 93.34432119596705, 92.19816237919115, 91.68584028520021, 89.97564593844288, 87.70946965866152, 89.81504966858982, 85.25911298499855, 85.20657885317796, 84.17834927434514, 85.00796617836136, 85.3355089354143, 87.42285491205816, 86.00838862993007, 85.88922846168357, 87.28042110902656, 85.9019934946951, 85.45237688115222, 84.73326827916155, 85.39582892237819, 85.82486939312408, 84.98406826740512, 85.52125081959565, 85.52125081959565
94.86, 95.96513639768942, 97.82370135621952, 94.49225855844347, 95.31536883672088, 97.0997547499258, 97.6058581088969, 97.26096561428923, 95.935406028513, 95.7346161105982, 95.55757335967081, 96.19279754489051, 97.86685920331294, 94.73791155786525, 94.54620988783621, 95.22922156041197, 93.7123658162137, 93.41036576299994, 92.50225649363534, 88.84493371700366, 88.62828662254805, 89.22320272580745, 88.18854286898375, 87.6402942677886, 88.27531926751497, 88.27531926751497
96.46, 97.38810553844542, 97.15222940021313, 95.59199127986632, 96.40512768634791, 96.93242234681468, 95.42882150361126, 93.55020305369862, 93.5619691254688, 87.46935536007771, 85.67588852209451, 84.17834927434514, 85.00796617836136, 85.81502052580596, 84.31369739456835, 84.75618479052292, 85.88922846168357, 84.50371598688248, 84.52382558249198, 85.0479969183202, 86.69176740773466, 86.29556772455155, 86.79127999763045, 87.21484876167646, 89.19350193029408, 89.19350193029408
95.84, 95.39674817165039, 96.06772381821315, 89.80283741584844, 89.93322472263574, 90.08483485824239, 89.75386164300225, 90.75851644120519, 91.40702374843927, 90.41286775392652, 90.25021811788672, 90.60633041121991, 91.51395712851495, 85.96865212172264, 87.1287991262674, 88.50105985548234, 88.22174304655385, 88.24787590128943, 84.52382558249198, 85.8926009680988, 84.73326827916155, 85.30892599825171, 85.82486939312408, 84.98406826740512, 86.71864837369408, 86.71864837369408
96.57, 96.91171272804188, 97.44391999804272, 94.7220303751941, 93.05792517051499, 93.16379169482028, 91.58906611653495, 88.57674090300893, 90.59285334617547, 89.06849231090786, 85.78229751034311, 86.92121972175892, 87.99208906917318, 86.47819946995072, 88.67057585601864, 84.75618479052292, 85.88922846168357, 87.8131079957296, 89.2279805383381, 87.33825654735362, 87.4465172948839, 85.17923483822217, 85.82486939312408, 84.98406826740512, 86.82225737907387, 86.82225737907387
97.41, 98.74529061252646, 95.21581568891122, 89.01400014470565, 85.25147394837903, 84.10957757803895, 85.48961899980043, 85.4829156262004, 84.10845337987462, 85.25911298499855, 85.67588852209451, 85.90038189069993, 85.00796617836136, 85.81502052580596, 85.29529923176968, 85.94883855042688, 85.22318068144388, 84.50371598688248, 85.06951796704251, 85.8926009680988, 84.73326827916155, 85.36333717406522, 85.82486939312408, 84.98406826740512, 85.23641057691702, 85.23641057691702
96.23, 95.39834439430781, 97.0526340842796, 95.56850357081153, 94.03583415319287, 96.63436547290452, 94.89691021981825, 93.49751085047475, 90.58238633839544, 89.41251107673423, 88.61818093153491, 90.0411147806595, 86.48577285709513, 85.81502052580596, 87.51328965070664, 88.16233194142833, 87.09471060529675, 86.26168322257885, 86.00608168523722, 85.8926009680988, 86.55372285915522, 86.13574616744505, 85.82486939312408, 87.32403008498498, 89.3290630956883, 89.3290630956883
97.15, 97.48957560614146, 96.60395676432915, 92.94943816200313, 92.79011702523489, 94.23294419037133, 90.47100911735252, 90.94576924345859, 90.02444732988907, 85.25911298499855, 86.11731086879144, 86.99750285411933, 85.00796617836136, 85.53808840902904, 86.2192732478055, 85.77842845362767, 85.88922846168357, 86.6638651130233, 88.60787841131256, 85.8926009680988, 84.73326827916155, 84.32939815556858, 85.82486939312408, 86.16094435483096, 85.36125114218032, 85.36125114218032
97.01, 97.90056154622164, 98.7795585953648, 98.97778948867915, 100.10478800654904, 98.44314792941167, 98.21717757751489, 97.38184306258243, 100.02695797669806, 100.55233931210472, 101.30792060438253, 100.77864675256222, 100.69568917199193, 101.40776967440681, 102.08280443166377, 100.82350428225868, 101.34617431157129, 101.01120542979791, 102.16255114629271, 101.28443636857672, 101.32338714086723, 102.89826216237465, 102.2837123874753, 101.6705108144703, 101.92785520152933, 101.92785520152933
96.46, 95.8081468346829, 90.15496562058091, 88.03716229514058, 88.15780761365139, 90.0925509934396, 90.05440292814363, 88.57173584303749, 89.3260620131301, 89.52461412672696, 88.57948455521502, 90.00790960561699, 88.31786860451022, 86.42300201826984, 84.31369739456835, 84.75618479052292, 85.88922846168357, 87.26429402978893, 84.52382558249198, 85.8926009680988, 87.63711834379751, 88.92544835562312, 89.32201655140679, 88.70134033542297, 91.1028147695095, 91.1028147695095
95.46, 95.35198237092034, 93.68883979165643, 86.987504384223, 85.45817978011927, 85.80314097614671, 85.48961899980043, 85.3315814018998, 87.60525992834242, 88.18892880201457, 85.58733375191827, 84.17834927434514, 85.00796617836136, 85.81502052580596, 86.0948128192058, 85.91529160012531, 85.88922846168357, 87.7497791948094, 88.85867416472283, 89.62212137020758, 89.37612711306868, 90.00422497419117, 86.24359031925758, 86.6633827289717, 87.86010749300677, 87.86010749300677
95.76, 95.5202791720518, 97.70757229692686, 95.96711827983863, 95.9705929050483, 97.58916920333026, 97.45280099820715, 97.75566238851441, 98.67881989582692, 98.89106266225589, 97.84780963091616, 100.05293471339034, 95.89614435443661, 95.11121874479758, 95.99688676037702, 91.78760737062991, 89.80560135718783, 90.86505902941697, 90.91936985739368, 86.62846189958817, 87.34773406142567, 86.43744388404892, 86.46649533145498, 86.92178425225221, 86.34567916647936, 86.34567916647936
95.48, 94.16205572380218, 94.92109218175776, 94.88842504045441, 95.8472067274258, 95.94816192841378, 95.0185927949718, 92.68353915677096, 91.13135972051478, 91.87686297549708, 89.78713782322107, 90.51111728289247, 88.83899717858087, 88.17492169524019, 84.31369739456835, 84.75618479052292, 85.88922846168357, 85.70871537772706, 85.21464699084898, 85.3142906943642, 84.73326827916155, 86.59405176886885, 85.82486939312408, 84.98406826740512, 84.18839048711607, 84.18839048711607
96.1, 94.48709434612326, 91.0770926198828, 90.15864430220108, 90.36445359771629, 89.73408917552008, 88.14720331564318, 86.60063570876228, 88.93455046775607, 88.5833418402576, 85.00838641263626, 86.7685031531032, 87.99928380084889, 85.61659998104487, 87.95933911865826, 84.75618479052292, 85.88922846168357, 84.50371598688248, 84.52382558249198, 85.8926009680988, 86.61690688185294, 87.86980830344471, 85.82486939312408, 86.01103632859697, 84.18839048711607, 84.18839048711607
96.57, 94.19826299877893, 93.35031952388361, 89.23504831554428, 89.21819426473841, 90.33753347739643, 88.96813405839748, 89.79391142743806, 87.26751933689812, 85.55417454658159, 85.67588852209451, 84.17834927434514, 85.00796617836136, 85.86638115307753, 84.31369739456835, 84.75618479052292, 85.88922846168357, 85.96015254138528, 84.52382558249198, 85.8926009680988, 84.73326827916155, 86.52383471065677, 85.00645094233089, 85.97857650100755, 85.28066063435114, 85.28066063435114
97.16, 96.77751382162221, 98.65385857968593, 98.84895574529088, 97.75547386723542, 98.55185499726427, 93.42896057982172, 93.85236611157438, 93.91251829860478, 92.54267222234078, 92.25285908266288, 93.78171157338011, 88.61624024444575, 88.47356042716987, 86.13651897509355, 84.75618479052292, 85.88922846168357, 87.84511513794888, 86.7867734754833, 85.8926009680988, 85.8313718059242, 86.43008905558494, 86.35184499731555, 87.90444786874717, 86.59464155138517, 86.59464155138517
96.76, 97.65965995353754, 96.9858083837829, 94.69317885441826, 94.3062801994462, 93.32672225715136, 91.58543263373836, 89.61044877684375, 90.86394326393744, 88.80966465546709, 87.7479513444674, 86.53931966546115, 86.59668624896206, 87.12610667062664, 84.31369739456835, 84.75618479052292, 85.88922846168357, 84.50371598688248, 84.52382558249198, 85.8926009680988, 84.73326827916155, 85.66804603186714, 85.80883850060681, 84.98406826740512, 86.34903981894784, 86.34903981894784
95.76, 96.91246307763049, 98.68742558909346, 96.87206326182068, 93.95000065186774, 95.17094516332696, 95.49787560773208, 93.09024879714656, 88.9831104842783, 89.91896298770502, 90.1220769210147, 91.08186254425122, 91.62413529060224, 89.43123633350912, 86.89561659857354, 86.32685660056909, 85.88922846168357, 87.31785212222695, 87.76492589420656, 85.8926009680988, 84.73326827916155, 85.18451812195619, 85.82486939312408, 86.47033871262364, 86.32451727044705, 86.32451727044705
96.42, 97.49976527656436, 96.82360937890601, 95.29084405922087, 96.56757608040374, 98.33761753790007, 98.29810139886462, 96.38227999633783, 95.91848293411807, 95.51392421624078, 86.27332679935515, 84.17834927434514, 85.00796617836136, 85.81502052580596, 86.458509460341, 87.763904949438, 88.42087415356823, 87.60238834575952, 88.75177626092369, 85.35309552229602, 84.73326827916155, 84.32939815556858, 85.82486939312408, 87.2741503885936, 85.64686963662527, 85.64686963662527
95.16, 93.967555411557, 94.97707730421868, 94.73013380751165, 93.81054285952634, 95.93407041520675, 94.37817247172983, 94.71494512315489, 95.1319391445319, 93.93129219564406, 92.63764058977674, 94.84432805735513, 95.98376328796154, 94.81221155231998, 96.18975051961786, 94.28816610056809, 93.90803901947692, 94.6284036185143, 95.34747013986012, 90.85078995146688, 90.39894419694666, 92.38989938835749, 89.88263120770814, 84.98406826740512, 87.08001050091507, 87.08001050091507
96.68, 96.7547812236287, 95.17416245681908, 95.52059916874329, 96.04445172508773, 97.64538003102761, 97.8430548621605, 93.79313910543338, 94.4466182072051, 94.5122302006644, 93.44746679048998, 91.64520319922042, 93.13120469021979, 92.262736557264, 92.59330197256503, 94.25888535986435, 90.24762983218177, 89.80198962992597, 90.65837688038226, 88.08699797605315, 89.12935340464523, 84.32939815556858, 85.82486939312408, 86.92488031225129, 87.46952406173038, 87.46952406173038
96.53, 96.85246382674707, 97.0932064007739, 97.49779705848056, 93.1024080638922, 95.46281617668295, 95.13928206010226, 96.07539250962961, 92.68067568652225, 93.13031596602158, 93.13357613081237, 93.13927444442344, 89.52483023481521, 85.81502052580596, 84.31369739456835, 84.75618479052292, 85.88922846168357, 85.84964624466737, 85.23520948395061, 85.51495379736622, 84.73326827916155, 84.32939815556858, 85.82486939312408, 86.99895979644194, 87.58918733466861, 87.58918733466861
97.31, 95.46202012995411, 95.15899101784098, 95.6634175692461, 95.09798915960941, 96.57197729124535, 95.71441333856268, 94.89910563654968, 95.69719753522405, 94.20195177365311, 94.08763754206741, 95.31720320567793, 90.09374356700641, 86.5201138321794, 88.6262543760037, 87.07934756727059, 85.88922846168357, 85.98799160435857, 86.27943425052786, 85.8926009680988, 86.54053717396656, 88.008201619534, 85.82486939312408, 84.98406826740512, 84.18839048711607, 84.18839048711607
95.44, 96.52135375995854, 97.236035509753, 94.5704795127776, 93.03783917337934, 94.93836942183732, 94.36370809722102, 94.74211142732203, 95.08701862553237, 93.09080758681614, 85.89878310300175, 86.01648204597089, 85.00796617836136, 85.81502052580596, 87.7449966872496, 89.44884123627446, 87.66741552678185, 88.0508163317602, 88.54291880407276, 86.83201972545835, 84.73326827916155, 84.32939815556858, 85.82486939312408, 85.87946052375362, 86.42004782592196, 86.42004782592196
95.23, 93.38037207762912, 94.9747837760044, 95.52728757234571, 96.15227584512827, 94.30764383711372, 93.31421887130158, 90.00142081232808, 91.32063440118087, 91.44706556175329, 92.4624784093131, 90.64876855349398, 87.36824624703132, 85.81502052580596, 85.72645592151751, 86.22343925580157, 85.88922846168357, 86.97256613427759, 87.89359433104043, 85.8926009680988, 84.73326827916155, 84.32939815556858, 85.82486939312408, 84.98406826740512, 86.25581855670293, 86.25581855670293
96.09, 94.46210346060418, 93.72031243135028, 91.79956083970809, 92.26859302589567, 91.9043735158453, 92.88602018850294, 90.28047183096172, 90.94150501732354, 92.21403509625112, 91.03378382343256, 90.46243816258061, 91.66087722445516, 87.2929924364843, 89.20689703374799, 89.94654275323548, 90.2267133506472, 90.1169315698579, 89.43408849265266, 87.50543296348283, 88.2327328917198, 84.32939815556858, 85.82486939312408, 85.86334984999534, 84.18839048711607, 84.18839048711607
96.57, 94.73499218157518, 95.82421884516334, 93.34936301633981, 94.45736264453387, 96.85194829908686, 97.95216071534834, 94.47903732625494, 93.52783489996219, 89.99986236074588, 85.67588852209451, 87.432085298636, 86.1238025564293, 85.81502052580596, 84.31369739456835, 85.91223400481636, 85.75283043397182, 84.50371598688248, 86.20452527789703, 85.8926009680988, 87.39998652666699, 88.62979679465363, 85.82486939312408, 86.43769540064001, 87.72021456166601, 87.72021456166601
95.07, 93.71825210436664, 94.30242765726261, 94.65428184280954, 94.38639210772874, 93.09516982932075, 93.7416555637237, 93.39248069311475, 95.05218862001719, 94.80689888018243, 95.43718751017236, 93.38961367798981, 94.0550146332201, 91.95389352726038, 93.44640461522935, 93.4834077239202, 92.85421918148516, 93.89357714948808, 94.79623198615351, 86.7174597681654, 88.51176530769008, 86.66048589730062, 85.82486939312408, 86.70680458493928, 84.18839048711607, 84.18839048711607
96.27, 93.7728434561084, 95.05674941135001, 95.80934452316413, 92.08521116191169, 93.92144011485293, 91.99163968660721, 92.72094488643789, 94.17289633194444, 92.70702950877508, 91.2071580829533, 93.27953343174684, 92.16278177898165, 92.14460249355521, 93.27467394450333, 93.95389216460904, 94.21879344112284, 90.15031708277327, 91.87595255522734, 90.6214308588681, 91.15033164137279, 91.71488113041013, 90.57397021318613, 88.85642322736473, 89.5290343472693, 89.5290343472693
95.84, 96.75789642136967, 97.87280081975813, 97.54882978164923, 97.07762208839877, 97.8208560100929, 96.646934434022, 93.67984166878979, 91.50078859817933, 87.45441500778827, 87.56417713376376, 89.18491395071891, 90.53584177252232, 90.09392252077619, 91.76101858582622, 91.03289702422816, 90.77839775049142, 90.82118071340581, 91.82307215497165, 91.84489030802379, 89.23071890402622, 89.9345894270756, 87.10713047905156, 84.98406826740512, 84.18839048711607, 84.18839048711607
95.59, 92.68954452014991, 91.7495184751731, 90.01867204170378, 90.69592215416557, 92.62705269023996, 88.76800466956351, 86.106774122861, 85.22483230557187, 86.62339657675638, 85.76475149268444, 86.65497298563457, 87.40443446951151, 86.28483049319614, 87.83386806126995, 87.22166667099775, 85.46964402248562, 86.87684123553801, 84.52382558249198, 85.8926009680988, 87.08909047048054, 84.32939815556858, 85.82486939312408, 84.98406826740512, 84.18839048711607, 84.18839048711607
95.61, 92.23844880836525, 91.82160752948084, 90.63932716232974, 91.54457953375491, 88.8682124045209, 88.0439705396821, 88.67830426015853, 90.77647533768189, 90.683933364929, 89.85351333738453, 91.23937052390491, 91.7165321677597, 89.15444710124216, 88.50775323792149, 87.94565547602049, 87.74704919931897, 88.57500939574221, 85.16722444765645, 85.8926009680988, 86.88930527687879, 88.58097448892431, 85.82486939312408, 86.38384540063169, 86.20722874492576, 86.20722874492576
94.65, 95.45056506659446, 87.15105722458225, 85.87620294493559, 86.18448436534243, 88.3652562720675, 87.87123477380379, 87.80337083659927, 89.8811218076272, 89.60516777936498, 88.43391879242364, 89.33909499732717, 90.27896052399139, 88.47541330002684, 87.8609898830669, 89.07091422561705, 89.3237823623985, 90.64220846817585, 90.9348648973059, 87.45113149045528, 87.31951685357564, 87.29715908898211, 85.09414101907613, 86.28025124373067, 86.80147409326555, 86.80147409326555
96.45, 95.28048655839768, 94.38384912689064, 93.47877754512133, 89.72443792698986, 84.10957757803895, 85.48961899980043, 85.4829156262004, 84.10845337987462, 85.25911298499855, 85.67588852209451, 87.37406968839063, 87.50781044264241, 87.92970828304544, 88.0317680359038, 86.64011873547891, 85.88922846168357, 85.55910833972298, 87.0383672118848, 85.8926009680988, 87.73147280056065, 89.4169128493971, 88.68325205113192, 87.36276496737027, 88.66107827525742, 88.66107827525742
96.67, 96.48435783872874, 98.59491000757006, 95.75461044016484, 94.6319539538932, 92.37763792475332, 91.38311886233282, 91.85446413000575, 94.13165808255354, 93.95249551757134, 93.26229056548011, 90.73139134620574, 89.28366928051496, 87.39312300069936, 89.04366189329701, 90.89102734731294, 89.87227209854588, 88.17907080609362, 89.47195099312242, 88.01730536734325, 87.63065196161912, 86.59432078223486, 86.11487176498322, 85.26203345788224, 84.18839048711607, 84.18839048711607
96.4, 97.08122147824564, 97.96068918890417, 92.7194492354456, 93.34604739985099, 94.20872892563767, 93.39715690296265, 91.87059991245465, 94.06706837561892, 92.46677896094302, 93.09757394466256, 92.61318277809829, 93.00537647904265, 88.46748458393725, 90.79686232307532, 91.89907041946928, 91.8685265380469, 92.87270067148457, 88.76113048154151, 88.4334299844715, 87.80107849710461, 89.33174483970517, 89.47302623696366, 88.62870695892958, 89.20393146202244, 89.20393146202244
95.35, 96.68365945518458, 96.95566079644973, 96.21088780560837, 96.72214100570848, 97.41101869305965, 96.89311608708424, 96.89829117227036, 95.47494274478953, 94.38416047871056, 87.44332615436421, 87.27932398526256, 85.00796617836136, 85.72591791352158, 87.97938589128226, 88.47674911556119, 86.36179250795995, 88.3858819479394, 89.00549094074958, 86.94497406201114, 87.90686776743927, 86.3247721490104, 86.85616025011645, 84.98406826740512, 84.18839048711607, 84.18839048711607
96.25, 93.20257007293498, 93.79161978729245, 92.03065086186024, 90.73164387452903, 84.10957757803895, 85.48961899980043, 85.4829156262004, 87.4693148454417, 87.44162890726669, 85.62634632120373, 84.17834927434514, 85.00796617836136, 85.26453476548072, 84.31369739456835, 84.75618479052292, 85.88922846168357, 87.64417828903369, 84.52382558249198, 85.8926009680988, 86.32658924451982, 86.96648066488507, 85.82486939312408, 84.98406826740512, 85.60812231774467, 85.60812231774467
96.64, 97.11396209398762, 89.7533469847967, 90.19619513154109, 90.15123720513022, 84.10957757803895, 85.48961899980043, 85.34477574930533, 86.89751848646223, 85.25911298499855, 85.67588852209451, 84.17834927434514, 85.00796617836136, 85.81502052580596, 87.8197504836937, 87.52164455314576, 86.20932830579969, 88.20943034127546, 89.81673764740734, 86.15522188592413, 86.61790004661724, 88.80030121445498, 88.10705775680242, 89.23036901181686, 89.29502264481297, 89.29502264481297
95.35, 93.55573806974479, 95.07644874451066, 92.0341710294334, 92.18684318934085, 89.6254555420415, 86.4855387027885, 86.51858118322693, 86.11613534805561, 85.29535846354143, 85.67588852209451, 84.17834927434514, 85.00796617836136, 85.81502052580596, 84.31369739456835, 85.59486193318334, 85.88922846168357, 84.50371598688248, 84.52382558249198, 85.8926009680988, 87.1522323524683, 86.8999343837688, 85.82486939312408, 84.98406826740512, 84.18839048711607, 84.18839048711607
95.91, 96.78347667189318, 96.83324148831848, 94.38783936232349, 94.99797466220365, 94.94247522991925, 93.79691211997333, 93.76910272858515, 91.89185658301456, 92.02248945087715, 91.50453636942072, 90.09040705485198, 90.68664827770723, 88.60257111567095, 87.96072629367838, 87.41084183497425, 85.88922846168357, 87.972181654818, 87.89896332009955, 86.47104201106028, 87.03994990695412, 88.80124840849722, 86.37631789031538, 85.89174021674184, 87.63310255482078, 87.63310255482078
96.8, 96.90535989488787, 98.8588228501726, 96.42594927008952, 96.38709708026991, 96.3499364348369, 92.27841026982965, 91.33719693335883, 87.67127167852898, 87.33111730964615, 86.5413337942617, 87.23699556916245, 87.49905675963062, 85.81502052580596, 84.31369739456835, 84.75618479052292, 85.88922846168357, 87.17732423347094, 84.52382558249198, 85.8926009680988, 86.39304106568301, 88.30323881039703, 85.4577986680948, 86.83585172445663, 84.18839048711607, 84.18839048711607
97.25, 98.14094304050909, 98.63588727760059, 94.6333811298568, 92.51302077888484, 91.66749233873448, 89.80793518439492, 90.49200021041773, 86.99537171197399, 88.12783888691415, 89.02255313620834, 89.77064412874692, 88.97274539207173, 87.97308224013403, 84.31369739456835, 85.00291258363329, 85.88922846168357, 86.02384826869773, 87.69452697220751, 86.77664441809505, 86.06405545106962, 85.03657089616696, 85.82486939312408, 86.094275327234, 85.00047200075578, 85.00047200075578
96.51, 96.90519641357515, 99.0482705225135, 94.57538782581157, 91.64363522855759, 91.62545129901925, 91.38396664174502, 91.63828306193126, 92.19335400242319, 91.34010743798974, 90.68938935632954, 89.83276426182383, 89.12735794338414, 88.73616373276758, 89.99464122180352, 88.04152995142277, 85.88922846168357, 87.40301913424175, 87.59820027562967, 85.8926009680988, 84.73326827916155, 84.32939815556858, 85.82486939312408, 86.38373278434273, 87.17994780606926, 87.17994780606926
95.97, 97.1107588767377, 96.61794869871403, 97.26563252361814, 94.5627938376126, 91.41581875679093, 91.56082045104596, 91.64297735705175, 94.083884732986, 95.04526187774947, 95.5489807075763, 95.49429285702284, 94.96559075599285, 93.34818062690289, 95.21427066037946, 96.38567023719254, 94.23122975387454, 95.34471142552785, 93.43982245671096, 91.91986690995046, 90.68440100291335, 92.11852106615554, 91.41729707065458, 90.65991885091432, 87.64310018391714, 87.64310018391714
95.54, 94.71254052043675, 95.27054262733569, 95.80166907973985, 95.4187197942686, 97.4216329154442, 92.8887522191245, 92.17678625931417, 94.7183650278738, 92.22279940312286, 92.05667466681282, 89.28687523201441, 89.32273421281128, 88.82128613297625, 85.99638360833491, 85.59464429980927, 85.88922846168357, 85.52354058225005, 84.52382558249198, 85.05136681461954, 84.73326827916155, 84.32939815556858, 85.82486939312408, 84.98406826740512, 84.18839048711607, 84.18839048711607
96.04, 95.67666685558395, 95.80944205935316, 95.30242987104326, 89.47594399093708, 87.94695487188598, 86.22687267027652, 86.81014543728038, 84.10845337987462, 85.25911298499855, 85.67588852209451, 87.03329397026492, 86.2967619946195, 85.81502052580596, 87.94091974337518, 87.78187017112656, 87.35466022448098, 87.26368327799298, 86.84873986469908, 86.24325790621826, 84.73326827916155, 86.48074085111507, 85.82486939312408, 84.98406826740512, 85.25117332701069, 85.25117332701069
96.75, 95.0201457973064, 88.39578382215572, 87.03033456712022, 85.25147394837903, 85.99855568421196, 85.95146795778619, 85.4829156262004, 86.83164700127205, 85.96679515955114, 85.99379582028146, 87.63300569050111, 88.52506394131713, 86.11755390110939, 87.54341657865295, 88.8542343318847, 87.51886554649529, 84.50371598688248, 84.52382558249198, 85.8926009680988, 84.73326827916155, 84.32939815556858, 85.82486939312408, 86.27124306067732, 87.96506949749241, 87.96506949749241
95.86, 94.63536159634147, 95.39242348176154, 94.67466473218357, 94.89167536584795, 94.99478354712484, 95.89157380433797, 94.71930281602897, 90.85391139204988, 88.98390261245679, 87.90857313011608, 88.32964316632248, 86.6578855266203, 85.81502052580596, 87.49890248955667, 87.76282551046627, 87.44285853925987, 88.62697217549794, 85.59234523949989, 85.39241989058749, 85.20711142608143, 87.23198065748964, 85.82486939312408, 84.98406826740512, 84.18839048711607, 84.18839048711607
95.75, 95.31087199482407, 95.75601009714252, 95.31947477609957, 93.07995981276785, 93.51301344006548, 92.33932943026186, 90.35472700532473, 91.06919478180514, 91.31034232541637, 89.18273446480423, 88.33382666763003, 89.54699370555176, 89.1017952285347, 89.48141856590541, 86.89508513114778, 85.70367159145434, 84.50371598688248, 84.52382558249198, 85.8926009680988, 85.3185740937257, 84.32939815556858, 85.82486939312408, 86.49216510650773, 87.59632544690092, 87.59632544690092
95.34, 95.25489436323565, 88.04341656744451, 88.53534911870351, 89.71160155260604, 91.97948267369736, 92.48047850616885, 90.90433050955247, 87.41115715487942, 88.28411011516667, 85.67588852209451, 86.03485220459733, 85.00796617836136, 85.81502052580596, 85.3591784848883, 87.22788138958062, 85.83867846151678, 84.50371598688248, 84.52382558249198, 85.8926009680988, 87.38492925190913, 88.48727433066347, 85.87407945685824, 85.11301012841558, 84.18839048711607, 84.18839048711607
96.52, 93.23750736116138, 93.76995750954165, 93.1440803305441, 93.23494937365649, 92.74238835763941, 93.24863092071648, 93.63207691989584, 87.12061441953448, 85.25911298499855, 85.67588852209451, 84.17834927434514, 85.00796617836136, 85.81502052580596, 85.84294455733922, 85.05776384272193, 85.09751881263101, 85.7907871283609, 86.54114305541675, 85.41985841479236, 84.73326827916155, 86.05120350997328, 86.44928893426324, 85.53862907693339, 85.80101744728493, 85.80101744728493
96.09, 93.51756663647606, 94.86668861376408, 95.76438359636806, 95.29974762640212, 96.93979543808952, 96.51213132070022, 97.370558030532, 97.55760428948763, 97.98373690480044, 97.74901723740122, 99.23676171337185, 100.30119204652954, 97.082132554755, 96.65330925139195, 96.86085994987072, 90.99556136157794, 88.25967901714594, 85.80643054652622, 85.85444357754565, 84.73326827916155, 86.33374786521938, 85.09916592086395, 85.34268745307904, 87.35116536156477, 87.35116536156477
97.05, 97.35258662346247, 95.76465514462384, 95.37550128826092, 94.89975443630514, 96.89794972407651, 95.93385375393478, 96.02403908108883, 96.12433257921124, 96.95331880213922, 97.20241659010908, 99.34016397711795, 100.06539541875485, 100.03169770002121, 102.32172750422495, 102.25233909816919, 97.12844428787098, 97.6554530329676, 95.83462305407491, 94.15721141248707, 94.7702496795412, 86.98623078987134, 86.15351147324117, 84.98406826740512, 84.18839048711607, 84.18839048711607
95.11, 96.10491859451466, 95.57988379611656, 93.59130695837926, 93.13534646556542, 93.81304160828874, 91.07219353151817, 89.50329211877171, 90.76557422047838, 89.6997142685888, 87.44813185514545, 86.4792452296463, 87.19699962567836, 87.33077725065432, 88.03313905219086, 85.65890621252505, 86.2235607670973, 84.50371598688248, 84.52382558249198, 85.8926009680988, 84.73326827916155, 84.32939815556858, 85.82486939312408, 86.42780553227688, 88.65381831009893, 88.65381831009893
95.97, 96.20934147043435, 97.31086626534078, 97.572638356603, 97.35168753201506, 98.29220849144545, 91.86149268122894, 91.44879445695393, 91.8416533595867, 92.16329904500542, 92.52580991336153, 89.78414165479398, 89.18250666966343, 87.02526746573295, 85.08074868018522, 84.75618479052292, 85.88922846168357, 84.50371598688248, 85.96307443475398, 85.06841994635847, 86.22272173915796, 86.92973072723154, 85.82486939312408, 84.98406826740512, 85.15973297793923, 85.15973297793923
96.78, 94.74049964705229, 94.9051902475026, 93.18541374810218, 91.42075205142135, 93.29189569324326, 94.25837314600163, 93.51602190877993, 92.5019320035665, 93.27200846978043, 91.18937701236779, 92.6824122905589, 85.00796617836136, 85.81502052580596, 87.24325675000927, 88.1339590952376, 86.99273969658542, 87.28282601362852, 84.52382558249198, 85.8926009680988, 86.33289304311074, 86.72685306091948, 85.82486939312408, 87.01486754540163, 87.72526264005555, 87.72526264005555
96.74, 96.14037855499632, 93.9402436691951, 90.17579706956307, 91.48040551378384, 92.94074966411786, 93.72489591848162, 92.89183691063954, 91.55278049495129, 91.43981350006996, 85.67588852209451, 85.31685384166718, 86.24652449349436, 85.81502052580596, 86.18488807483, 87.14026601166577, 87.52490657290328, 86.6930073105179, 88.21571736736516, 88.30955003628999, 87.94193386424267, 86.09961259239782, 86.73171069108506, 87.44853208271286, 86.82340742242567, 86.82340742242567
95.97, 95.74426104024153, 96.65425297500275, 91.77255477185517, 92.59106677021877, 94.3331919167154, 90.1849212705286, 88.42597834843941, 88.39275090730592, 88.72375601368515, 86.51277617927617, 88.8359130856716, 89.30195192124923, 86.82771814439333, 84.31369739456835, 85.94437128652763, 85.88922846168357, 84.50371598688248, 84.52382558249198, 85.8926009680988, 84.73326827916155, 85.73725762329757, 85.82486939312408, 84.98406826740512, 86.23592506844012, 86.23592506844012
96.22, 95.38468028363116, 93.2018600274045, 92.56914182754846, 92.12685128687332, 93.02616167041788, 94.02106234590822, 93.49118327001953, 91.29037068758319, 90.32637025872879, 88.56910393672763, 88.312692360096, 89.25482366510867, 89.52016995681245, 90.54694051013391, 88.03699736093604, 85.88922846168357, 85.6143206793669, 87.2128519564029, 85.8926009680988, 85.10185511281587, 84.32939815556858, 85.82486939312408, 84.98406826740512, 87.46492022247155, 87.46492022247155
96.26, 96.38854378980304, 94.12169555016746, 93.45568529234427, 92.47015806569536, 94.34643964118976, 93.60821222272878, 92.8593831821713, 92.97579740879843, 92.54284828018707, 89.57320813088567, 91.55763663379078, 88.81278933694914, 89.20313986233862, 86.69118337793671, 88.65485298789424, 89.04693980390671, 85.43038533912339, 84.52382558249198, 85.8926009680988, 85.57359682470457, 86.69639243496081, 86.1493322497692, 85.58155738028931, 86.46951434819721, 86.46951434819721
95.83, 89.38829886560058, 91.2792886347395, 90.61319084017383, 88.17500239811416, 90.0430182326611, 89.06644574837071, 88.27697892105648, 87.53975436378802, 85.25911298499855, 85.67588852209451, 86.64482974076158, 87.98489710115771, 85.51173385470679, 84.31369739456835, 85.55980476587419, 85.88922846168357, 86.24854131638817, 87.13322491352292, 87.12786244974738, 87.98562756937915, 88.23132339472825, 87.5499525399083, 87.79874403269255, 89.89677793854946, 89.89677793854946
96.59, 96.84011436070102, 99.16381906197702, 98.08880518432919, 99.01079500219262, 95.77446701142362, 96.27025046176898, 93.54512700803049, 94.58190514087111, 95.15565205626612, 91.03943372232662, 88.739708482739, 88.77675457593654, 88.66604660038672, 85.02107138889728, 86.1514967178008, 86.85336888060125, 88.6202419714275, 87.40120613680685, 86.81616852567328, 85.35498841445298, 86.49789623913215, 85.61165251622884, 85.78796033841957, 84.18839048711607, 84.18839048711607
95.53, 93.15658902887769, 92.13092841589797, 91.6109390480445, 92.33576952354943, 93.58106847362743, 91.2126791976763, 90.36816396758023, 90.272886884935, 89.651239576757, 85.67588852209451, 85.93155875803275, 85.00796617836136, 85.42723620435326, 85.86917472522597, 86.23906148298843, 85.88922846168357, 84.50371598688248, 85.30422812014164, 85.8926009680988, 84.73326827916155, 86.11403377834019, 85.82486939312408, 84.98406826740512, 84.18839048711607, 84.18839048711607
95.97, 95.78966835054452, 96.09374065761574, 94.99400138235463, 96.14977786642392, 96.81259250403316, 92.22889048290101, 90.26623910865194, 91.70565221224848, 90.31185778537619, 89.81145943399179, 90.48668522716113, 87.24691140587035, 85.81502052580596, 85.13302069795152, 85.40114985313245, 85.70480983777041, 86.21084208209922, 84.52382558249198, 85.8926009680988, 86.0284012820401, 86.87969679750765, 85.82486939312408, 85.66692283036339, 87.15756832928236, 87.15756832928236
95.58, 96.35790346856223, 93.15443516034082, 92.35468873002512, 89.64121121024829, 89.30341074312238, 89.8069463839911, 87.76719052967182, 86.64622717355235, 86.9789465183372, 86.06256294306584, 84.17834927434514, 85.00796617836136, 85.81502052580596, 86.88084647528942, 85.8663193847651, 85.88922846168357, 86.26481190103307, 85.52159998251722, 85.8926009680988, 86.36654560817146, 85.88269795647881, 85.82486939312408, 85.19623867967161, 86.5686164240914, 86.5686164240914
95.72, 95.4726263450915, 97.67321058826423, 94.09257594974889, 93.63753819785532, 94.31643463327883, 92.27950039311263, 92.67663532575739, 91.51760761858968, 85.25911298499855, 85.67721766676637, 86.1403070264235, 86.65961155072628, 85.78483172802436, 87.46652711315323, 86.28246361448687, 85.3643962023437, 86.1126125785909, 86.11846986872874, 85.8926009680988, 86.50695076265944, 87.49394609983386, 87.07126774276603, 86.84793287950504, 87.18526604718537, 87.18526604718537
96.29, 97.36590762443996, 98.5928565377182, 97.46278993170881, 97.28069342693664, 96.39070721295533, 91.92615209216486, 92.73377221228847, 90.07205570186801, 89.78581763356345, 89.19942627428377, 90.89356222885432, 91.90271513046186, 90.43141712799172, 92.63376807299468, 93.58660512064036, 93.34162229826941, 91.40411437921479, 91.74980368793995, 90.82792108480393, 92.6842837843535, 94.41682566350056, 94.99094045614545, 91.86700529382878, 92.0318830831772, 92.0318830831772
95.94, 94.94645382868919, 94.37187897975934, 94.63991412304011, 93.1351703225111, 91.8825770660725, 92.86132688907668, 89.92494344910118, 86.10064253987487, 85.25911298499855, 85.67588852209451, 88.01167332173988, 87.59909925480397, 85.87735944407632, 87.56237653319556, 88.67285578760749, 89.10280516954911, 88.76172994074587, 89.68048802735903, 88.45551643709713, 88.00191312897688, 88.387386991943, 86.08811363903125, 87.70874675484173, 86.89336542081028, 86.89336542081028
96.0, 95.17282651282954, 93.45631977002564, 90.60033109767492, 91.70831975336905, 88.74192824424239, 89.50049274334322, 90.23861518552008, 88.37172423719764, 87.28493628581474, 86.40050075493122, 86.37744923032918, 86.71361072138303, 86.09531727007976, 84.31369739456835, 84.75618479052292, 85.88922846168357, 85.59672647772318, 84.52382558249198, 85.8926009680988, 87.18710984433892, 84.32939815556858, 85.82486939312408, 84.98406826740512, 87.10821565994222, 87.10821565994222
96.76, 98.44345569669588, 100.446227275215, 99.19548939059516, 100.31766770564491, 100.19263529351713, 97.37722325947178, 98.04750164090252, 95.67011457472529, 92.16407182236684, 88.99914536039702, 91.30041556213841, 85.54316645822901, 85.81502052580596, 87.47852589340611, 86.58314732301675, 86.88572151186973, 85.4137172233221, 86.85746177026398, 86.38924784123816, 85.07155027418789, 85.73013402818442, 85.82486939312408, 84.98406826740512, 84.18839048711607, 84.18839048711607
96.4, 96.6474769024232, 97.46057282087007, 97.04722030185258, 97.60279952768288, 96.4366009894341, 96.90434817081662, 97.05908696979445, 95.67692591980335, 95.70226276474419, 96.28540595779657, 95.9113292488284, 95.61394633449893, 89.71757328026855, 91.17540530098337, 91.12488912120415, 89.09634616219098, 90.37179484712674, 88.67884227847351, 85.8926009680988, 86.14039399108194, 87.33609295413754, 86.90453954555845, 86.86799422908602, 88.30875477146112, 88.30875477146112
95.82, 94.80694863717451, 95.44000240360384, 93.6531158574804, 93.78011590454199, 95.27451919519639, 95.95874308423204, 93.27785003743675, 94.56346678504269, 95.16096559994101, 94.52698180923355, 96.57767879221942, 96.4908907606777, 95.94831447056079, 96.15884399250024, 95.56665875963826, 92.06532491571234, 93.12115219868159, 93.6706820429481, 92.77492128280252, 93.63542076988347, 89.48815988992503, 88.43659091358134, 89.81085812388325, 91.74027905855368, 91.74027905855368
96.12, 93.62794953722882, 92.35011064731738, 90.83600410712323, 91.76722662404205, 93.13037884034001, 93.67927488784662, 94.79756555069667, 97.12750663577835, 96.869513786571, 94.38294416665873, 93.75329089430906, 94.34642034605906, 93.25583567092183, 89.86466633266677, 91.00853212113441, 85.88922846168357, 85.03065350988312, 85.12128823013666, 85.8926009680988, 84.73326827916155, 85.63204463996327, 85.82486939312408, 86.42993166215847, 85.7238602078778, 85.7238602078778
95.97, 95.13855229404193, 92.68911030359256, 90.32444917922365, 85.25147394837903, 84.10957757803895, 85.48961899980043, 85.4829156262004, 86.54747238762187, 85.16268558903165, 85.67588852209451, 84.17834927434514, 85.52102725697821, 85.81502052580596, 86.5124024087953, 85.28789539102358, 85.4281559986635, 84.50371598688248, 85.12882809933238, 85.8926009680988, 86.62062537510738, 87.40651721131366, 87.09864988675926, 84.98406826740512, 85.02474638387451, 85.02474638387451
95.8, 96.80084814283259, 98.13752630802739, 96.86660763451019, 94.7753971706898, 95.46275260771532, 91.81430239632043, 92.35468198966863, 92.96639526605945, 92.8409765877583, 91.90826376868095, 92.9740047784068, 94.58515636222857, 94.65231083471878, 93.74581330859215, 88.77181492432567, 88.92129020310472, 89.1990090160718, 90.58954128057961, 89.59602595996573, 89.88089216923792, 91.17472098014092, 88.44340932724164, 86.58520598983114, 85.87789783733363, 85.87789783733363
95.95, 96.701336865009, 96.34568908527618, 94.39027039256646, 93.960083036984, 94.86565370739781, 95.28850399007965, 94.23732035472258, 95.62412287506463, 95.98949928002547, 95.77067677225745, 92.29625522764016, 92.11606752603998, 92.04886957955246, 92.57333586862529, 92.11481369857393, 85.88922846168357, 87.82444419278518, 88.60376211869102, 87.70879623451155, 84.73326827916155, 84.32939815556858, 85.82486939312408, 85.55994560775673, 87.08906473372272, 87.08906473372272
97.54, 97.2226222848196, 95.48872019878381, 90.36356488435896, 87.70891072648723, 89.14919117775662, 85.73889603783596, 85.4829156262004, 84.10845337987462, 85.25911298499855, 85.67588852209451, 87.99137731900494, 88.11005239551353, 88.66365679568615, 90.0339285066998, 87.85557699232973, 85.88922846168357, 85.42172868352586, 86.52909456809435, 86.37491749188166, 87.57806723746585, 89.75538668921301, 89.03489893809875, 89.62704507013386, 88.83581518848287, 88.83581518848287
96.35, 97.15006867305125, 99.3754177252541, 98.60557408508316, 98.48891310062216, 100.0264029758209, 93.95681047356858, 94.6981966799846, 96.7703681608759, 96.65010579232926, 97.35227378217166, 98.82373315475387, 99.27098141504537, 98.46689004928074, 97.21021129016316, 98.2800757371057, 95.59111870847158, 92.62701946390236, 93.2710075074188, 91.79925166865792, 89.94643307543524, 89.65413452905258, 86.89910669688044, 87.59740576757525, 88.0754406191685, 88.0754406191685
95.03, 95.20607556979434, 94.06983549195407, 91.29320556656583, 89.61620876508847, 90.1755080147467, 89.25376764483829, 89.40431062585638, 89.17752437216367, 90.13127267632765, 85.67588852209451, 85.58373422133114, 85.00796617836136, 85.81502052580596, 88.03646743767942, 87.51305638294743, 85.88922846168357, 84.50371598688248, 84.52382558249198, 85.8926009680988, 84.73326827916155, 85.07248885723874, 85.82486939312408, 86.50501636338745, 88.19696933674412, 88.19696933674412
96.71, 96.7362431062753, 98.9248198513555, 99.34942060138303, 95.67500819567002, 93.50305176854239, 93.59299923184552, 94.20896686082385, 95.27238263155719, 91.12443752349591, 88.88394451757888, 90.64884404321555, 89.71094433550788, 89.1845070693006, 85.21919035785007, 85.7611573947668, 85.88922846168357, 87.84430684496552, 84.52382558249198, 85.8926009680988, 84.73326827916155, 84.32939815556858, 85.82486939312408, 86.43738165361668, 84.18839048711607, 84.18839048711607
95.38, 92.95235499193176, 94.05607362504777, 90.42114278636973, 91.14271784019954, 91.27109405157056, 90.89342983235053, 89.07664436214611, 87.71261110395433, 85.25911298499855, 86.06503143253668, 88.20267106306679, 87.50594369310048, 87.34493374754959, 88.89401150901877, 86.85086142437592, 85.88922846168357, 84.50371598688248, 85.92918960550836, 85.16307882448615, 86.4180155549368, 84.32939815556858, 85.82486939312408, 85.80261152356324, 87.02587799044225, 87.02587799044225
96.21, 95.95668445447085, 91.23190746739284, 90.89237380958443, 90.88412242502963, 89.28245476105924, 89.09444457433861, 89.69591968808261, 84.10845337987462, 85.25911298499855, 85.2320675303135, 85.96164990647075, 85.00796617836136, 85.16377367581653, 86.99250746460892, 87.39515213245973, 86.15893545937399, 84.50371598688248, 84.52382558249198, 85.8926009680988, 86.12398367230958, 87.59130856876082, 87.54979515465608, 84.98406826740512, 85.31334218730244, 85.31334218730244
95.38, 96.63440843470136, 92.53608716138876, 85.68112224577713, 85.25147394837903, 85.38555485973049, 85.48961899980043, 85.03258178394377, 85.70568079281578, 85.25911298499855, 85.67588852209451, 85.50027046501049, 85.00796617836136, 85.81502052580596, 86.59324969771444, 85.00567784915654, 85.88922846168357, 86.9006085230668, 88.73537466228743, 89.23449723263117, 90.52269718424132, 85.87386245560316, 85.97207447777497, 87.34386706307576, 86.83585524751038, 86.83585524751038
95.2, 95.90250297414323, 95.45381940720515, 90.90372959801712, 91.16750453196872, 92.71038248053839, 92.47168690609617, 85.65143718810438, 85.00270596904458, 86.33649694138867, 85.67588852209451, 86.5249128070257, 85.6367645299417, 85.81502052580596, 87.44360767665573, 84.75618479052292, 85.88922846168357, 86.43862641286174, 84.52382558249198, 85.8926009680988, 87.43007996868548, 87.29974542233336, 86.75680155865554, 85.27962415238795, 84.18839048711607, 84.18839048711607
96.03, 95.54890401783409, 94.55736755959866, 94.9377339181761, 93.49639435426592, 95.45765864929531, 94.73365079674423, 92.95802719887699, 94.12745312301183, 93.2689964554526, 92.33154548069011, 93.34720394821498, 92.38711131884384, 90.1933469613753, 92.13833643076568, 91.87070897785536, 88.32796111294238, 87.86301166977937, 85.45439488868443, 85.8926009680988, 87.56123152267124, 87.56066088703201, 86.49668261424193, 84.98406826740512, 87.18920341217479, 87.18920341217479
94.56, 95.86603559872081, 93.72513273706858, 92.79346768993776, 93.07378368371086, 87.43699419359727, 85.48961899980043, 86.47734468226116, 86.9224323774761, 86.74441993945673, 85.28711677987421, 84.17834927434514, 85.00796617836136, 85.81502052580596, 85.94194350606487, 86.27157941994805, 85.88922846168357, 84.50371598688248, 85.13761399481005, 85.8926009680988, 87.06675190242028, 89.08322977032537, 89.48873509414665, 91.08939853634907, 92.62860446502691, 92.62860446502691
96.52, 97.31101174091347, 98.63979119322606, 98.24786648779589, 99.1960462042872, 101.50691789485586, 98.0832806705598, 98.71855671381195, 96.62837700004482, 92.3450227948416, 92.82144996539745, 92.49791813448341, 90.79269048994523, 88.3176908137915, 84.31369739456835, 84.75618479052292, 85.88922846168357, 87.98973868884758, 88.91331527823375, 88.37942066703876, 89.43228337544566, 90.34924730973951, 89.21218578892667, 89.48181396479671, 89.71251378454443, 89.71251378454443
95.77, 89.51374681458323, 91.58758883460838, 90.87436004677137, 89.88300828534636, 90.20654154951536, 89.1769960194908, 86.60591154527854, 88.03821857137673, 88.99624203046245, 89.47589217777367, 90.37632701891395, 90.5275429394555, 89.73727341913217, 87.88567471616753, 85.56657358396615, 85.17685229692887, 85.87354847104261, 86.33620139415476, 86.38326332114433, 87.8348586763831, 88.88252599089621, 86.53040702386816, 84.98406826740512, 84.18839048711607, 84.18839048711607
96.04, 95.24044429544495, 96.05402277949206, 95.23323798304818, 93.10778249636256, 93.37794231786512, 91.70532393423207, 91.52917975945616, 92.6445395367155, 91.91875692411513, 90.63882635261767, 89.39389863433539, 88.0866898752711, 85.81502052580596, 84.31369739456835, 84.75618479052292, 85.88922846168357, 85.59355651807869, 87.43695408435033, 86.14945909479185, 84.73326827916155, 85.74620593272908, 86.09681911636322, 86.4583368684537, 86.74250811183087, 86.74250811183087
96.82, 97.87307977993461, 96.70988396612553, 96.8621931361579, 96.10696416619271, 97.00497874363525, 94.82145686840009, 93.25095546039084, 94.56615401589184, 93.8114219974048, 91.65042274858658, 93.652190758436, 93.7159620050585, 93.692437554935, 93.88216248592335, 95.33472024739557, 94.33660699488584, 86.78492397813471, 88.0257859257066, 88.02345990924812, 88.89253489575863, 90.65821795557771, 86.44383047457524, 86.5465434743342, 84.18839048711607, 84.18839048711607
96.3, 93.61573085085834, 94.60920009621384, 94.81152698700899, 95.7934088461183, 97.3419428506294, 95.43891441953907, 93.5469541534234, 90.35716865439586, 85.25911298499855, 85.67588852209451, 86.01204468950664, 85.00796617836136, 85.81502052580596, 86.08699779674689, 87.14221028489563, 86.78533262324565, 88.38898453482837, 88.67675613519883, 89.12783355755926, 90.48644792924594, 91.64270969315704, 89.15572585119622, 89.87423684460455, 86.6668582541032, 86.6668582541032
96.8, 93.92691440014195, 91.37775521730507, 89.47830959212128, 89.20120250552854, 84.10957757803895, 85.48961899980043, 85.4829156262004, 85.29081498229891, 85.25911298499855, 85.36297876867114, 85.03934081840399, 85.00796617836136, 85.81502052580596, 86.8506227230549, 88.41703604467251, 88.50850418340042, 88.32762238751609, 85.94370257067177, 85.8926009680988, 86.35330683801463, 87.95674186113622, 87.73320123862575, 84.98406826740512, 84.18839048711607, 84.18839048711607
96.53, 96.36801865967233, 96.99980934942346, 92.56298481072469, 88.58683377085453, 88.41945609825699, 87.08104846795281, 85.4829156262004, 85.85574671924019, 86.6830693095809, 85.67588852209451, 84.17834927434514, 85.01348995197951, 85.75462402610029, 84.31369739456835, 84.75618479052292, 85.88922846168357, 84.50371598688248, 84.52382558249198, 85.8926009680988, 84.73326827916155, 86.79417990417811, 85.82486939312408, 85.68541580278736, 84.18839048711607, 84.18839048711607
96.86, 94.07165151224163, 93.82700689457344, 91.34871204315304, 90.8650464935716, 86.88243132521067, 87.36652502691581, 85.6664938579388, 84.10845337987462, 85.25911298499855, 85.67588852209451, 87.50879176370495, 85.00796617836136, 85.22318723168199, 84.31369739456835, 84.75618479052292, 85.88922846168357, 84.50371598688248, 85.43756650752968, 85.71501351625788, 85.82863475705881, 87.34058179958122, 85.82486939312408, 86.95609637614409, 87.40557303589624, 87.40557303589624
95.81, 93.38756945582544, 94.63314396619843, 89.5714618043773, 90.17375643328744, 90.55271088149608, 91.0246710711106, 89.58840335405154, 90.2591440600626, 90.2125369093211, 89.67491109216509, 88.50419789001054, 88.98415702307709, 85.81502052580596, 85.17831083824065, 86.32382106357808, 85.88922846168357, 85.99394878624206, 86.56314540635385, 86.90333501574246, 85.46034397974962, 84.32939815556858, 85.82486939312408, 84.98406826740512, 85.49034627344427, 85.49034627344427
95.49, 89.34451681987585, 91.04112403022665, 90.45260298177578, 85.25147394837903, 87.38000990680682, 85.48961899980043, 85.4829156262004, 87.32927840309856, 85.25911298499855, 85.67588852209451, 86.75293436823499, 87.48810235319709, 86.65129965994272, 87.02741299322436, 87.25637085011464, 86.21553773932887, 84.50371598688248, 84.52382558249198, 85.8926009680988, 86.47249064789867, 87.23167338276684, 85.59333545941479, 86.09502515174069, 86.95273158060374, 86.95273158060374
96.15, 96.21953275716132, 95.90102973329132, 95.09965112271982, 91.87253698398374, 91.24614549719603, 90.16163281528317, 89.74376213784929, 90.88770541654866, 86.45488250891938, 85.67588852209451, 86.38738987113545, 85.00796617836136, 85.31995484057862, 84.31369739456835, 84.75618479052292, 85.88922846168357, 87.07420704464946, 89.10876189849947, 86.95531688503243, 85.3315669254215, 84.32939815556858, 85.82486939312408, 85.43389460262004, 85.71255547317443, 85.71255547317443
96.65, 91.80475948499895, 93.1254720978592, 92.65768129776458, 92.96733509709449, 94.21241804489621, 94.94303488013004, 95.57002517308885, 97.64686102437047, 98.39449678795872, 96.41487702182198, 98.73261616011362, 98.84978496667411, 98.44477479733207, 97.52075279274955, 97.44106027538791, 97.20770925066807, 97.64757993457502, 99.60462200164494, 99.97873189491935, 98.18492186595051, 98.34995614786267, 96.20053494197552, 88.55709249924314, 90.2692240129603, 90.2692240129603
97.35, 95.74197984585531, 93.29308296239807, 86.04163224200266, 85.15839592343478, 84.10957757803895, 85.48961899980043, 85.4829156262004, 84.10845337987462, 85.25911298499855, 85.07252027412636, 84.17834927434514, 85.00796617836136, 85.81502052580596, 87.67324265231639, 86.2893766347794, 86.26720568671762, 86.65413306622676, 88.45990101579972, 86.97392963532894, 85.42057766111705, 85.10118298810796, 85.82486939312408, 85.83079599417688, 86.01576231943383, 86.01576231943383
97.08, 95.15040832714516, 96.24474963636587, 95.89192894123686, 96.22988699853867, 93.24394605102417, 92.30364963679085, 93.16086405180373, 92.47432462211925, 93.13934881151626, 92.234300845667, 93.56415751981457, 90.53483942066728, 85.81502052580596, 85.71294647044421, 87.35211349026957, 86.31085680925094, 84.50371598688248, 84.52382558249198, 85.8926009680988, 85.14557446336904, 84.32939815556858, 85.82486939312408, 84.98406826740512, 87.0380364687805, 87.0380364687805
96.58, 94.80786704869494, 95.63721580925599, 96.13350518803126, 97.12280139982974, 97.6895692204623, 98.05848329097026, 98.19756945243373, 100.22709647711059, 99.22667737262653, 97.93500038359336, 97.78933166664179, 97.21077039136979, 97.91766604332845, 97.47560641323001, 99.2518969489081, 98.1927746730044, 94.06714336741693, 95.46239357796608, 93.85805475184769, 94.44713395844819, 95.20741171454348, 95.68845846808894, 95.59604000805973, 97.77488407776853, 97.77488407776853
96.66, 95.95828721352028, 97.85996553152467, 93.10492322801213, 92.5064497785337, 89.8187745696665, 87.92230985127472, 85.95626584799726, 86.88124643892262, 86.80928276790772, 85.9903693072384, 87.21053855839997, 85.92775580723097, 86.66098164809934, 84.31369739456835, 84.75618479052292, 85.88922846168357, 84.50371598688248, 84.52382558249198, 85.8926009680988, 86.96299391992355, 85.74223882020698, 86.64952283270968, 84.98406826740512, 86.68511683947484, 86.68511683947484
94.69, 94.58306503523777, 84.18163231585689, 85.21325305746228, 85.25147394837903, 84.10957757803895, 85.48961899980043, 85.4829156262004, 87.97656291218051, 88.7004070429021, 87.01215126672598, 88.20237331761012, 89.0355083508457, 85.70272988544991, 86.53971165085606, 85.88847627013136, 85.88922846168357, 84.50371598688248, 84.52382558249198, 85.8926009680988, 85.39482087695829, 87.24826072659292, 85.15590041074903, 84.98406826740512, 84.18839048711607, 84.18839048711607
96.04, 87.44252781200308, 89.30713442632293, 88.61846411977163, 86.19844439759576, 85.99545125350384, 85.48961899980043, 85.4829156262004, 86.76345387620749, 88.25073507994473, 86.02812195889237, 86.04963668889997, 86.84111033392915, 85.81502052580596, 86.35845841338562, 87.5119670665058, 85.88922846168357, 84.50371598688248, 86.08773333172877, 86.55465562810929, 87.54173068477857, 88.19956681110179, 88.05250257611517, 88.83123847439303, 88.58693660783219, 88.58693660783219
97.16, 93.0442279981519, 94.44143946870271, 85.68112224577713, 85.25147394837903, 85.61242707078014, 85.48961899980043, 85.4829156262004, 87.15036268838173, 88.3460462976038, 89.03340508179936, 87.40043999963873, 86.14305071232107, 85.89725968353184, 87.90992667054856, 86.74460775039678, 87.11609516723429, 84.50371598688248, 84.52382558249198, 85.8926009680988, 85.59490228465106, 84.32939815556858, 85.82486939312408, 84.98406826740512, 84.18839048711607, 84.18839048711607
96.57, 95.63401679433512, 97.68314786760997, 96.42430468633017, 96.3207040214121, 97.27353869158428, 96.85900288204427, 96.91159635055614, 95.9621474068485, 95.68694975260914, 96.28887940827805, 97.83972418937415, 96.92557227079969, 96.45987681284566, 97.35964829967897, 97.99182552121668, 98.41997275900734, 98.88801116718186, 99.29005159614778, 99.89847267018551, 95.29898006857962, 96.19600442795051, 96.12935694632249, 95.87858465754047, 97.52755976423175, 97.52755976423175
95.92, 91.11325761019374, 93.38197254135316, 93.76621632972017, 89.48287221308979, 88.46366644309562, 88.92561625770634, 88.97762987453481, 88.95650565644044, 87.41980602089855, 85.84681034281833, 87.30717819172764, 85.00796617836136, 85.38825322867696, 87.34086937254946, 87.2980881065176, 85.88922846168357, 86.70580895981607, 87.73409785763542, 87.59563635042144, 86.29269282077607, 88.09839745844522, 87.63591535723181, 87.11640589334054, 85.95733275868511, 85.95733275868511
95.78, 95.94605860306991, 93.866682377815, 93.63763182014192, 92.51247632320751, 93.65427875243455, 87.38768471362403, 85.64293686446557, 85.58191587383652, 85.25911298499855, 85.67588852209451, 84.17834927434514, 85.00796617836136, 85.81502052580596, 87.1345815518517, 86.43470270732863, 85.88922846168357, 87.29125176599999, 85.96436167244961, 85.8926009680988, 84.73326827916155, 84.32939815556858, 85.82486939312408, 85.97098292656261, 86.0987564433845, 86.0987564433845
96.85, 97.00986248626094, 98.40174172889844, 96.99612772811152, 96.50955345616455, 97.06413423181088, 97.57194586767929, 95.25579104072456, 92.30389681714502, 93.16056014494677, 93.15969563516326, 90.4113804826289, 89.07034153300899, 87.79781426257327, 86.58411306042484, 85.61241119282151, 86.07267042692729, 87.36334404382983, 84.52382558249198, 85.8926009680988, 84.73326827916155, 85.45039688019088, 85.82486939312408, 86.23537918006427, 84.18839048711607, 84.18839048711607
96.85, 87.25308618177844, 88.74306762249806, 89.14595583817159, 89.9124690745203, 91.8497234326752, 91.04257983355784, 89.82302638156695, 90.86739869443714, 91.98839291855293, 90.61501070825337, 90.53307438387243, 89.91592997045055, 86.95077985425219, 85.01060917926729, 84.75618479052292, 85.88922846168357, 85.1772250015341, 84.52382558249198, 85.8926009680988, 84.73326827916155, 84.32939815556858, 85.82486939312408, 84.98406826740512, 84.18839048711607, 84.18839048711607
94.82, 96.37581260530044, 96.84253907272532, 96.71980151122773, 90.37452358225624, 91.43207187177431, 90.75304483279534, 89.97022700903669, 84.10845337987462, 85.25911298499855, 85.60181686276064, 86.11473916586732, 85.6999959073175, 85.81502052580596, 87.46969358916425, 86.64787379407585, 85.88922846168357, 87.82436684486372, 89.18106895281247, 88.1095556668873, 87.83652685815001, 90.10574577059418, 88.6192514039004, 84.98406826740512, 86.1679221539824, 86.1679221539824
95.79, 97.43009215789805, 97.96018791091603, 92.07383525326753, 91.71951367443314, 93.9460087626775, 94.29944523951465, 93.79046006072582, 93.8329097220743, 95.07623187467756, 94.7654791563908, 88.93176514112587, 86.20148643311217, 85.81502052580596, 87.16767112157126, 88.27614395798875, 85.88922846168357, 85.06457683061073, 84.52382558249198, 85.8926009680988, 84.73326827916155, 84.32939815556858, 85.82486939312408, 86.92474418879763, 88.56383229995022, 88.56383229995022
96.33, 97.40621429222456, 94.72897798249429, 93.82337063235157, 93.40790466524645, 91.41841059345721, 86.84390116588108, 85.4829156262004, 87.73769050929282, 85.43176668816135, 85.42921495743478, 87.83517430139479, 85.67302822275867, 85.81502052580596, 84.31369739456835, 85.8371013718874, 85.78860864544995, 86.89172099716637, 88.16327590625983, 85.5441002278211, 84.73326827916155, 84.32939815556858, 85.13757964558692, 84.98406826740512, 86.90683092711635, 86.90683092711635
96.36, 96.88747446819073, 98.15011131540575, 94.77744295661194, 94.39597976011156, 95.30828636667576, 95.76145110112996, 93.81340771195863, 95.27631201010823, 94.26911303216498, 94.95053165211226, 96.76919094147566, 93.24082914156931, 87.64313662506703, 86.3494037532342, 84.75618479052292, 85.88922846168357, 85.41428582179793, 85.72579672690614, 85.30100202115048, 86.1308937757963, 84.32939815556858, 85.82486939312408, 84.98406826740512, 87.2228901423423, 87.2228901423423
96.52, 98.17043571363759, 98.24606965970852, 99.0160072940042, 100.0877737991203, 102.13411380345637, 102.62087762589326, 101.3929040319049, 101.77389994312948, 100.50551722254674, 100.59935758078676, 102.5763656564011, 103.83911445167166, 101.95233300983863, 100.26563592091607, 99.49594799398375, 96.34629783095035, 98.32611110045137, 94.26628752118219, 94.2188250841567, 89.29022723331333, 89.17434284051326, 88.90915530940342, 86.76648845825893, 86.11107221446049, 86.11107221446049
95.08, 96.5241396447422, 97.78952470095086, 98.14143986904718, 93.36309620640353, 94.63766358992604, 93.54277851690728, 88.77054671535603, 85.59209245779996, 86.75434424749132, 86.5000894203133, 86.34621789318804, 86.88644631325134, 86.09436291464226, 86.91422075476218, 88.10193604454338, 87.2688840142462, 88.25107632767472, 88.70489324113238, 85.8926009680988, 85.6943626726137, 85.09779853063499, 85.48122714677869, 86.59517342634722, 85.12669696686086, 85.12669696686086
95.54, 95.10753898095551, 94.58138421852938, 92.20793782504305, 86.31688625274506, 87.01254799563982, 87.32539639834849, 86.58857609674618, 86.00347865395146, 85.90903890619596, 85.67588852209451, 86.88621984323493, 85.0162795353683, 85.81502052580596, 86.37805551048464, 85.58960931228944, 85.88922846168357, 87.61135856221954, 87.76701801581316, 87.13475623303196, 87.98968823662054, 86.39383084382013, 86.8362334240968, 86.04652426476204, 86.74859554636885, 86.74859554636885
96.53, 94.30476514599926, 95.85946669408719, 96.31638662065339, 95.67882448659374, 96.08870501342666, 95.56869682394074, 94.67736205535621, 95.28529324806796, 94.93700659802603, 90.22254893247128, 89.30402601222728, 90.49075160861794, 86.6904225806527, 88.26290026100618, 89.16902347244462, 87.92598639378348, 88.74876630807545, 84.52382558249198, 85.8926009680988, 84.73326827916155, 86.315645638309, 85.82486939312408, 85.98967537513794, 84.18839048711607, 84.18839048711607
97.09, 97.93682162945291, 98.801457940665, 98.9961914126804, 96.32233067193954, 97.99367200529005, 99.16840954154264, 98.55558121408087, 100.49344876183105, 100.73058039937804, 98.70769455603694, 99.7424785057564, 101.17619866668139, 99.14711205597642, 100.36506326111149, 97.39068094998807, 97.9584070988239, 98.32634163292579, 98.81056614837796, 96.54613969872462, 97.98843047878177, 98.18427591022196, 96.26094640029186, 96.2385412019763, 92.69323156852235, 92.69323156852235
96.8, 96.81920536092433, 95.10012926409317, 94.33262618659222, 91.12270743991007, 89.57578155282607, 90.84037650630367, 91.16902867491466, 90.35126890251878, 85.25911298499855, 85.120806442746, 86.18306422591328, 85.00796617836136, 85.28441796738119, 84.31369739456835, 86.22431110117122, 85.66034671669208, 86.00869522289021, 85.84665987974608, 85.8926009680988, 84.73326827916155, 86.05361357841254, 85.82486939312408, 85.12976093888774, 85.21634077102347, 85.21634077102347
95.74, 93.65817639020335, 94.36891464568599, 92.86415415365623, 92.84753606517303, 94.25716830861181, 93.85641086309734, 94.87644304149515, 95.82839707427961, 96.82348925882532, 94.59912808036218, 95.02289435906884, 95.25017735984177, 91.0710605012521, 91.95272349217822, 92.63404814578446, 92.39944390542911, 91.925506287423, 92.50279452559111, 89.8196344547627, 86.78595363860897, 88.81120926684667, 85.8867766807863, 85.94147587514819, 84.18839048711607, 84.18839048711607
97.05, 98.28093875116868, 97.94153382349505, 95.61834105481441, 94.03916385345201, 93.14880602321387, 92.57846115504616, 88.81013817532727, 90.90850561750895, 91.29926706768548, 91.01699170699422, 92.60872869411708, 93.17794721547352, 93.61148474316163, 93.473622401747, 95.08890067723756, 94.98208108004336, 95.92834809106778, 97.87811222656183, 97.79022746581977, 96.56748667861524, 96.16230870067962, 94.35584130875787, 94.6849824316652, 95.95554472662896, 95.95554472662896
96.79, 95.21781196197306, 97.17174961705409, 96.25218490628325, 95.9575872878851, 97.6604379319384, 96.51696505552147, 96.62897561935895, 95.60208213293691, 95.31705151893935, 95.57064292609601, 97.09381820687466, 95.301477794257, 95.51001191015307, 97.48799213867845, 93.95477575605771, 91.16228673438816, 92.41721685545393, 92.89910987609132, 91.87054882727297, 93.07729596096218, 94.40335938214747, 94.67700372318367, 92.30517249917024, 93.2939092515533, 93.2939092515533
94.65, 95.43590502344729, 96.99804106935625, 96.8529321226872, 96.76154186896116, 99.17941489698282, 94.66450501069771, 94.58938329829273, 95.23510907404207, 94.25893536539029, 93.90916036571505, 92.65309114597946, 93.36781776606588, 91.27746987185901, 91.63472710585836, 92.14817226135385, 88.79799532510434, 88.66295700254491, 88.7957646783445, 85.8926009680988, 85.3113086873842, 87.49315583093436, 86.8537567516119, 87.05024087899093, 87.29903533922025, 87.29903533922025
96.0, 95.93738946315248, 97.003968048432, 97.34000969964468, 90.60675461769142, 88.0748282141456, 87.1557936727373, 85.4829156262004, 85.80771543680855, 85.7611634881597, 85.67588852209451, 85.66163655965484, 86.10835657125887, 85.81502052580596, 84.31369739456835, 85.57752013034523, 85.88922846168357, 86.97623696310822, 84.52382558249198, 85.8926009680988, 84.73326827916155, 84.32939815556858, 85.82486939312408, 84.98406826740512, 87.42904956783177, 87.42904956783177
96.96, 93.91025348767919, 94.24346668804785, 93.92013309796067, 94.52720505623476, 90.97219335666283, 87.75168654125639, 85.4829156262004, 87.5243984609942, 86.00632904787967, 85.94099029453771, 85.6008482286496, 85.00796617836136, 85.81502052580596, 84.31369739456835, 84.75618479052292, 85.88922846168357, 86.24169042686887, 85.88313372325831, 85.8926009680988, 86.52129639511114, 86.57187954019054, 85.82486939312408, 86.91039430422329, 85.21847126685155, 85.21847126685155
96.06, 96.25978852917395, 97.47502377973188, 97.00218385774828, 97.18875577817171, 96.93159380455782, 96.65326639542126, 96.20550564392012, 97.82060354675353, 95.2067084693724, 94.07080633417387, 93.75330990254412, 93.89890673385241, 93.00432922379578, 92.26898949151914, 93.01874994973545, 91.77465375660194, 91.91197383904897, 93.69888489313053, 93.11034515594321, 93.13302463860539, 94.12631259533401, 92.34224433766941, 93.69563380676689, 94.11687657296294, 94.11687657296294
95.07, 95.45877690482995, 95.39156660996203, 94.74797261905321, 94.79185470954772, 95.19701501189407, 92.28146140955451, 91.64639183270694, 89.28467284969825, 85.25911298499855, 85.67588852209451, 87.14405721725724, 85.00796617836136, 85.81502052580596, 88.24680709034729, 87.2668767332922, 85.6035516831219, 85.35092091326344, 84.52382558249198, 85.8926009680988, 84.73326827916155, 84.32939815556858, 85.82486939312408, 84.98406826740512, 84.18839048711607, 84.18839048711607
96.51, 98.06996445641876, 98.9131907888628, 99.25633958129377, 98.58238347454294, 96.90568584524713, 96.56452281239858, 97.02121353760226, 97.3984129552981, 96.92365709768792, 91.77834085174715, 93.33987014023096, 94.0611233344069, 90.27687708659332, 91.21878646339441, 89.73646354622387, 86.94105528541013, 88.1014648489441, 86.56168858884512, 85.8926009680988, 84.73326827916155, 84.32939815556858, 85.82486939312408, 86.47915153186942, 85.84035035847525, 85.84035035847525
96.25, 91.86058925654892, 88.14119503170973, 85.68112224577713, 86.1431884313426, 87.185370090054, 86.59698006271047, 85.4829156262004, 87.1927287020508, 87.2018406467331, 85.67588852209451, 87.05851088980407, 85.00796617836136, 85.81502052580596, 86.14578009669664, 84.75618479052292, 85.88922846168357, 84.50371598688248, 84.52382558249198, 85.8926009680988, 86.54372523473499, 84.32939815556858, 85.82486939312408, 85.28156352465486, 86.88839604880957, 86.88839604880957
95.28, 95.7432184863832, 90.83235668126282, 90.25299741502481, 87.09168578339641, 88.03065599925577, 85.95621186833674, 85.96192418844687, 84.10845337987462, 85.25911298499855, 85.67588852209451, 85.87347460591596, 85.29386080967733, 85.81502052580596, 84.31369739456835, 85.04873521557468, 85.49492923969395, 86.05581977144537, 86.80114599902792, 86.86235658055216, 87.77082976123428, 86.08780798134256, 85.31711557610004, 86.19251156249344, 88.63306085488433, 88.63306085488433
95.89, 95.16534578471389, 93.60184754707636, 93.42237702344643, 94.75886289324568, 95.21528839933323, 96.22973369510886, 97.05342120288746, 98.16998344167004, 98.37030029845506, 98.81469580902011, 98.65294117215964, 97.00697456925379, 95.87635136489864, 96.09837601370016, 95.09566450998746, 94.77467193952269, 95.33877082613454, 93.97910758030226, 92.76522084678298, 92.64028974188163, 92.53620518860768, 90.11945676221819, 87.2783773422489, 87.3657796711519, 87.3657796711519
95.96, 94.80438820446543, 96.64130381793196, 94.92278002918438, 94.86578276710503, 95.94204025142496, 92.71441967285011, 91.95865861649558, 90.52437062380234, 89.7298787455278, 89.27904120366628, 90.41080687175987, 89.29590021958191, 86.41576274264696, 87.3347343509578, 87.90815635686027, 85.88922846168357, 86.06064944844965, 87.36846730840041, 86.62985149069628, 85.54537423780577, 84.32939815556858, 85.82486939312408, 84.98406826740512, 85.98090867171128, 85.98090867171128
95.64, 93.1913263140928, 90.72722525397106, 89.71545960953596, 91.03143916834678, 92.2882813212348, 92.9081921501009, 93.75043768968354, 95.73688621193489, 96.48395249672346, 95.99715608844508, 96.51475193103815, 97.04580474188674, 92.9071120682151, 92.43412253842241, 91.98118901457313, 90.28964412984179, 91.6994499017107, 92.61489697696112, 91.99980676963571, 91.38727250148482, 92.28854411723175, 92.4232481012268, 88.33928251089003, 87.29191264591088, 87.29191264591088
95.96, 92.16639139887204, 92.7989010017554, 92.62722264533467, 93.29742080028, 95.4043865227599, 93.51485075403045, 93.14160280433451, 89.60199336794497, 89.01069909376511, 88.17440101185122, 90.43376382609452, 91.26056219670174, 88.59696142461016, 89.34961160724662, 84.75618479052292, 85.88922846168357, 86.07470630162433, 85.04774256767682, 85.8926009680988, 87.56393085158264, 87.56440687927761, 86.75596143672303, 84.98406826740512, 84.18839048711607, 84.18839048711607
96.18, 94.59141276538978, 94.8215108157393, 94.5704160873714, 95.17157214425654, 95.86569422189417, 95.72921020526059, 94.55211364679697, 95.23450096857016, 93.78426416400208, 85.67588852209451, 87.26510760757691, 87.06757339928458, 86.38345319879475, 87.0298251428102, 85.99996184926013, 85.94796280275037, 85.94991599192068, 84.52382558249198, 85.8926009680988, 87.38497189846895, 88.51257325632147, 87.6802015597682, 87.2605357378993, 87.77396498380226, 87.77396498380226
96.91, 97.00140080621348, 99.10588102695148, 99.46436991871111, 95.21944916331556, 95.98538743606407, 95.08837399994717, 93.23105933555902, 90.99476582622641, 87.5713296998035, 86.27696076278731, 84.17834927434514, 85.00796617836136, 85.81502052580596, 85.89337154662645, 85.41624894763811, 85.88922846168357, 85.4381882590425, 86.09579389331283, 85.8926009680988, 85.21973497277789, 85.80649807273684, 85.82486939312408, 85.71634358317226, 85.1879009631743, 85.1879009631743
95.76, 97.35461948810989, 96.83466935409092, 96.67130597560283, 96.21227097797596, 95.36140711677132, 93.84846764065593, 90.8477845193357, 91.56335725069155, 91.17792665901734, 90.93109634831738, 92.04579783309524, 91.90826812078467, 90.65066326980575, 84.31369739456835, 84.75618479052292, 85.88922846168357, 86.24555290643028, 84.52382558249198, 85.8926009680988, 86.19268229749939, 86.1777453019587, 85.14947035309928, 84.98406826740512, 85.26487953945401, 85.26487953945401
95.68, 94.5189008321277, 95.55877013390494, 95.70071121416832, 91.07730420213929, 92.94783116855204, 93.4763222393453, 93.21005686555534, 93.31927484537083, 92.00310902688106, 92.34423361631488, 89.44448356747229, 88.4474897199645, 85.81502052580596, 87.9631136073877, 87.03437465816502, 86.43347094164841, 88.58136909540441, 89.77314486688785, 89.33273434411733, 89.2010770633345, 89.7652609562308, 88.45899584904278, 89.6933026587775, 88.91621840377483, 88.91621840377483
96.8, 93.04414922569704, 95.18912769960032, 95.89440926851647, 94.59196147410444, 95.92788358514264, 96.55326818963914, 95.73300975310721, 95.93719961449793, 96.37929567444155, 95.93807466972173, 96.54251203939602, 95.27166272213745, 95.39197897506575, 97.59068056934345, 99.25102996806197, 99.58776163704023, 95.95060228564077, 93.24431776384195, 93.36379274881195, 94.23373487336235, 93.47783568024583, 91.52654847570442, 89.3744090642624, 89.88432881161368, 89.88432881161368
95.35, 96.12511857713669, 98.08719841481978, 96.166865900349, 96.4846300447697, 98.51277096323618, 98.64590744772225, 96.75588437357891, 95.58398317738644, 95.2855942646075, 95.03295026458129, 96.65099733969637, 96.96409722395813, 94.64461728667388, 95.91847607629552, 96.21945632632786, 96.11970755470435, 95.28757922874755, 95.95252664430036, 90.70454666508228, 85.97789295345254, 86.77017838595768, 87.0500446049846, 85.18978232377883, 84.18839048711607, 84.18839048711607
97.29, 97.5133972024476, 98.88836794559556, 95.29201852735811, 96.28270769550413, 94.78670822668599, 90.74787572230859, 89.28707539398123, 91.19336458398318, 89.44247251989559, 89.56745832274713, 88.02868219936836, 87.83575168910981, 85.03510320006025, 86.11352603073097, 85.29710392660043, 85.70382878552155, 85.07357960367963, 86.52731254990181, 86.83517895204204, 88.01358488692986, 90.0867026181293, 86.03639213669737, 85.93818536145602, 87.01600196912531, 87.01600196912531
97.32, 96.1598758391634, 97.98252075721258, 94.6996193530291, 92.92810592393707, 94.21292557356146, 94.6925910355686, 91.83252603460822, 93.95528764772217, 93.71209826544957, 89.78714588427783, 90.45507019203734, 90.87015378368648, 89.93108146833447, 91.0342449785533, 89.71783981419269, 89.94170426682525, 89.55145224683237, 87.89536430122914, 88.43951811048532, 89.72759993925001, 89.18633125705259, 85.8523317918441, 85.60346470759409, 85.80536852632632, 85.80536852632632
96.86, 91.91008942394912, 93.58042480140395, 90.58175911006472, 91.31644194578735, 91.59122980795959, 90.15567777324154, 89.71730996388636, 92.0189377978933, 93.31006171823421, 90.75538605479544, 93.22717882684607, 94.66473316652672, 93.50601941221558, 93.39241644380188, 93.65970436444636, 91.55209374121736, 92.24478470376847, 89.84283904213056, 89.75725201019802, 88.56009225803108, 87.06909022166361, 87.85253537838496, 88.97478418073415, 90.1369266119195, 90.1369266119195
95.46, 96.25499941598072, 97.44059450264224, 94.79405373358388, 94.49350792405227, 95.07253877123557, 89.59741054072971, 85.50906326444137, 85.10641707054486, 85.25911298499855, 86.09493103336577, 88.21473733442033, 85.00796617836136, 85.81502052580596, 84.31369739456835, 86.26464270114936, 85.88922846168357, 84.50371598688248, 84.52382558249198, 85.8926009680988, 84.73326827916155, 84.32939815556858, 85.82486939312408, 84.98406826740512, 86.19655731253079, 86.19655731253079
95.81, 95.83714252752976, 97.06613821205669, 96.51727462650965, 88.67428795573689, 89.94441178236792, 90.40082325519501, 88.52401068036276, 89.11557880257799, 89.13329895245111, 89.56731517124847, 89.43111198675341, 89.23488442424413, 89.1554038302534, 84.31369739456835, 84.75618479052292, 85.88922846168357, 84.50371598688248, 86.29937646206373, 86.08319630318249, 86.0367970561813, 87.25311841166298, 86.38458145814967, 84.98406826740512, 84.18839048711607, 84.18839048711607
97.79, 96.59956279353077, 97.89586488909445, 90.47279376791656, 88.75804268008993, 89.73258915089612, 88.03783102386654, 88.43052546794786, 88.90781192843458, 89.39865910263143, 88.10562199408056, 88.34431815044941, 85.50517145643508, 85.81502052580596, 85.65198710908575, 87.05929422626214, 87.24767407165173, 88.38181906617957, 87.58197928865614, 87.55636965565166, 87.71217049605536, 89.75576753346293, 85.5996108885427, 84.98406826740512, 84.18839048711607, 84.18839048711607
96.51, 96.53317948109107, 96.80557695936109, 94.98869298400888, 91.94369251081552, 93.34049943355171, 94.42778484737785, 95.15329446105378, 95.26717722600242, 96.23158848753012, 96.4822206826771, 98.22620629149081, 95.13033308124223, 89.84208646170738, 91.4545993376118, 90.40610367261571, 90.10402341306383, 87.82828266523006, 88.13385216993807, 85.8926009680988, 84.73326827916155, 84.32939815556858, 85.82486939312408, 86.47038190400073, 87.93243238018923, 87.93243238018923
96.12, 93.50346340019084, 90.23999179346792, 90.49670871672758, 90.58966408581425, 88.04905472716351, 87.3839181568022, 85.20186986409608, 87.28788772340968, 86.38283839316591, 85.99182508935243, 84.17834927434514, 85.00796617836136, 85.81502052580596, 84.31369739456835, 84.75618479052292, 85.88922846168357, 84.50371598688248, 84.52382558249198, 85.00357070568447, 85.89010945618722, 85.17626281421305, 85.82486939312408, 87.11156488814818, 88.59405810774331, 88.59405810774331
95.73, 94.79509248560589, 95.57701755148958, 94.54694736215589, 94.95608394672568, 96.85438873677555, 95.63883218413609, 94.54263940900363, 95.5782027206443, 94.94237512568907, 91.25460188450471, 92.44473042994085, 92.09519631308233, 89.54494876055757, 89.36635314071633, 89.04661836784368, 89.28851202701439, 88.51633234765951, 88.16568034747998, 85.5648512073535, 86.88026790566242, 86.86437688232306, 85.3807118062341, 84.98406826740512, 86.10071724957756, 86.10071724957756
96.35, 97.43982376555729, 96.08105964435686, 96.0010552598247, 96.00117378818416, 94.10761922088092, 94.99006625308346, 93.07299960214765, 92.3103722452333, 92.4652325884217, 92.28796140681793, 93.34082549322926, 89.62433558450667, 88.61773906942938, 90.60320271650387, 90.27760232250763, 87.88221062450958, 89.29507563649547, 89.53170236335195, 89.99248656461913, 91.85501285478497, 93.44257913603168, 91.86688259214912, 91.41870424907182, 89.74381788744478, 89.74381788744478
96.0, 96.80085991732153, 96.73801768307642, 97.15911478985647, 95.80677864792733, 92.52108744206991, 89.86873775527636, 85.17390049120931, 85.47026929968341, 85.25911298499855, 85.67588852209451, 86.13599328634542, 87.76477077712686, 85.81502052580596, 85.23979664456564, 85.74898627248605, 85.88922846168357, 85.08584603478022, 84.52382558249198, 85.8926009680988, 86.59091418465836, 86.0829349529677, 85.82486939312408, 86.22359003093663, 87.71080552116321, 87.71080552116321
96.4, 94.27277942692831, 93.85756932756621, 89.63739709891473, 86.5954615150191, 84.10957757803895, 85.48961899980043, 85.4829156262004, 85.21052583865985, 85.25911298499855, 85.35812605801618, 87.03825299759761, 85.00796617836136, 85.81502052580596, 85.11049711982079, 84.75618479052292, 85.04144852746526, 85.98219908663967, 87.79741531957143, 85.8926009680988, 84.73326827916155, 84.32939815556858, 85.82486939312408, 86.20000896417409, 86.18712776877275, 86.18712776877275
96.78, 97.41205075617434, 99.17783048443616, 97.64349029162418, 93.6482334718902, 90.80074523972786, 85.48961899980043, 85.25215990357884, 84.10845337987462, 85.27991983563271, 85.67588852209451, 85.30856396061252, 85.00796617836136, 85.81502052580596, 85.96423711785947, 86.66020392772546, 85.88922846168357, 86.30124767197668, 85.74485060022525, 85.70048719596848, 87.49901969376481, 84.32939815556858, 85.82486939312408, 85.79059367006505, 84.18839048711607, 84.18839048711607
95.82, 97.24577217974736, 98.40786344686668, 94.05049331690017, 89.74243864895615, 91.3387600592869, 88.53537349715788, 86.55654873633537, 84.10845337987462, 85.40682887413074, 85.28709401469185, 87.07428060769598, 85.00796617836136, 85.81502052580596, 86.60091395352164, 84.75618479052292, 85.17943422900304, 85.31019929124446, 84.52382558249198, 85.8926009680988, 87.08090129979959, 87.70196349250728, 85.41318986478714, 85.61932587188913, 87.12840893444785, 87.12840893444785
97.27, 98.50851983591416, 95.46036953064835, 94.24828607136998, 93.13871555636184, 92.9394614774702, 92.24612776537802, 91.4898808602068, 92.2810465635301, 91.63438773783068, 92.16499163291965, 93.57927851562845, 92.8671275102109, 93.70068963564948, 95.95149668599956, 97.41362519220496, 96.3105292633721, 95.19452376775645, 95.20998826546176, 92.19766108400464, 91.20120243489106, 92.21693765011211, 92.46008933031656, 93.4397081182795, 92.4135104932079, 92.4135104932079
95.65, 96.13147653513143, 93.0697049557792, 93.42048371489983, 91.83402882021988, 92.95086362413612, 91.62695998877935, 91.25843069749727, 89.36704165306776, 90.13944186116154, 90.0459776340188, 89.51364922730963, 89.30293310534476, 85.81502052580596, 87.93916844199849, 86.74747474945781, 85.88922846168357, 86.94509807287925, 88.03002489506322, 87.18585454416571, 88.04604563301908, 88.95944542411846, 88.26462265303992, 85.914406646332, 85.56311571130655, 85.56311571130655
95.52, 94.83720993123238, 96.55183305548593, 96.26293683142043, 95.98739935237036, 89.52055621213616, 87.74760896822956, 86.94878210899535, 88.92274247988173, 89.45693599081626, 87.45424153168295, 86.11066709393195, 85.00796617836136, 85.50692403726819, 86.6242527560265, 87.66318371515409, 87.56469860249744, 85.0556267108694, 86.25821516381873, 86.03205626255182, 87.99101564037534, 88.06431351242733, 85.82486939312408, 84.98406826740512, 86.52366793979124, 86.52366793979124
97.6, 94.33322421962168, 95.50764661529507, 95.19721306177397, 94.02380184362327, 95.88821904431288, 95.24890683198278, 87.35662050924556, 84.10845337987462, 85.25911298499855, 85.39193415189986, 87.51820724873757, 87.48633718680948, 88.12682566164808, 89.22935628317991, 89.8033989610281, 85.88922846168357, 86.42039089794588, 86.10777163256965, 85.8926009680988, 86.00349503622164, 84.32939815556858, 85.82486939312408, 86.47358051636947, 85.85432192657217, 85.85432192657217
95.62, 94.27133466846337, 94.17232306123141, 94.06144251757271, 93.16338623130966, 94.69902704439717, 95.0401181118406, 95.08268291817963, 90.34379401626956, 85.25911298499855, 85.67588852209451, 85.93131558598776, 85.00796617836136, 85.81502052580596, 85.87956664114176, 86.69104115705689, 85.88922846168357, 84.50371598688248, 85.33056447004124, 85.8926009680988, 85.19270901740663, 87.1057259607146, 85.74817722206916, 86.5008046284183, 86.78323156761927, 86.78323156761927
96.83, 91.33206767445832, 93.20130472852262, 93.83973879446651, 94.30143227499023, 91.34972873440698, 88.97786104772558, 89.03642902765114, 87.99935764002484, 85.10969462355993, 85.77801498699849, 87.21346798522156, 85.00796617836136, 85.81502052580596, 86.27524967595603, 85.41545002157532, 85.88922846168357, 85.48908029456152, 86.37004746566848, 85.8926009680988, 85.94249932498383, 87.39965483914172, 85.43677585343802, 84.98406826740512, 85.4725861234821, 85.4725861234821
96.87, 96.5057771959454, 98.74325827642686, 98.15851391964985, 97.84924465309717, 99.39894771935464, 97.9347701375027, 96.30289112281834, 98.56487632856322, 97.77398414772557, 96.22059655035315, 96.54284363170088, 94.7635119390185, 92.65735262569089, 94.26736936340119, 92.9265151890918, 89.4654550890365, 91.20212453597257, 89.94606303558692, 85.8926009680988, 84.73326827916155, 84.32939815556858, 85.82486939312408, 86.63808462249685, 85.78892422794405, 85.78892422794405
95.38, 94.49913036234499, 95.7635325547578, 95.40454423874455, 95.51407585164102, 94.70209578335438, 94.73939142371212, 92.7873304520709, 89.52471673316859, 89.50506921725218, 88.94181520524651, 90.74336647663279, 91.16840225287116, 90.15453620465378, 87.0195281111315, 85.68252852568655, 85.88922846168357, 85.26439981074583, 86.72615208962947, 85.8926009680988, 86.64022093941283, 86.9056316897865, 86.82025352543864, 87.85345783000088, 86.01890418690702, 86.01890418690702
96.59, 97.04637113763636, 97.68335812353725, 96.55601728471997, 92.44886329893171, 93.74456443265136, 91.6081188769579, 90.90217756208027, 91.9299075054901, 93.33353244379087, 93.99763024070356, 93.30360076612001, 87.53439601011435, 87.6366155675796, 89.04536621250922, 87.0529283037379, 87.50199570301993, 88.11352658165178, 88.19839367641609, 85.8926009680988, 86.36254875817617, 84.32939815556858, 85.82486939312408, 84.98406826740512, 84.18839048711607, 84.18839048711607
95.0, 94.14172828468392, 94.25625626257934, 90.84901662654441, 90.80876790957467, 91.35780899299421, 90.25529943299173, 90.1235612058611, 92.14092285507657, 91.85533695897988, 91.12547277571355, 91.86904739516325, 89.70580828267572, 89.76717824249644, 92.13872395309488, 92.9809880106418, 92.10060259075716, 93.74314789235326, 87.64039075103088, 85.34922934620812, 84.73326827916155, 86.799084147724, 85.82486939312408, 84.98406826740512, 85.29882706768069, 85.29882706768069
96.03, 95.76419476907665, 94.56935420633602, 95.1973502821666, 92.61797529086836, 93.74755921383932, 91.76628281966217, 87.90365042177095, 86.69413445284394, 85.11593598867915, 85.67588852209451, 85.60149820703636, 86.44305277450289, 85.16111427215286, 86.56777304848684, 88.1856421609871, 85.48351392098009, 86.15191069496447, 84.52382558249198, 85.8926009680988, 84.73326827916155, 84.32939815556858, 85.82486939312408, 84.98406826740512, 84.18839048711607, 84.18839048711607
94.97, 96.05633203327749, 96.30330574454402, 95.9640261329303, 94.84176823296441, 96.26488208145332, 95.13271426720047, 94.64583311236565, 94.8333671188888, 92.91615277085147, 90.57139786075345, 90.9642956077219, 91.79478619392924, 92.41814452380167, 90.66562644774672, 91.3622390635595, 90.96284326634117, 88.96448879694942, 89.78100283968072, 87.36000231554506, 84.73326827916155, 84.32939815556858, 85.82486939312408, 86.51343466262318, 84.18839048711607, 84.18839048711607
97.21, 95.33821954911505, 96.77257015025909, 94.59948586927031, 93.09243077140161, 95.12745853064163, 93.37040529296866, 92.81120428252986, 95.27862114219802, 93.8670981133506, 94.15251907955833, 94.70851128923675, 95.53693646983135, 93.50758770844648, 92.79300558053916, 91.45154647690553, 89.72369758939254, 86.62260460607136, 88.50428619506329, 85.8926009680988, 84.73326827916155, 86.6536446477696, 86.51609540375021, 86.95520031224842, 84.18839048711607, 84.18839048711607
96.46, 94.21836654017945, 94.21040067744246, 94.2445650598279, 92.24871596704867, 87.93357465855199, 85.91726715173351, 86.34862948788776, 87.29371063941551, 87.15151596643899, 86.72092417654126, 87.20215601052475, 87.21317802347278, 87.57050687297924, 86.17059303922655, 85.40990083997362, 85.27096854216119, 84.50371598688248, 85.2545357965248, 85.8926009680988, 86.43491495975202, 86.77431358170689, 85.49037009328292, 84.98406826740512, 84.18839048711607, 84.18839048711607
96.98, 98.60602585493507, 96.20139827431588, 95.5065584796676, 95.62936386527862, 95.01510962678505, 94.08781511383712, 94.21941885179193, 96.50623256925435, 96.7936639768904, 96.58909672880453, 96.70981919015243, 98.10130917724852, 95.05267637954053, 96.27146288977951, 97.3000462760721, 96.37788310615548, 96.66703084408766, 97.73577522624842, 92.03391133921927, 90.39470740212528, 86.21791213925236, 86.95799507261555, 87.44415491905804, 84.18839048711607, 84.18839048711607
97.33, 98.7017343428008, 97.70320011895434, 96.37419017113228, 96.41934988404053, 90.38423588736272, 91.28864220499577, 92.54291290673187, 93.42015424788704, 92.51760993506487, 92.93393346619244, 94.80204612717293, 95.95250601252624, 95.2390944946481, 93.66033086389403, 93.69139455162524, 93.41635059354081, 93.9827818858919, 90.18292337940416, 88.37235268038137, 88.99646372240427, 89.34812145983636, 87.75373005633182, 86.49046042961753, 84.18839048711607, 84.18839048711607
95.64, 96.53961946409814, 97.3896384397482, 96.16386828229635, 95.58776838731507, 94.36701218096273, 93.2099012034812, 91.42433713212294, 88.8405456865825, 89.65060740428028, 87.75045596453955, 86.22548272255237, 85.00796617836136, 85.81502052580596, 87.48998772194719, 89.39301994293722, 85.88922846168357, 87.30214388850952, 86.79307162917837, 85.8926009680988, 86.75143336524071, 86.7644520504902, 85.96120816475369, 86.57165100345306, 87.92879324547674, 87.92879324547674
95.46, 95.80104682900674, 96.15765862108003, 93.00643326927018, 92.41975286426862, 93.82236109095892, 92.64267423724779, 91.72588358645507, 91.69699290748076, 88.83761192894899, 88.74463825717953, 89.93931132988295, 86.51977012734837, 86.64758455013674, 86.24884460289005, 85.94006330423497, 85.88922846168357, 87.68970592388922, 84.52382558249198, 85.8926009680988, 86.88796627105425, 85.01045502216644, 85.82486939312408, 84.98406826740512, 85.476327618173, 85.476327618173
95.28, 92.28980860757189, 92.66134050063611, 89.55133504179504, 88.95363251757091, 88.3358473727454, 86.3585945561018, 85.4829156262004, 86.09774813860871, 85.25911298499855, 85.67588852209451, 85.64237731678936, 85.00796617836136, 85.81502052580596, 84.31369739456835, 85.06090054518839, 85.88922846168357, 86.00189403396692, 87.48821843143752, 85.8926009680988, 84.73326827916155, 84.32939815556858, 85.82486939312408, 85.77784310750665, 86.52691168304099, 86.52691168304099
96.42, 97.88519822183497, 99.65960274665555, 99.12652432209876, 99.94655161280308, 102.2949487072989, 102.50003548541136, 102.20534137472592, 104.15673292012134, 103.26416101823543, 101.63050065164063, 96.91220409360284, 97.31010573491926, 92.85736490558081, 94.16633094687579, 93.91267277217986, 93.86227384982938, 91.19806016381463, 91.97518721104417, 92.05719419496415, 93.9195070497526, 95.76275593019741, 94.18913264909409, 94.62053495205777, 95.79073017042163, 95.79073017042163
96.61, 95.12304476262995, 97.39440536611998, 97.47904692225697, 96.5701980791025, 97.75554425814532, 95.90070816420965, 96.94894535800205, 94.39003037230768, 91.3748992101153, 90.49136655887911, 86.81588772351923, 87.22953887901946, 85.81502052580596, 85.85502372532389, 86.52880272839154, 85.88922846168357, 84.50371598688248, 84.52382558249198, 85.8926009680988, 86.94399589799139, 85.57045871721573, 85.46408171364804, 84.98406826740512, 85.92841363040323, 85.92841363040323
96.08, 97.56265979089774, 98.21848879514971, 95.682547050226, 94.36568937019645, 95.84946468345895, 92.72371393636223, 91.06404792080987, 89.03541999558821, 85.9580308284326, 85.67588852209451, 84.17834927434514, 85.00796617836136, 85.53964931570887, 84.31369739456835, 84.75618479052292, 85.36075305103249, 84.50371598688248, 84.52382558249198, 85.8926009680988, 85.4438257984328, 84.32939815556858, 85.82486939312408, 84.98406826740512, 85.84868620430363, 85.84868620430363
96.2, 93.49736122736675, 95.40215009478963, 92.52245926476971, 92.60158584459977, 92.92312088671773, 93.52721634751222, 93.6934968201198, 93.85402967702761, 93.54761337020787, 91.81143950605112, 92.68987009426432, 87.11305078250385, 85.62361294156108, 84.31369739456835, 85.1431421471679, 85.88922846168357, 87.58446906184498, 85.20294935941772, 85.8926009680988, 86.40579977485945, 87.13466042575213, 87.30944436663661, 84.98406826740512, 84.18839048711607, 84.18839048711607
96.6, 93.9970018360075, 95.64073526949282, 93.76224061241588, 93.01212561688587, 90.14431525497403, 88.14403331614743, 87.822209873528, 88.5515614617481, 87.48467600362646, 87.68269467231411, 88.4253408472804, 89.08230074588491, 87.73679450422857, 88.58255608285583, 88.7499359171501, 89.06818419652944, 89.16341950152145, 86.64821206820032, 85.8926009680988, 86.517836906656, 85.08092008000156, 85.11471174797406, 84.98406826740512, 84.18839048711607, 84.18839048711607
95.63, 89.29127912624669, 91.5596063085036, 85.68112224577713, 86.29104342851711, 87.11766577955498, 86.35505200184551, 85.4829156262004, 87.06741433311463, 86.4747177757954, 86.71104139088763, 87.2480871235287, 86.37691404397319, 86.27517303845218, 84.31369739456835, 84.75618479052292, 85.88922846168357, 86.72146606330578, 86.29346203452275, 85.8926009680988, 84.73326827916155, 84.32939815556858, 85.82486939312408, 85.1812047215854, 85.45234199051274, 85.45234199051274
96.15, 95.60807042060193, 94.05601025780169, 93.11486716925661, 93.72127871126754, 95.84786432153656, 96.69262302534608, 95.30857469253687, 96.6905407401862, 96.54728342866812, 95.59564482314745, 95.55374338626432, 95.0053623486486, 94.76314434133054, 93.7041250480418, 90.63853366132521, 90.64209886587355, 88.2622759360334, 89.19514949057988, 87.82336845256754, 89.5551683079486, 90.7551907138539, 89.74086508433399, 90.67548304829432, 89.36730794667785, 89.36730794667785
95.78, 95.68084493836028, 97.29097378769016, 95.84212672884286, 92.38423528393658, 92.06461978473317, 92.357394274711, 89.49779381937093, 90.41785951525524, 87.35088911930181, 85.67588852209451, 87.25381826669984, 85.95804837933966, 85.81502052580596, 87.99115509491328, 87.5621947551545, 85.90957859256157, 87.77860088704716, 88.87976807218193, 89.26766033654611, 90.49186761702394, 88.30552938953637, 87.92321136130545, 88.38280372134646, 87.03422013120995, 87.03422013120995
97.38, 96.94296669489457, 97.74714855105515, 91.37043228280334, 91.08368790434038, 92.89474265527643, 88.80232650877133, 88.35841128303028, 87.95187545449605, 88.80028383626592, 87.77272001703315, 89.21730903123904, 89.0868622733819, 89.6361815030457, 90.04948180081422, 88.3996303788796, 87.37813266451109, 87.40466557513082, 88.91081456782908, 89.1469007650533, 89.05733137280681, 89.27811812061702, 87.68524150098051, 88.94138865131642, 87.8429594349288, 87.8429594349288
96.35, 96.41157717136592, 95.22457607340833, 85.4609775289134, 85.25147394837903, 85.9248267412952, 85.48961899980043, 85.4829156262004, 85.52964424202293, 85.25911298499855, 85.67588852209451, 84.17834927434514, 85.00796617836136, 85.81502052580596, 86.94075394423405, 88.20721174081383, 85.88922846168357, 84.50371598688248, 85.10268536214495, 85.1794657982765, 85.3335227081973, 86.13807057995245, 85.82486939312408, 84.98406826740512, 84.18839048711607, 84.18839048711607
96.32, 96.07336898309228, 97.92857617473307, 96.41673194910285, 94.92879573771121, 93.20319820422233, 94.32593358927022, 94.37326665855298, 94.73082950034318, 95.48715063564168, 95.96337815134927, 97.11208132059217, 97.74058000672262, 92.22714110198818, 94.18036511895802, 95.19881449923041, 95.21627672796886, 91.87786715858759, 90.8751725389114, 91.23261984122509, 91.92022375508087, 93.899104775569, 89.86664705135792, 89.28182025780241, 89.75434815729201, 89.75434815729201
95.64, 94.35048258903768, 91.19763825391377, 86.92186042562899, 85.25147394837903, 86.79130833511856, 85.25318448010981, 85.40984501339469, 84.10845337987462, 85.25911298499855, 85.67588852209451, 85.2137631677774, 85.00796617836136, 85.81502052580596, 87.75448191934743, 85.48841076021668, 85.88922846168357, 84.50371598688248, 86.04783101430753, 85.8926009680988, 85.35522916815185, 85.79207359871332, 85.82486939312408, 85.20423468527432, 86.98502630316271, 86.98502630316271
95.98, 96.484143030614, 97.71255945907673, 93.98577259676938, 95.0721438980395, 94.24181395364499, 95.01249965302792, 93.40491116065952, 95.57565630120195, 95.25305687891291, 95.36724859226408, 95.99791705122256, 95.01012825709883, 92.79473387929457, 90.62863655441183, 90.67332537212326, 90.97775719902079, 85.89081322422258, 84.52382558249198, 85.8926009680988, 87.20356482047971, 86.24916963840057, 85.82508844531475, 86.347030403722, 88.0161227305017, 88.0161227305017
95.75, 96.8706887747845, 96.71309237881177, 97.16860480468824, 96.42260725140771, 95.93645910982296, 91.52168099707865, 89.70783606817945, 90.94210345646522, 90.09871684521144, 88.07604211669279, 90.06191663994045, 87.90681861850453, 85.35982655397554, 84.31369739456835, 84.75618479052292, 85.88922846168357, 85.97872729416838, 87.64258497444602, 87.73767365773855, 89.27547856154935, 87.97306644124157, 85.82486939312408, 84.98406826740512, 84.18839048711607, 84.18839048711607
96.53, 96.98872664524686, 96.00296173890926, 95.69072636558772, 95.02626845529899, 95.20105281603867, 94.19156273191207, 90.0158216023424, 90.48028736580825, 87.2411351935774, 85.34372179952713, 84.17834927434514, 85.00796617836136, 85.81502052580596, 87.00467405613537, 87.91618167901593, 87.76360826609198, 89.49824296285828, 87.94540003703436, 85.3412960756316, 84.73326827916155, 84.32939815556858, 85.82486939312408, 85.87703049530744, 86.31786965081184, 86.31786965081184
96.75, 94.53466507219123, 96.96466070379539, 95.8579387513046, 96.3853238835115, 97.065554873862, 97.71321042704949, 88.26740843935518, 89.14451075757756, 89.84789328934544, 90.07570202489904, 90.04300303552988, 91.12343475560732, 90.1899117245678, 89.34060135595598, 89.12478286510864, 85.88922846168357, 84.50371598688248, 86.5507018738366, 85.8926009680988, 84.73326827916155, 85.53823852459101, 85.82486939312408, 84.98406826740512, 85.41947433510063, 85.41947433510063
95.36, 94.20666427135865, 96.37512476833454, 94.68670504841404, 95.26316646787075, 96.35200535188719, 96.73076409841227, 95.5728646401956, 94.17073238515191, 91.81376808207906, 91.1213022174974, 91.89925580790808, 91.37702645647478, 91.36258553658274, 90.5308596050693, 91.80937364049264, 90.78474877040881, 89.4690934099574, 88.10183140831222, 85.8926009680988, 87.12414664966757, 85.22368332418561, 85.01136086800852, 85.88701445451582, 86.22318660623034, 86.22318660623034
95.97, 91.9974513852826, 91.40107184264603, 92.26204363230886, 93.52031435408169, 95.12005256226567, 93.63678305287675, 85.66021817988185, 86.3898738969224, 86.38377494833705, 85.67588852209451, 87.42358071248508, 85.00796617836136, 85.81502052580596, 86.1560576668397, 84.75618479052292, 85.88922846168357, 86.27313762003126, 85.77073860012811, 85.45056756006065, 87.06652869032916, 87.8343670921505, 87.455647602135, 87.32421433318044, 86.7142869676573, 86.7142869676573
96.3, 94.30798450920886, 94.47323225088532, 93.6748898672397, 93.78167765369167, 92.88454955278176, 93.71370774290062, 92.55776827921348, 94.2941430206699, 95.009753102278, 95.23300284497019, 96.74521150215212, 90.35117816185978, 88.50694410723054, 90.17383370008199, 92.12880542016882, 86.21932411366805, 87.11103002170925, 87.88938375921994, 85.8926009680988, 87.07576934401976, 87.28390751632526, 85.82486939312408, 86.53622987527079, 88.13332844927946, 88.13332844927946
96.24, 92.49825866873087, 91.31738608245138, 90.98130732349544, 90.87939695030022, 91.10596479099702, 91.65296717637536, 89.00484009268288, 86.38062780364837, 85.19307875834299, 85.67588852209451, 85.38432649354425, 85.00796617836136, 85.81502052580596, 88.15035034221312, 88.67963377591401, 85.88922846168357, 86.35300337188002, 87.67459208135003, 87.0799280987359, 86.38781947189611, 84.32939815556858, 85.82486939312408, 85.40274175808885, 84.18839048711607, 84.18839048711607
96.48, 94.99630817775859, 96.27961751189227, 91.24747923045479, 92.6287377367869, 94.93861122504372, 93.34246669594035, 91.97631453955549, 91.89268403218189, 91.48713250052413, 89.46298766693819, 91.09253897226027, 87.67714599073747, 86.08003303971311, 86.15933124849667, 87.5885689164872, 87.78523891330968, 89.49050897922497, 91.35013390555338, 90.8415536842259, 92.34970112693108, 93.61764823333775, 93.61928236903036, 91.29388889690667, 91.15885970198175, 91.15885970198175
95.46, 87.38658729989926, 86.37145241010158, 87.03245986858279, 85.25147394837903, 84.10957757803895, 85.48961899980043, 85.4829156262004, 87.32731487298688, 87.16452763244999, 85.72596676004767, 87.54671227872886, 87.70550761522516, 87.43457268955963, 87.04381676301132, 87.67726115936455, 86.57160024899754, 88.09618367422331, 84.52382558249198, 85.8926009680988, 84.73326827916155, 84.32939815556858, 85.82486939312408, 86.16286962883741, 88.04253152737316, 88.04253152737316
96.09, 96.87019940504378, 94.98458308750547, 95.1857821273414, 91.94737921707295, 93.05447861796732, 89.47407671076346, 87.69744910621593, 88.91888550998692, 85.25911298499855, 85.67588852209451, 86.27511366888476, 86.41820784947748, 85.81502052580596, 84.31369739456835, 85.45277665676126, 85.88922846168357, 85.50002982261981, 86.20779317387998, 85.45960986566804, 84.73326827916155, 86.58414571516545, 86.0283465846411, 85.8317836473787, 86.7304854811705, 86.7304854811705
97.03, 96.74681343297424, 98.64410919494227, 96.80415374900213, 97.06019283377334, 96.78269006068226, 95.86447311579758, 94.51930251080783, 92.74239461879074, 89.53030006255405, 87.63542490879689, 88.81875496230501, 89.94438638981225, 86.61527671629828, 87.23899255504747, 86.46661588655486, 85.88922846168357, 87.35541182702889, 87.61747930165382, 85.8926009680988, 86.03595730736208, 84.32939815556858, 85.82486939312408, 84.98406826740512, 86.87576224783398, 86.87576224783398
95.86, 93.71458113822756, 92.6881487691374, 90.0451859424366, 89.89634393414573, 89.72199392790317, 88.18554499384535, 88.27468846165732, 88.81711638253518, 85.25911298499855, 85.67588852209451, 87.42797766119105, 88.41237249819052, 87.56847836489356, 84.31369739456835, 84.75618479052292, 85.88922846168357, 85.0213675763547, 84.52382558249198, 85.8926009680988, 84.73326827916155, 84.32939815556858, 85.82486939312408, 86.9461243840641, 89.22952748009183, 89.22952748009183
95.63, 93.85302326754285, 95.19159164839259, 95.57596229731641, 93.30266308952932, 93.79222022084588, 91.69335891327192, 90.86449047928159, 88.64268113617342, 86.09588940684884, 85.13506422567659, 84.17834927434514, 85.00796617836136, 85.81502052580596, 85.99271280002756, 86.82749613136984, 85.88922846168357, 86.02164949258756, 85.78602030672718, 85.9439360386484, 84.73326827916155, 84.32939815556858, 85.82486939312408, 87.19048924656143, 85.59108783827587, 85.59108783827587
96.08, 96.67827953515429, 98.00010224169917, 96.30514734354803, 92.31858397473303, 93.17284570489684, 92.87042318722388, 92.96856518295398, 89.60944467164525, 90.23071203235314, 89.79103701758515, 91.90822942131246, 92.48886816342105, 91.60542471567551, 93.4401458882851, 94.72884545629897, 89.90578654727788, 89.87785496935665, 89.70805857402264, 85.8926009680988, 84.73326827916155, 84.32939815556858, 85.82486939312408, 87.20396047156555, 89.30808508012382, 89.30808508012382
97.37, 94.89126228105809, 96.62836868063556, 94.99087313487925, 91.43260844785284, 91.48742755273899, 89.21758022004428, 88.26313478427024, 89.90619097905468, 89.69884678965568, 89.50036253736577, 88.92815891903749, 85.00796617836136, 85.49868842770988, 87.8989964189734, 88.05749985726708, 86.10501138819896, 84.50371598688248, 84.52382558249198, 85.8926009680988, 84.73326827916155, 86.18384738222046, 86.79227547470643, 87.2803406532996, 89.11503730083157, 89.11503730083157
96.81, 95.72948832768297, 97.33121801991395, 96.27298642477938, 94.91509099487712, 97.07151075383909, 96.31323353921634, 93.12105990397812, 95.75474772376951, 96.76600227109942, 97.03272200160819, 98.7934087478909, 98.74474533732516, 97.56616280512766, 99.159884050025, 97.01644499010165, 94.7958506745976, 95.77571796373374, 96.62641178770109, 96.54557680996513, 97.79185472305511, 94.34503355682178, 93.2055329709015, 93.18767275864725, 95.08384739804814, 95.08384739804814
96.46, 89.45040009847031, 89.40085625451152, 88.74498737867033, 89.13316364413015, 89.41839531314889, 86.38811529778022, 86.56775006783907, 84.10845337987462, 85.38004894479019, 85.67588852209451, 85.75028481522753, 85.00796617836136, 85.01417021914709, 87.2775022726004, 84.75618479052292, 85.88922846168357, 87.77048672888091, 87.58528000468688, 86.05812200378399, 84.73326827916155, 87.04753965585272, 86.26116460205203, 84.98406826740512, 84.18839048711607, 84.18839048711607
97.3, 97.20227527699137, 97.70085425608309, 93.8528229759027, 94.9200629447062, 94.87886145712045, 94.91364646398709, 93.5574270128787, 95.60500530843272, 90.16157026419377, 89.99983078429644, 92.20812979788677, 90.24170873812466, 89.45365050518868, 87.72574752260645, 87.11180193456582, 87.09859503121653, 88.72024118968257, 89.26916227951945, 88.1237253008684, 85.03354323837766, 86.20161705666405, 85.82486939312408, 84.98406826740512, 84.18839048711607, 84.18839048711607
96.83, 96.22455357268775, 97.64899582927123, 96.89624914451872, 96.14938179170615, 97.94003614262131, 97.87405965601876, 97.14832465022974, 96.32985690387623, 94.53084924954251, 92.28515928935134, 93.3866637470727, 92.80346535005292, 92.50876689005165, 94.20887498884935, 92.85619405044791, 92.35272989862999, 94.29895912284135, 89.75036535227349, 89.82357327779562, 88.81623663925804, 88.82020946578832, 86.3715160131273, 84.98406826740512, 86.30143076016404, 86.30143076016404
95.11, 93.7791542052766, 92.0452695710686, 91.28525399179422, 91.7853878738498, 86.90796985829263, 85.48961899980043, 86.2168087347879, 84.10845337987462, 85.25911298499855, 85.67588852209451, 87.58195736247382, 89.24382123999213, 85.07532222174505, 85.03255305114077, 85.81928550439982, 85.88922846168357, 84.50371598688248, 84.52382558249198, 85.8926009680988, 84.73326827916155, 85.95843946532636, 85.83508549218966, 84.98406826740512, 84.18839048711607, 84.18839048711607
96.21, 97.22936497250335, 98.61241519630317, 97.12152579294943, 96.49492274848647, 98.3320376910505, 96.96886552346194, 96.85389287433347, 99.27738418263141, 96.67242216065856, 96.8650638520105, 98.60948980636346, 96.92350805258992, 95.74990170495627, 95.85560782538879, 96.51720957587231, 96.40434244943926, 97.12733274904167, 96.67369905124426, 92.74467912552787, 92.7811102554689, 86.47366858658296, 87.02452616335917, 84.98406826740512, 86.89373183640966, 86.89373183640966
96.76, 96.44356710856822, 97.50621882934728, 96.8495731576467, 94.44666233948266, 96.56829152694571, 97.02032966474147, 96.5072339643957, 98.69543620660426, 95.79021996588975, 96.08562153187032, 96.40312191979979, 94.17625807665193, 91.83532742357848, 87.97510806929691, 89.33366898577925, 88.31035205941647, 88.77142300192021, 84.52382558249198, 85.8926009680988, 87.01922389065942, 86.39921809332462, 85.82486939312408, 87.12068623181302, 87.0884103045209, 87.0884103045209
96.65, 94.74775484856157, 91.26900700431571, 88.53290860083803, 88.69353655826184, 87.08043562268024, 86.85219103860487, 85.4829156262004, 85.0198329748052, 85.25911298499855, 85.67588852209451, 85.5447380532242, 86.70716681986657, 85.4333072827867, 86.48374625839203, 87.74740351924893, 85.88922846168357, 87.40389313072937, 88.50438274175174, 87.5749396323158, 84.73326827916155, 85.76209004478984, 85.82486939312408, 85.76924007137929, 87.87232036986113, 87.87232036986113
94.69, 93.2500769229708, 93.57882223492103, 92.3109973770455, 91.51282305989129, 93.72491828601358, 91.07669411295346, 87.31371628686618, 88.45291813037034, 86.58139227832007, 85.30861905334073, 86.25409651122933, 86.94997155748202, 85.91713909840543, 84.31369739456835, 84.75618479052292, 85.28718542875855, 84.50371598688248, 85.39584514428861, 86.20066639350217, 86.22559462242202, 87.47476947887694, 87.64251750777566, 86.78232217916965, 88.18769043732799, 88.18769043732799
95.9, 96.18856342032004, 96.9385224353537, 95.66539603402992, 96.54270747363417, 97.2083785497242, 97.3266501847044, 98.22186241829553, 98.82791144247484, 99.89913495776403, 97.92047786336411, 97.46302660030028, 96.65236556785037, 97.20789586484199, 98.4006195044196, 99.12700857808511, 94.69632733126193, 92.28037081393366, 86.74756019939561, 85.8926009680988, 84.73326827916155, 84.32939815556858, 85.82486939312408, 84.98406826740512, 84.18839048711607, 84.18839048711607
96.95, 90.01760798566785, 91.77115747760563, 89.00415708048341, 89.834687120352, 92.06786514253791, 92.01530510936139, 92.28781101353374, 92.62509322629839, 93.06069888539692, 91.36359836350705, 85.12900078979797, 86.09764817476801, 85.81502052580596, 84.31369739456835, 84.75618479052292, 85.88922846168357, 84.50371598688248, 85.31924576933179, 85.21777143738656, 86.20690347827664, 88.27611967902932, 87.54516828794212, 84.98406826740512, 87.39962244324147, 87.39962244324147
95.6, 95.5353606003337, 96.82470292159276, 95.96219537203802, 96.97446756651672, 91.95731644483173, 90.87273311030873, 88.65253716845345, 87.60949300427833, 86.33826870519079, 85.26150717737059, 85.56297671741028, 85.00796617836136, 85.81502052580596, 85.40529692240311, 84.75618479052292, 85.0510511382139, 85.74352024991127, 86.56708943807264, 85.8926009680988, 87.57185905811569, 88.99056867224438, 86.48196652576719, 87.3491555278583, 88.49862041982885, 88.49862041982885
95.48, 96.37832916255162, 96.98313972879764, 97.21245860399176, 92.39351217947842, 92.393177675238, 91.9016273592927, 88.76018801447448, 90.99294396375123, 86.48958648879982, 85.4274179230839, 84.17834927434514, 85.00796617836136, 85.81502052580596, 85.06776704624659, 84.75618479052292, 85.88922846168357, 84.50371598688248, 84.52382558249198, 85.8926009680988, 85.47051376207443, 85.27894193048617, 85.2399777699282, 84.98406826740512, 85.33713570522974, 85.33713570522974
96.41, 95.83060263400776, 97.8347381706727, 97.9312406252894, 98.14476223324363, 96.71285047802151, 91.5289732925593, 88.28089647384147, 90.2688253538241, 88.0668471633206, 85.67588852209451, 85.0048668871974, 86.25779855469267, 85.81502052580596, 87.32502825488199, 88.75319195164937, 86.95863312915762, 88.64361037144253, 90.75121455151854, 85.8926009680988, 85.81379018750626, 85.54591478932521, 85.82486939312408, 84.98406826740512, 84.18839048711607, 84.18839048711607
95.14, 95.3586312366128, 89.82530071237889, 85.29161162494194, 85.25147394837903, 86.04921977061451, 85.48961899980043, 85.4829156262004, 85.9430453869813, 85.25911298499855, 85.67588852209451, 84.17834927434514, 85.00796617836136, 85.81502052580596, 85.7533292493385, 84.75618479052292, 85.88922846168357, 86.88957145756477, 87.77283463583994, 87.74233979796433, 87.36906910595305, 88.07671675795319, 85.82549816692027, 85.58221160073948, 85.87491942976555, 85.87491942976555
97.63, 97.7063940441574, 97.12231430761375, 93.68530867614244, 95.10360899584268, 97.43310368411058, 97.41164339064811, 97.32821761453721, 98.53785122019782, 96.8772711271892, 93.88536217727253, 95.99773631105683, 95.37470630913917, 95.4497505876757, 94.27347220706312, 95.35089503802514, 94.50326892559836, 96.5011674254293, 98.58889136208647, 96.07796331820423, 97.37398775740378, 92.71781234210268, 91.84701371840518, 85.6372508598186, 84.18839048711607, 84.18839048711607
96.91, 95.56637605553313, 96.83123910010197, 95.48007547534344, 93.16241259707895, 91.78296064501211, 89.2023321413581, 88.5416439846889, 90.47091992189131, 90.19818673010963, 88.26221374186045, 90.63544472370235, 91.884693860772, 92.15945375362597, 93.38974385545093, 90.39221160664081, 89.78079493696346, 86.75008868496444, 84.52382558249198, 85.06448189676826, 86.19438342537532, 87.83468192140016, 87.22617390834093, 87.2134780613733, 88.94173579679293, 88.94173579679293
97.43, 97.08157738901828, 94.55314846263786, 90.12111184536796, 89.20754841006811, 91.43562426826824, 90.508930025284, 89.77942797070904, 91.93557803263265, 90.99473108198372, 90.65042893360526, 92.28406113190925, 86.0498911934912, 85.81502052580596, 84.31369739456835, 84.75618479052292, 85.88922846168357, 85.22969403353073, 84.52382558249198, 85.8926009680988, 84.73326827916155, 85.99515305363487, 85.82486939312408, 84.98406826740512, 86.09900190829423, 86.09900190829423
95.73, 96.4897887393489, 96.19338672823815, 95.83363733540602, 95.96401902058037, 97.64973934375767, 93.14082312290631, 93.35973196831942, 93.94301204287814, 93.98885232843193, 91.46674554105789, 92.26656067404897, 92.69164915248469, 89.10459878656067, 88.02621230640797, 89.26705445753511, 85.88922846168357, 85.98454356071032, 85.61033927601898, 85.8926009680988, 86.35881494297364, 86.14849298573507, 85.82486939312408, 86.14707165786602, 85.34506311121012, 85.34506311121012
96.11, 96.09972644357345, 95.88016969752866, 96.64969839988466, 97.55765982198244, 99.7788962440385, 100.00741430687168, 100.51779504323306, 100.3372262067773, 99.94645589434998, 98.80000405467169, 100.95731066313256, 100.93835911583115, 97.67333762771482, 98.97584404954763, 94.94484463879316, 94.35963868457723, 91.56595584348926, 90.24934144379402, 90.34560522398336, 90.3178530365458, 91.57199783282678, 92.25914383623952, 88.96872890024461, 89.09885466066943, 89.09885466066943
95.75, 92.44434144694608, 89.99563814310407, 90.03393510811573, 89.415035615306, 89.80397796141682, 90.77177516321215, 85.89522319919186, 84.10845337987462, 85.35790438532315, 85.67588852209451, 84.17834927434514, 85.00796617836136, 85.81502052580596, 87.1632639880962, 88.06830406579478, 85.88922846168357, 87.05519730125212, 84.52382558249198, 85.8926009680988, 84.73326827916155, 84.32939815556858, 85.82486939312408, 85.4357722784384, 86.52527756457258, 86.52527756457258
95.19, 96.16610665016746, 97.27998843415116, 97.25498809586374, 96.77660180815343, 98.19464341005862, 97.87969815831029, 98.12959708250084, 100.12046437095158, 93.64712755891864, 92.30117544684697, 91.73430891304231, 91.83424607765403, 90.38634922411923, 91.17308814647272, 92.99151208959107, 91.7280791536499, 93.34263876879199, 95.06019824097609, 93.19976309484218, 93.18416182251278, 94.70437728630061, 92.99670043368037, 94.05602552803981, 94.6970311531676, 94.6970311531676
96.44, 95.66832548644292, 96.70828434659767, 94.70373599008326, 94.86994056500205, 96.30473492854011, 94.18649497445033, 90.27557981413443, 89.80297415683857, 86.85264059744541, 85.76471161522149, 88.27851013131189, 88.12557758143662, 86.1550342097319, 86.34266743399027, 85.93896210262949, 85.88922846168357, 84.50371598688248, 86.53411476859353, 86.84750245795853, 87.94643811493795, 84.32939815556858, 85.82486939312408, 87.52184194511989, 85.03716657507363, 85.03716657507363
97.38, 92.86697653164383, 89.51639973431537, 88.09162369998528, 88.0938074783343, 88.88190285089433, 88.63618136217316, 87.35504547788751, 88.96726885797823, 90.18762920177825, 88.82273997781084, 88.24003688462349, 85.20332839808924, 85.81502052580596, 84.31369739456835, 85.2083311596324, 85.88922846168357, 87.2084281593208, 85.48402098121288, 85.8926009680988, 86.15862282553348, 87.17913346396601, 87.49055236156057, 88.24692909789793, 90.35905327370615, 90.35905327370615
96.18, 97.00070702604101, 94.32373329825964, 92.13410298488013, 89.06905051963814, 90.88893426814113, 85.73474700766987, 85.63890074946913, 85.80143384429073, 85.25911298499855, 85.67588852209451, 84.17834927434514, 85.00796617836136, 85.81502052580596, 87.41214076670151, 84.75618479052292, 85.88922846168357, 84.50371598688248, 84.52382558249198, 85.08987000783365, 86.30533988262171, 88.4929069329276, 87.1060517763414, 84.98406826740512, 84.18839048711607, 84.18839048711607
97.63, 95.61178488072427, 97.55202750243151, 96.92891133692207, 96.15293428583163, 96.92240133395487, 96.0396838639126, 95.30259132129996, 92.5871914014158, 91.64910386868125, 91.08693150674094, 89.08250818200314, 90.07061895249932, 89.74707653945859, 86.80276618299615, 88.00937454922926, 88.81768500104911, 90.68725941936202, 86.25003607387319, 85.15878170956526, 84.73326827916155, 84.32939815556858, 85.82486939312408, 86.52320119553912, 86.77328265948422, 86.77328265948422
95.74, 96.97061139502635, 98.25445086104932, 98.11846439477226, 97.5286613498259, 98.87067789254321, 99.20843546283172, 99.219819492368, 98.09545204424765, 99.03867827698159, 92.45032887825452, 94.78739215527557, 94.29959455098539, 90.1482356480321, 90.85000689450797, 86.92755087820149, 85.78842031841279, 84.50371598688248, 84.52382558249198, 85.8926009680988, 84.73326827916155, 85.11975564960372, 85.82486939312408, 84.98406826740512, 87.181466418097, 87.181466418097
94.94, 96.58781435615062, 96.81864697701519, 96.2853293143118, 94.61708330834662, 95.2713610369003, 89.55167557815301, 88.623568443766, 90.62085129893246, 91.76231404185246, 90.02659727784298, 88.08893067158436, 87.83738798465558, 87.13475428155182, 88.13733050428324, 87.32262645916313, 85.88922846168357, 84.50371598688248, 84.52382558249198, 85.8926009680988, 87.66604831678504, 89.73611333804129, 90.09183412424737, 89.96079241432614, 90.51424395524205, 90.51424395524205
96.4, 91.42838238806421, 90.18189281480974, 87.05131810649911, 86.28346572947211, 84.10957757803895, 85.48961899980043, 85.4829156262004, 84.10845337987462, 85.10390611885877, 85.67588852209451, 84.17834927434514, 85.71317995415721, 86.10756164619903, 85.82661336297393, 85.69975590683676, 85.88922846168357, 84.50371598688248, 85.92354948279683, 85.8926009680988, 84.73326827916155, 86.67499598851526, 86.9395928037734, 87.33644513648412, 87.5337789398943, 87.5337789398943
96.33, 91.69115589373371, 87.55116057161297, 86.74712468259324, 86.39172355930405, 86.86913163030037, 85.0900504904435, 85.4829156262004, 85.20156230031719, 85.25911298499855, 85.67588852209451, 84.17834927434514, 85.00796617836136, 85.81502052580596, 87.24948603970883, 84.75618479052292, 85.88922846168357, 87.40083566900523, 89.14219475802976, 89.54826283949185, 91.05367772867069, 91.98617228162965, 86.4782615662517, 87.06040533115569, 87.12579691463046, 87.12579691463046
96.34, 97.60321127679687, 99.88686485960713, 99.88271821010512, 87.76611741354975, 90.12636616105065, 88.655165980216, 87.74157045334024, 90.13985363449464, 87.61518420237705, 85.67588852209451, 88.06598075202899, 89.45985589350681, 89.31528608104459, 91.44731911073585, 91.1757481226104, 85.98804640523981, 86.0511000815608, 84.52382558249198, 85.8926009680988, 87.39619816753351, 88.33308435212776, 89.01264487162024, 89.78482759770927, 89.89618572538805, 89.89618572538805
95.22, 94.84563661796422, 96.01166370063346, 95.55538836836848, 94.38125089521918, 88.41879690236841, 89.68424017953737, 86.80755097297343, 87.138429426426, 86.51106382273693, 85.54493940678968, 84.17834927434514, 85.00796617836136, 85.81502052580596, 85.8362863988222, 85.5228789410713, 85.88922846168357, 87.8251737249038, 88.78518449208329, 85.8926009680988, 85.75146829099515, 86.12311998527711, 85.82486939312408, 85.00111611162744, 84.18839048711607, 84.18839048711607
96.73, 97.18610998559058, 92.13337688567711, 92.28763412846179, 93.55178376288916, 92.49127338078937, 91.58673742772207, 89.40345355563349, 89.78124924600593, 91.01970015841457, 85.91924859192403, 84.17834927434514, 85.00796617836136, 85.02879946218422, 84.31369739456835, 84.75618479052292, 85.88922846168357, 85.33294912806907, 84.52382558249198, 85.8926009680988, 84.73326827916155, 85.28954723631654, 85.82486939312408, 84.98406826740512, 87.22187143582836, 87.22187143582836
95.38, 93.47102470041281, 91.76133047366825, 87.60443071651527, 87.9038181033675, 88.82825760949925, 88.99263995261714, 87.45163090777463, 88.2829596439322, 86.56212321808721, 87.33357100960446, 88.79643853757608, 85.00796617836136, 85.81502052580596, 87.01315762363139, 86.91641074598324, 85.5286188404884, 84.50371598688248, 85.84637156306285, 85.8926009680988, 84.73326827916155, 84.32939815556858, 85.82486939312408, 84.98406826740512, 84.18839048711607, 84.18839048711607
94.66, 92.30786828998805, 92.52907231916298, 88.34707270853325, 86.20646236368258, 85.34545010298139, 85.48961899980043, 85.4829156262004, 87.83244865334174, 85.25911298499855, 85.67588852209451, 84.17834927434514, 85.24740898000609, 85.81502052580596, 87.66785796179111, 88.91864262709008, 89.2758597804099, 89.93950743954703, 89.0821294645748, 88.31358421913491, 88.76126953118303, 89.05422438369631, 85.82486939312408, 87.17800674535646, 88.83696574338431, 88.83696574338431
96.31, 96.45550236622115, 95.89395918148334, 91.80759336792269, 91.5885588980007, 93.18658157548073, 92.1280218364938, 91.50455831281663, 93.49014638152839, 88.12889422721473, 85.67588852209451, 85.97359348661026, 85.00796617836136, 85.81502052580596, 84.31369739456835, 84.75618479052292, 85.88922846168357, 86.88656155906124, 84.52382558249198, 85.8926009680988, 87.58590688669203, 84.32939815556858, 85.82486939312408, 87.26571452134472, 87.5513220697855, 87.5513220697855
96.29, 97.70653817285975, 99.03453807613144, 99.1961122512281, 98.06609578931355, 97.10977074387469, 97.67420386197949, 98.73259668431317, 99.94200122755672, 100.3617306806563, 99.65898802624253, 99.38325100623564, 98.07281676018778, 97.63393928401692, 97.24391106253164, 97.07685749741466, 95.6682329042198, 94.51508530221243, 94.33249232360005, 92.65985216283764, 89.50806432948812, 88.34220030730806, 87.39855334691563, 86.93344319275907, 87.84410263327761, 87.84410263327761
95.62, 93.56065727623128, 88.77414406454358, 89.29044749184423, 89.83995387207092, 88.95370870746501, 88.86296119558557, 85.67908062324537, 84.10845337987462, 85.25911298499855, 85.67588852209451, 87.23813974099721, 88.23634145232967, 88.4289549531058, 88.84809945612693, 84.75618479052292, 85.88922846168357, 87.70042769270357, 85.40626317952886, 85.8926009680988, 87.16796955280655, 89.0554790437006, 87.40626562752948, 88.274565779194, 85.9684086526642, 85.9684086526642
96.12, 95.66802793151322, 96.90847368674338, 96.74051031374005, 95.43999712271392, 96.87481843556846, 91.98505589859741, 92.699919282517, 92.69520926486267, 92.69389949666241, 90.5418972500504, 92.18960000109392, 89.22156600032196, 85.81502052580596, 86.77191303518212, 87.53543562883644, 87.02744395311926, 87.25804571553456, 86.90240834024335, 85.91652557011852, 85.9025764540821, 86.84622395060431, 86.8222319592895, 85.48415753349394, 85.88277886214242, 85.88277886214242
96.02, 89.42945859013709, 91.5797735652807, 90.50148053162545, 90.37178652746202, 89.88100407636635, 88.56020947562916, 87.1516106759526, 89.07143925666878, 85.25911298499855, 85.67588852209451, 87.48684989996445, 87.04093652538346, 85.81502052580596, 85.84873843094695, 85.94948077674418, 86.12466935144963, 84.50371598688248, 84.52382558249198, 85.8926009680988, 84.73326827916155, 86.04542821023296, 85.82486939312408, 84.98406826740512, 86.76846334003625, 86.76846334003625
95.49, 94.14712655867926, 93.25331835531136, 89.19479481803081, 89.14703146563457, 89.02473731879685, 90.25910029437425, 87.03105170146235, 88.39779135766315, 87.14898304352253, 87.12114728439965, 87.80151805297317, 85.8589108696559, 85.81502052580596, 84.31369739456835, 84.75618479052292, 85.88922846168357, 86.35030377334166, 87.37165661696498, 85.8926009680988, 84.73326827916155, 84.32939815556858, 85.82486939312408, 84.98406826740512, 87.06468972312894, 87.06468972312894
97.49, 97.24933825004469, 96.67410989722659, 96.89990029995053, 96.15464193900826, 95.30634693524227, 94.95572447203925, 93.18503629997515, 92.72605884312826, 89.9981388664863, 90.306884732678, 92.13424464656019, 92.94962118423909, 93.41266557221716, 95.50103440883316, 95.17319851829136, 92.64430338114109, 93.85850871371039, 94.39238944215259, 95.12257614548031, 94.29649433100666, 90.99851145071, 90.54754510557197, 88.94930343905507, 88.7617871668285, 88.7617871668285
96.24, 94.85228567009446, 97.06386875443981, 97.05169583851382, 91.50294547218574, 89.92934008935875, 89.88999699746765, 88.70262974180841, 89.49260992383813, 88.30694804648257, 85.67588852209451, 84.17834927434514, 85.00796617836136, 85.81502052580596, 86.69706961320087, 87.16370261611875, 85.88922846168357, 86.00988492409061, 84.52382558249198, 85.8926009680988, 87.10620064310497, 88.39607146144088, 88.57522621972205, 89.18865220764643, 85.36750350816352, 85.36750350816352
95.95, 93.30089026666239, 92.57855221109563, 89.5766292596266, 87.78110957049724, 85.59791915903067, 85.3188896950557, 85.4829156262004, 84.10845337987462, 85.25911298499855, 85.67588852209451, 84.17834927434514, 85.00796617836136, 85.81502052580596, 84.31369739456835, 85.6370714868124, 85.88922846168357, 87.42998248314446, 88.22307408413667, 85.8926009680988, 85.19628812947914, 87.05888563834748, 86.79026646267504, 87.26584649723617, 89.48770837474456, 89.48770837474456
95.81, 97.32735066276415, 97.83843887361789, 97.47124668849253, 96.63739735318529, 96.77137549276496, 96.2846037535269, 96.70178593358175, 94.36138235904627, 93.09366088251464, 92.06015792001165, 93.3117562407511, 91.5307685461996, 89.09975208982405, 89.55486191658251, 88.12398835699624, 86.79494797260661, 88.93081619438135, 90.32838363277115, 90.25395774514418, 90.23461657578322, 90.78578049403046, 89.65550376318696, 91.2623226491504, 92.04931563266453, 92.04931563266453
96.25, 96.74541498361188, 92.59559984325574, 87.26253413368545, 86.75828012839425, 84.10957757803895, 85.48961899980043, 85.4829156262004, 86.12100428982397, 85.25911298499855, 85.67588852209451, 84.17834927434514, 85.00796617836136, 85.81502052580596, 86.96276669461564, 84.75618479052292, 85.88922846168357, 84.50371598688248, 86.24244769941485, 86.11728943998683, 85.55762183323469, 86.43219277804045, 85.82486939312408, 85.17592223753894, 87.21100465613408, 87.21100465613408
96.21, 95.61146413670033, 97.72806631732104, 97.09459045066146, 96.3616626716981, 97.23987024594508, 98.50928786499826, 98.6810970171049, 99.97584800729693, 97.63362531274484, 96.28476453557487, 97.44994212793195, 96.545288664245, 95.11954011854796, 92.20774768548608, 93.45163954791828, 90.00541900278539, 91.06688472008452, 90.54147107587876, 90.16200397942431, 91.71330669328603, 92.04524418965859, 90.40602140774372, 88.89009576045912, 86.89852432170001, 86.89852432170001
96.44, 94.92780825934271, 89.48412703639768, 86.41957800573826, 87.32489887889159, 89.0496713817341, 88.73203513791327, 85.74447639379991, 87.66292282353098, 85.25911298499855, 85.67588852209451, 86.41799018208054, 85.00796617836136, 85.81502052580596, 85.01870949197304, 85.02074163799193, 85.88922846168357, 86.2521397523972, 86.64810575203663, 85.3851657068515, 84.73326827916155, 84.32939815556858, 85.21534618434333, 84.98406826740512, 85.24228183955654, 85.24228183955654
95.61, 95.17401811413572, 96.53281205039526, 93.44968680867892, 91.0303659640326, 91.16228394032453, 91.4843966626565, 88.61199291008059, 90.7722634557812, 91.94078145353187, 91.15482549566642, 88.90904610795886, 86.35881445373398, 85.81502052580596, 86.8472100042843, 86.33104706950817, 85.88922846168357, 84.50371598688248, 84.52382558249198, 85.8926009680988, 87.62725630960605, 88.3277960860274, 85.96661291533255, 87.17647211143625, 88.28878695244762, 88.28878695244762
96.16, 97.43494820073795, 98.30514836832921, 98.56283416951077, 97.99052108724727, 100.00274091523768, 98.27619134367163, 98.64343929741892, 98.024198293112, 96.21319117560334, 96.0756404417826, 97.30133948614025, 97.71987825910607, 96.32376959525303, 91.7945853571745, 91.5485755648474, 89.69114179770109, 89.41956542306062, 91.42593420266935, 89.35541812814026, 87.16677181598364, 87.8450338830197, 85.82486939312408, 84.98406826740512, 86.41184392699948, 86.41184392699948
96.8, 97.36761652333138, 98.88222705869498, 98.78967522465874, 96.79689814572049, 98.46617509445659, 98.63250012247063, 98.37773260373095, 94.75268211564843, 94.53322350559546, 86.67778328449893, 88.79487639302492, 87.10161273338252, 87.68983572581013, 89.83920906319571, 85.26575150497328, 85.88922846168357, 85.98266709154426, 85.96653676529593, 85.8926009680988, 84.73326827916155, 84.32939815556858, 85.82486939312408, 86.85852733562595, 88.3743975895984, 88.3743975895984
97.21, 94.90240567504402, 90.68487476241062, 85.68112224577713, 85.25147394837903, 86.61955654774692, 85.48961899980043, 86.15970499999993, 88.54436270765389, 85.25911298499855, 85.67588852209451, 87.51652198562859, 85.16453673522058, 85.83343705219615, 84.31369739456835, 84.75618479052292, 85.88922846168357, 86.29364024762127, 86.12492955399387, 85.8926009680988, 84.73326827916155, 84.32939815556858, 85.82486939312408, 84.98406826740512, 84.18839048711607, 84.18839048711607
97.28, 94.00911968255605, 95.03052988854023, 93.31315112015439, 90.01955687456318, 87.46741290694388, 85.98169410169372, 86.84076055923096, 89.08267725077583, 89.15737418376794, 85.67588852209451, 86.30971036559983, 85.14716234966734, 85.10732772821348, 85.93388961364361, 85.0258826262441, 85.88922846168357, 87.74133821935415, 88.96548700616233, 89.59078694449342, 89.22285117320556, 85.45566908186578, 85.82486939312408, 86.26312516138238, 86.72053926029258, 86.72053926029258
95.65, 94.90371066347505, 96.3689259846662, 95.18328388859484, 93.54844802639676, 95.97845354097508, 95.51801744230018, 92.91793889762432, 94.15654583246983, 94.89986434095859, 92.18276951711184, 94.12164574296943, 92.57978030072007, 91.1868962071025, 93.22954362662189, 87.70730200499548, 86.5125430769988, 86.35948566939823, 86.93942488729064, 85.8926009680988, 84.73326827916155, 86.91953135250081, 87.16758537138625, 88.00328407368299, 90.5362489997374, 90.5362489997374
95.28, 95.08416156348653, 94.32105471060724, 94.48442631074694, 94.60767610092091, 96.68013510205121, 96.86275380636856, 95.30890332524898, 96.88608160867742, 97.8041203406898, 98.4814452662295, 94.7564058049005, 93.2530714972263, 91.3550437338356, 91.44834596160868, 91.76015526541936, 90.71763410921562, 91.63643851968314, 90.80760257870426, 90.76263045127186, 90.57585132447201, 92.47878841116643, 90.33950455126792, 89.6619421878529, 91.7560988735778, 91.7560988735778
96.77, 95.68325503934749, 97.81978442239863, 96.11958353380328, 93.93419195809136, 95.068426386301, 93.61441966431728, 91.56256946053041, 93.23876146124178, 90.35369110591235, 90.83905709519581, 91.67503285257241, 92.83338638372872, 92.22790799827217, 93.9260092740459, 92.92629535893612, 92.5235300617922, 92.48719193648918, 88.83552191934447, 88.53242578836726, 87.05223326046504, 86.36104444961353, 85.82486939312408, 85.3008326593524, 86.21275200665234, 86.21275200665234
95.45, 96.07546094219697, 97.83697683646236, 95.62785534750877, 94.85777418862753, 94.85708151781274, 92.49724475872462, 87.97749480560476, 87.97231438640654, 88.03671332715548, 87.06202622187031, 84.17834927434514, 85.00796617836136, 85.81502052580596, 87.60695634192948, 84.75618479052292, 85.88922846168357, 86.30014386048244, 85.44902213852858, 85.46666706106184, 84.73326827916155, 85.92722873064882, 85.82486939312408, 86.82154416395754, 86.80979034921408, 86.80979034921408
97.37, 98.51765077389655, 96.43792569962416, 95.79417832826181, 96.87678527824797, 98.93970214705926, 98.82718507888983, 99.93213742917236, 102.10338059852936, 98.88019197795465, 99.44572834443704, 97.3343814981507, 97.43282323908466, 96.35561578554459, 97.62891006062671, 96.89118020401536, 93.84584896612701, 94.95109915753423, 94.62433562381833, 90.16508307884258, 90.29801152319892, 91.26339701087983, 90.81783025396133, 91.95955574359398, 93.80018705735691, 93.80018705735691
95.79, 97.17056994624679, 89.16779368737126, 87.87454319987198, 87.72387395349816, 86.05779878061927, 86.48246366098192, 85.23022962950105, 86.86827492870795, 86.19004437509685, 85.67588852209451, 84.17834927434514, 85.00796617836136, 85.81502052580596, 84.31369739456835, 84.75618479052292, 85.88922846168357, 84.50371598688248, 85.50963721390683, 85.8926009680988, 84.73326827916155, 85.6392776976269, 85.82486939312408, 84.98406826740512, 84.18839048711607, 84.18839048711607
96.5, 93.56281144533143, 95.39974880194214, 91.45934178666855, 92.50692410169249, 91.26404156050361, 86.19525718387797, 85.4829156262004, 84.10845337987462, 85.25911298499855, 85.67588852209451, 86.8053362021633, 86.43589983089905, 86.52730563614902, 85.02223107733026, 85.69671581045908, 85.88922846168357, 84.50371598688248, 84.52382558249198, 85.1680780544692, 85.72109574828727, 84.32939815556858, 85.82486939312408, 84.98406826740512, 85.52493576151942, 85.52493576151942
95.92, 96.6022709760442, 96.23726707761935, 94.10129978195761, 94.02355483723338, 95.46304961709302, 94.28398912578263, 95.01235400879948, 95.32063118071848, 93.4554614820991, 94.45888667548978, 93.67554602811045, 95.14217340387799, 95.42328371355264, 93.46289227185784, 95.05621914812387, 94.70396025084828, 95.59827195408582, 96.8690385230517, 95.71227479328576, 95.86878326081603, 96.04588444729168, 95.32580722584646, 92.80188095473774, 94.31060378660536, 94.31060378660536
95.2, 93.00521842493583, 89.25920305345537, 88.23521667241752, 88.55817172092497, 89.17273750893584, 85.48961899980043, 85.60153871878879, 85.99856356382782, 85.45040951061925, 85.67588852209451, 84.17834927434514, 85.00796617836136, 85.81502052580596, 85.90173183246719, 84.75618479052292, 85.88922846168357, 87.76109744000479, 88.72458549468716, 85.8926009680988, 87.49277570109716, 89.22955120294402, 86.21318194064892, 86.28954130304055, 84.18839048711607, 84.18839048711607
96.16, 93.0381278720497, 92.26210634657616, 87.01516006112918, 85.82194259177376, 87.84408455639887, 85.48961899980043, 85.03495116850696, 87.15702921939358, 85.63201132495973, 85.67588852209451, 86.59964712486767, 87.98661793099049, 88.30859005579458, 90.45847302958967, 91.4061444738593, 90.97058657995676, 91.4746415991525, 93.07335408823705, 93.03993765566723, 90.38687925950295, 88.28533284605845, 86.93225392858122, 84.98406826740512, 85.08586732183306, 85.08586732183306
95.34, 91.83812868864634, 89.74129010799044, 88.03680203527037, 85.37046871754133, 87.21441051709142, 85.48961899980043, 85.4829156262004, 86.97779476599943, 85.25911298499855, 85.67588852209451, 87.49977162533087, 85.02521159438788, 85.02309823725864, 87.24375689633459, 86.93407450286225, 85.97171277928759, 84.50371598688248, 84.52382558249198, 85.8926009680988, 84.73326827916155, 85.03936951877851, 85.82486939312408, 86.65388417042413, 87.96350367318074, 87.96350367318074
96.28, 94.05962371351667, 94.93482379489008, 95.65505999111684, 94.98241795044623, 94.36111323881241, 93.99358742008553, 94.31774923377803, 96.5962969225203, 95.91420817746484, 94.65805645643682, 94.41809349762035, 91.89435624312136, 85.73657999631426, 85.29690780569155, 85.84382896003973, 85.15639777694444, 86.72868687897811, 88.59631321413242, 88.04117473330454, 88.15005294033234, 90.33686684494118, 90.41533715215084, 85.8228785876716, 86.5015401193927, 86.5015401193927
96.1, 95.32192056289074, 96.71726734044388, 96.50978081438625, 94.22474686360307, 95.29881525323749, 92.88579767486759, 93.40301197352525, 94.27250144778912, 93.6820539289079, 87.56022070770285, 84.17834927434514, 85.00796617836136, 85.81502052580596, 84.31369739456835, 84.75618479052292, 85.88922846168357, 87.42072537163395, 84.52382558249198, 85.8926009680988, 87.43400918578303, 87.00614076543935, 85.34522289977718, 85.92860297055452, 84.18839048711607, 84.18839048711607
95.84, 96.67085172420958, 96.45912318682461, 92.98082858596538, 87.93697946440396, 88.92025398408653, 88.3588245412577, 87.61139867874192, 88.82577317160788, 85.25911298499855, 85.67588852209451, 85.49836772117035, 85.00796617836136, 85.81502052580596, 84.31369739456835, 84.75618479052292, 85.88922846168357, 87.54370975772518, 85.98708567906428, 86.50468942348006, 87.25560300058426, 87.46248688838891, 86.98034223483462, 88.63421112759204, 86.92751734673921, 86.92751734673921
95.79, 92.91771905856739, 90.20211191722585, 89.24804593168749, 90.69111306240023, 85.13521983527326, 85.4911199648128, 85.4829156262004, 85.04550947514305, 85.25911298499855, 85.67588852209451, 85.45298026673679, 85.00796617836136, 85.81502052580596, 85.69836620049493, 87.09722225319756, 86.90818923743106, 87.7933890138913, 88.17884711171192, 88.23045474167492, 88.05655386490582, 89.08454312497723, 87.75084389338622, 84.98406826740512, 87.31605986025922, 87.31605986025922
96.07, 96.26863645013094, 95.12959579469432, 94.01245499860434, 94.9543138349798, 92.32788556603353, 92.9549725772724, 91.86557101969228, 92.22336259292024, 88.94272736045644, 89.74908868754929, 87.12418684052585, 88.76734943872883, 85.81502052580596, 86.02843164726245, 85.96637576780772, 85.83262139396656, 85.49443911066132, 85.82856309192121, 85.8926009680988, 87.76943934115572, 87.59014371191532, 86.48605576599567, 86.37074044659069, 87.97655432408116, 87.97655432408116
95.56, 97.05166108093589, 97.2726287849791, 97.40567505899389, 97.08965758652926, 97.56504078810424, 97.7956393351962, 97.45967896863378, 98.82126683979466, 99.45090468452771, 100.27826281975774, 102.04410404174286, 102.82775081841132, 102.28957032550575, 100.88172846824942, 101.43217948915148, 101.39351257531087, 98.61296825439425, 100.53620218919167, 98.68383553278932, 97.97847188393274, 99.53048840081922, 100.227878648159, 101.02201654079664, 100.5016810999357, 100.5016810999357
96.97, 98.17616324171398, 96.75886155965472, 85.68112224577713, 85.25147394837903, 84.10957757803895, 85.48961899980043, 85.7673888509547, 86.01233490814275, 87.25230513998436, 86.67292643060323, 84.17834927434514, 85.00796617836136, 85.74086848278557, 87.98293155870567, 85.55460530893838, 85.6983457865392, 87.0227035995015, 84.52382558249198, 85.8926009680988, 86.70279960225952, 88.51631065320787, 88.69307036497216, 87.9734315096708, 89.66155261303527, 89.66155261303527
95.49, 94.80042993880464, 95.16204715905882, 95.3171308051062, 90.03263581227527, 90.24975846336088, 88.74730076871201, 85.03059353450979, 86.22611234957932, 87.29933234857242, 87.08334513646132, 87.63123652937739, 85.76095128450962, 85.71954703407908, 87.95721103432936, 88.39885799247952, 85.88922846168357, 86.56007342469456, 84.52382558249198, 85.8926009680988, 86.77035294775038, 86.8925992941766, 86.89915158651118, 88.13783810734911, 84.18839048711607, 84.18839048711607
96.45, 95.76901411757267, 93.89082371106898, 92.4707307969164, 90.51119921780632, 85.26557184066203, 85.48961899980043, 85.4829156262004, 84.10845337987462, 85.25911298499855, 86.23151365813492, 86.16973547364206, 85.00796617836136, 85.2926196974461, 86.77453133999548, 88.10134620565474, 85.88922846168357, 86.83225169218076, 87.4266771698333, 85.8926009680988, 85.58595358803771, 86.99426604715322, 85.82486939312408, 85.19285390695032, 84.18839048711607, 84.18839048711607
95.99, 94.42829757376151, 96.94449930224508, 97.7231469472682, 96.85439384179247, 97.54343983654582, 97.20499813105364, 95.77071279123575, 84.10845337987462, 85.13237056121977, 85.67588852209451, 84.17834927434514, 85.64046411388743, 85.81502052580596, 84.31369739456835, 86.2511969859665, 85.88922846168357, 85.87021650589128, 87.34811257936063, 86.50696409604681, 85.80231320925934, 84.32939815556858, 85.82486939312408, 84.98406826740512, 84.18839048711607, 84.18839048711607
95.95, 94.94258150296034, 93.09939512424882, 91.64276167974033, 86.78436745436662, 88.46076285806814, 88.21407599130643, 87.8593622254761, 87.7237822848216, 89.067025968121, 85.67588852209451, 86.08424534882728, 85.22186390987721, 85.67395334766879, 86.90458264136409, 87.02839064492115, 86.27621746500195, 88.1928812245807, 88.50076479378284, 86.78308971295834, 86.50310507360706, 88.23710448572344, 88.68527522460326, 87.23173295896217, 84.18839048711607, 84.18839048711607
96.25, 97.56339570368965, 92.57836917644612, 88.43794358791976, 86.88734240719778, 87.83541239048665, 87.71626490467305, 86.85749921098423, 87.50618396416444, 86.28569926411748, 86.63003196665775, 88.73060854344617, 85.00796617836136, 85.81502052580596, 85.7481083498358, 87.0756387775271, 85.63815060830991, 86.20119514276614, 87.49154582641428, 86.56935137387234, 87.67310564010639, 87.41342802227975, 86.6426582403981, 84.98406826740512, 84.18839048711607, 84.18839048711607
95.62, 97.0575256906595, 98.95026543672, 99.43772591408694, 94.06749444168408, 92.38279515608434, 91.52350290063548, 88.7880820452346, 88.4784502578846, 85.25911298499855, 86.26846380896747, 84.17834927434514, 85.00796617836136, 85.81502052580596, 87.13268529955748, 88.82039861540834, 86.34866662245368, 87.53157507827315, 87.37079706594027, 85.8926009680988, 84.73326827916155, 84.32939815556858, 85.82486939312408, 85.8951282845487, 84.18839048711607, 84.18839048711607
97.79, 95.58885524857348, 97.8558540902384, 97.41125041798183, 93.62516663759646, 95.85741800801749, 94.76906796148127, 91.92685097869034, 93.54555693389581, 91.92171976228042, 92.78361891021733, 94.51582374300652, 95.9510972006299, 94.62468862932285, 96.75298904344315, 97.30504113941352, 93.8204960330576, 93.15578722339022, 92.36318568868576, 92.14066345796782, 93.6990113318315, 95.82361976997595, 95.14333161899128, 96.57365697402398, 98.68589592918673, 98.68589592918673
95.91, 96.13296128322358, 98.13794495985312, 95.4076908308466, 95.52745138502411, 95.76276041320965, 94.90335843391324, 95.32688247108626, 93.28010907856881, 93.36834570200372, 88.32171357723408, 84.17834927434514, 85.00796617836136, 85.81502052580596, 84.31369739456835, 85.58438952124234, 86.19816833952808, 87.84652381793573, 89.48069176150109, 87.08974622150512, 88.80531871327602, 89.75802272393885, 89.95764496524276, 91.32506680768142, 93.30395511342549, 93.30395511342549
95.72, 95.54963821402434, 95.52890210247986, 94.2037427887061, 94.23928861321167, 93.65758586122664, 92.00388395156769, 92.00841360579548, 93.22597549021485, 86.44436182147085, 85.62446938862769, 85.8183198133943, 86.04643841106379, 85.81502052580596, 84.31369739456835, 84.75618479052292, 85.88922846168357, 86.83611920887253, 87.32966607497963, 86.7199748562067, 88.0739941429218, 88.25890885389602, 87.82899600956678, 88.20518876675142, 90.43585450261651, 90.43585450261651
95.57, 92.07751864654226, 93.51190676057034, 93.7914305738559, 93.12005277388563, 94.85330657128415, 95.04725003369172, 94.27060349794179, 96.36424383277007, 96.37671698272631, 90.23097911845954, 89.27555886071572, 90.07944976541745, 85.81502052580596, 84.31369739456835, 86.11340795939624, 85.2537058961757, 86.19023010154531, 84.52382558249198, 85.8926009680988, 85.031667418722, 84.32939815556858, 85.82486939312408, 86.91963205738558, 86.73039708364877, 86.73039708364877
95.03, 94.96781819851594, 95.17699765462721, 94.2643801635599, 92.22528940585241, 89.44422256911467, 85.61188857996156, 85.4829156262004, 85.78887403658635, 85.25911298499855, 85.91764237750135, 84.17834927434514, 85.04456801237578, 85.81502052580596, 85.62437357513807, 86.43428916822641, 87.00045344393696, 84.50371598688248, 84.52382558249198, 85.8926009680988, 87.75225959827745, 87.38644467200405, 85.82486939312408, 86.26745743918806, 86.09200205996812, 86.09200205996812
96.7, 95.56643153219424, 95.90492524517347, 93.42103304450059, 91.77714453963434, 92.23542725602009, 87.37153573949632, 85.4829156262004, 87.71905369194667, 85.25911298499855, 85.67588852209451, 87.61316192009238, 88.243022161145, 88.86982524197266, 90.2137128928998, 90.62334822096854, 89.55154969123333, 90.57638155167506, 89.63572194547702, 87.14922217327833, 86.78425013452505, 88.90036604707662, 87.88306399129179, 88.65347286398017, 89.08147167833482, 89.08147167833482
97.51, 96.01856029899245, 92.13605404102644, 91.50710780224453, 91.63102380564523, 92.90718906535471, 91.99316891395274, 90.24663619541349, 91.03091285364395, 89.10548237642347, 89.02289505139649, 84.17834927434514, 85.00796617836136, 85.81502052580596, 86.88326776133528, 86.49577136761742, 86.85104128887383, 86.94085955714544, 88.71579441464347, 87.28951625476903, 88.22935898079798, 89.32723241500122, 90.10929040427857, 91.55417376330585, 92.9774855870822, 92.9774855870822
96.69, 97.74388792484828, 95.02866484310569, 92.25325324887042, 93.42773158142893, 92.92786113120005, 90.81512844398625, 91.97487327280291, 93.47373746710996, 93.7605938583274, 91.75854247557788, 91.65543867488397, 90.57348849146632, 88.6868117113611, 87.83628391209561, 88.25954084842009, 88.95377818163946, 85.1692043456984, 85.51379113341565, 85.8926009680988, 86.82146256140048, 86.22273513894919, 86.0059726211697, 84.98406826740512, 86.78372266405654, 86.78372266405654
96.02, 93.926238882192, 95.48609338029401, 95.57700989741919, 96.50844618705868, 96.88530623344329, 97.9562776605992, 98.30794518085496, 99.0375296663786, 97.26026229900208, 95.68991437052856, 90.90564463415507, 90.26866451432001, 88.40872493957525, 88.3620691849262, 88.99141669600348, 87.48265846921679, 88.07799419877442, 88.69245757495808, 85.8926009680988, 87.36853977188684, 88.90276360996597, 87.52608386728693, 85.06141134390336, 84.18839048711607, 84.18839048711607
97.38, 96.38430223397994, 98.78478735965403, 97.86257537774276, 98.55678857318064, 99.56279618442404, 99.60852883393001, 93.18862428717868, 94.51221162457576, 92.61204640035623, 91.32540162198086, 93.10191006763165, 88.93061778134873, 88.14641933149062, 84.31369739456835, 84.75618479052292, 85.88922846168357, 86.25423727622439, 84.52382558249198, 85.8926009680988, 87.54148450766567, 89.5343818662956, 85.64055667830606, 86.30501830076413, 85.19220047386904, 85.19220047386904
95.45, 93.95050984353671, 95.19338893237095, 95.27052692158188, 96.39088975921142, 93.31092386943519, 91.04424480165835, 86.98803786666124, 87.58784806181296, 85.25911298499855, 85.67588852209451, 86.84587898382655, 86.09714948267624, 85.5162201838182, 85.38218457205234, 85.52281821664207, 85.88922846168357, 86.67838554065241, 84.52382558249198, 85.8926009680988, 85.49760941612179, 84.32939815556858, 85.82486939312408, 84.98406826740512, 85.65609994924512, 85.65609994924512
97.08, 97.75545183569719, 100.13128846591997, 100.05187201515314, 99.93632200862451, 98.9356426216203, 95.00477749936664, 90.5500042219316, 92.68500275022618, 90.6890146883655, 90.56438272553785, 90.24333632821008, 90.73863402226714, 86.50960795342655, 87.71534315461788, 86.79218342692708, 85.2566852368426, 84.50371598688248, 85.26045267868267, 85.8926009680988, 85.8482745510004, 84.32939815556858, 85.82486939312408, 84.98406826740512, 84.18839048711607, 84.18839048711607
96.05, 97.71289654380321, 96.10231773872373, 94.07827932930567, 89.02636451365943, 90.1806317569359, 85.48961899980043, 85.4829156262004, 88.01038677899496, 88.37636224773892, 85.87844869530767, 84.17834927434514, 85.62435997852656, 85.19234855160431, 84.31369739456835, 85.22225513754604, 85.88922846168357, 85.30441911584913, 84.52382558249198, 85.8926009680988, 84.73326827916155, 85.25339218055552, 85.82486939312408, 84.98406826740512, 85.48022741432945, 85.48022741432945
96.78, 88.60268315878368, 89.23251582736637, 87.51628363497149, 86.21311426169098, 88.48725877313687, 89.28376749886583, 88.911355236706, 90.210752901644, 90.85971015482075, 89.64537450451411, 87.75600753387242, 87.47029866936012, 86.48435067161238, 88.4838244636861, 86.29754417094766, 85.17557951119271, 85.17515986757257, 84.52382558249198, 85.14737676864962, 84.73326827916155, 84.32939815556858, 85.82486939312408, 86.94558317772886, 84.18839048711607, 84.18839048711607
96.57, 95.58831023157266, 96.82561038727754, 94.7044260423498, 90.78089439500619, 90.34568795745896, 90.08984159996494, 89.16276558489834, 90.76976606544838, 91.2803282633468, 91.56462836181906, 93.65018286053355, 92.94753047785291, 89.48865034677839, 89.75833280317069, 88.58966277957872, 85.88922846168357, 85.21992556728333, 84.52382558249198, 85.26940626529601, 84.73326827916155, 85.42326725769594, 85.82486939312408, 84.98406826740512, 84.18839048711607, 84.18839048711607
95.62, 94.6009348958184, 95.0738614995146, 95.81130529911835, 89.94828372215902, 91.00486426545336, 90.47284426496617, 86.97036277932706, 88.42560683536634, 88.08196674556257, 87.01814426493183, 88.55143327280811, 85.24954908651686, 85.81502052580596, 87.79013819482407, 87.45136592914643, 87.14798076190286, 84.50371598688248, 84.52382558249198, 85.8926009680988, 86.76877214041066, 88.04811065965907, 85.75319188776768, 86.20246585966433, 87.64545542249056, 87.64545542249056
96.36, 96.95750819858391, 95.9480456140631, 90.43470181915905, 86.8724448511996, 89.08446425223029, 86.62112576979341, 86.52254084901529, 88.13919081457313, 88.61961769386679, 88.66342021465798, 90.4022800493323, 89.27965562242832, 85.81502052580596, 85.85396948890316, 86.26799455121584, 85.88922846168357, 87.14047360894293, 87.05392290341577, 86.28508054119396, 85.06602373260371, 84.32939815556858, 85.82486939312408, 84.98406826740512, 84.18839048711607, 84.18839048711607
96.54, 97.27044204269617, 97.23923978882264, 91.72081798781417, 93.00151440285255, 94.22386495163802, 91.05691068421113, 91.48481205670642, 93.49055572668743, 91.96825998534683, 89.95687689750345, 88.5643778161069, 89.23155958727814, 90.0392673003914, 90.25293814337414, 91.16960704010569, 90.67333306628599, 91.07768076620617, 91.13779246994916, 90.46177936367518, 88.49248090032185, 89.84735849121651, 87.03428530759159, 87.43488995441267, 87.58136045682377, 87.58136045682377
96.82, 97.44714877697248, 99.02380858017081, 94.1283091987623, 92.13752137691029, 91.34343021549883, 90.05130975787235, 88.28849606749341, 89.34558806382528, 88.79557222127656, 87.99007030672077, 85.38181518203115, 85.00796617836136, 85.81502052580596, 87.08058230108526, 85.49118751838441, 85.08834193691929, 84.50371598688248, 84.52382558249198, 85.8926009680988, 87.38614519631369, 88.34828326958237, 86.4244076473967, 84.98406826740512, 85.49162473955833, 85.49162473955833
95.21, 90.22212002911559, 90.93778068909583, 85.68112224577713, 85.25147394837903, 85.63285710348961, 86.58403962271869, 85.4829156262004, 85.54844158281888, 86.41912000299799, 85.67588852209451, 84.17834927434514, 85.00796617836136, 85.81502052580596, 87.730160836507, 86.76297633722547, 85.88922846168357, 87.83325143419148, 87.99476882946061, 85.8926009680988, 84.73326827916155, 84.32939815556858, 85.82486939312408, 84.98406826740512, 84.18839048711607, 84.18839048711607
95.32, 92.69322046583956, 91.51029707475796, 91.7809580811921, 91.04129692886207, 92.21928942952044, 90.78540265856583, 90.13151913806242, 91.01622781666796, 91.7805125928371, 92.24387976109844, 92.15818580206219, 92.81630289226875, 90.53801674027967, 90.32742751703627, 90.44995788895083, 88.08557432165678, 89.21645937062628, 84.52382558249198, 85.8926009680988, 84.73326827916155, 84.32939815556858, 85.82486939312408, 87.18352364619315, 88.08094756877124, 88.08094756877124
96.62, 97.98790670759931, 100.26857442314198, 97.31632753652254, 95.6353915851072, 98.0405652359937, 94.91167036739931, 94.07199683718004, 89.22041255078294, 89.06000031430044, 89.58149361400429, 91.4536173229716, 87.42375037134839, 85.7760898363505, 87.0111674393591, 84.75618479052292, 85.88922846168357, 86.86559808812547, 87.92723670085975, 85.8926009680988, 85.33376361189235, 86.25733261963173, 86.1197364946182, 85.96159239291718, 84.18839048711607, 84.18839048711607
97.01, 96.04232742520878, 97.65784720986466, 94.51204294698503, 94.99116456065065, 89.83210543796106, 88.7811650692353, 87.91913523948621, 89.43056170834646, 87.57398942854466, 86.71297465227646, 88.39296846190607, 89.54355621540822, 88.33677176016927, 89.02230354479819, 88.04445493298037, 85.88922846168357, 84.50371598688248, 86.57085174519605, 86.22658496999794, 86.53625184712473, 88.46203583859187, 85.95848973456538, 86.27158097869253, 85.38695238885596, 85.38695238885596
95.84, 95.51087693379581, 95.82959423132058, 94.24206876942202, 90.68587567373758, 86.53179495358812, 85.22375434780248, 85.4829156262004, 88.07743940297625, 85.99502290474454, 85.09313854524737, 85.52036529656428, 86.81772139043647, 85.24038017470265, 84.31369739456835, 85.02418483476558, 85.88922846168357, 85.86685370535899, 84.52382558249198, 85.8926009680988, 87.7658602513795, 87.63229155404575, 86.92063336828076, 86.10802897030129, 88.20983313322725, 88.20983313322725
96.5, 95.78399553800054, 97.14107922087658, 92.66945926810287, 92.50040810847398, 91.65046378178067, 90.99309552968845, 91.33295446439524, 93.14072089051892, 89.85564305646028, 86.94460455046497, 85.61484879720247, 85.68371170125205, 85.81502052580596, 88.00126321246212, 84.75618479052292, 85.88922846168357, 86.94831407218715, 86.46150060732934, 85.8926009680988, 86.6188029109096, 85.71745473253125, 85.37160679728379, 85.54417662254924, 86.35791763783001, 86.35791763783001
96.69, 97.41948597162795, 99.63206481723039, 97.2721952140631, 94.6045289957294, 96.16566928689146, 91.18722293852468, 89.11320819007796, 91.16629582244862, 90.33866772959828, 85.67588852209451, 84.17834927434514, 85.45617319750636, 86.33455354479558, 84.31369739456835, 84.75618479052292, 85.88922846168357, 85.70111488855864, 87.7772405142461, 86.49834161912064, 84.73326827916155, 84.32939815556858, 85.82486939312408, 84.98406826740512, 84.18839048711607, 84.18839048711607
96.44, 94.57841639534993, 95.50006090921376, 94.21253165025763, 92.31212501602653, 92.6499509746901, 87.8775595081597, 88.39125010221417, 90.54859778162856, 85.17702520368778, 85.67588852209451, 86.00977206609602, 86.5041530747228, 85.81502052580596, 84.31369739456835, 84.75618479052292, 85.88922846168357, 84.50371598688248, 84.52382558249198, 85.8926009680988, 84.73326827916155, 84.32939815556858, 85.82486939312408, 86.97886391774723, 87.68694354797908, 87.68694354797908
96.3, 94.10034970503006, 94.76394366208437, 94.98906269227759, 94.14651787772067, 95.25977883138066, 95.98080309346321, 96.34876038770584, 98.17066534471128, 98.74866851362029, 97.57570068471473, 97.55204018723259, 98.09060471202358, 98.36006612169372, 96.58335528130725, 96.76479290308686, 96.73202231992938, 94.69342867882078, 92.42583803823833, 89.11596462190144, 88.5931832581283, 90.4639935594676, 90.97009991217507, 91.20245903401262, 91.17940944222984, 91.17940944222984
95.01, 95.86314570282846, 97.73963304969476, 97.14253227149442, 95.55115295064874, 97.86846248735807, 97.45998499380003, 97.05099871317074, 97.60261495794653, 97.05911923215704, 95.91580293670401, 98.14941519211263, 98.85456805104681, 98.36465755861818, 97.3629489123606, 94.15594677731585, 93.73826926440641, 92.9958884355956, 94.1925157476591, 92.86525890489676, 91.68936234410992, 91.91108422498192, 90.40870360645516, 89.39955251923121, 91.6853521830298, 91.6853521830298
96.56, 95.00800098590504, 95.48832192257953, 90.29819093267152, 91.06938056225718, 92.77599877645285, 92.26475655544517, 90.67491587948278, 92.7804104100902, 89.3743018328078, 89.36849915647946, 84.17834927434514, 85.00796617836136, 85.72953436873613, 85.93600686896805, 84.75618479052292, 85.37883452259348, 85.63489905390752, 85.80272590034735, 85.88108926874311, 84.73326827916155, 84.32939815556858, 85.82486939312408, 84.98406826740512, 84.18839048711607, 84.18839048711607
95.92, 97.6210114881088, 96.70899753015446, 95.77336362578971, 94.94227129549846, 90.49517836756695, 88.60924082664701, 86.70035617178415, 86.38591768874286, 85.11806492497122, 85.67588852209451, 85.44981773345222, 85.00796617836136, 85.4775318713396, 84.31369739456835, 84.75618479052292, 85.88922846168357, 85.16555657981364, 84.52382558249198, 85.8926009680988, 85.90705345981468, 87.09002437044369, 86.16414098959133, 84.98406826740512, 84.18839048711607, 84.18839048711607
96.74, 96.79829429834227, 97.98975653284576, 92.39269606274573, 92.10439338855434, 94.2370206783526, 92.96449032265885, 93.08030358184065, 94.4313387903589, 94.90578569124875, 92.72742825781737, 88.3105674870445, 89.28579301284138, 86.68326906310381, 86.36665145511502, 84.75618479052292, 85.10761737157779, 85.35531440768077, 84.52382558249198, 85.8926009680988, 85.91200408699207, 85.35612407757601, 85.82486939312408, 85.0252367204226, 85.54971794242209, 85.54971794242209
95.63, 94.85056127233207, 95.63577724350371, 92.15775522330787, 89.76916754353225, 91.90079049896613, 89.95687690838452, 90.55366398069381, 91.94264433481835, 92.65775455547212, 91.88764658487008, 90.66963722397304, 85.8989484823758, 86.38266979873424, 88.42996010713999, 84.75618479052292, 85.88922846168357, 85.48407774099812, 85.69544826701963, 85.8926009680988, 84.73326827916155, 85.02861160172763, 85.30686161970486, 85.41120678804043, 85.4164187598591, 85.4164187598591
95.05, 93.2567302381024, 94.74972023672589, 92.49858049260918, 85.22353617088893, 84.10957757803895, 85.48961899980043, 85.2025411848656, 84.10845337987462, 85.25911298499855, 85.67588852209451, 85.28145357751865, 85.00796617836136, 85.81502052580596, 84.31369739456835, 84.75618479052292, 85.88922846168357, 87.37751024609634, 89.13585702567966, 87.24060858289876, 87.5663360295016, 86.89641417437588, 85.21009855060538, 84.98406826740512, 84.18839048711607, 84.18839048711607
96.51, 96.94728496753268, 97.14789987362998, 98.04780284447679, 96.85551353119455, 98.27719309857996, 96.34794866310408, 95.14059677259975, 94.40162439492471, 93.28603778476347, 93.66667598256848, 95.21244532061765, 95.2108183986781, 90.45118525143468, 91.52599140154084, 91.07999054286844, 90.4127796308775, 89.09532724427942, 87.15416397657056, 86.96268243179048, 86.24764044235235, 86.59939432691925, 85.82486939312408, 84.98406826740512, 84.18839048711607, 84.18839048711607
96.14, 95.25628000149439, 97.07824727395959, 95.13860886299152, 93.58621163424802, 94.48887384649127, 91.59941952318299, 91.93594877742845, 94.53046118536685, 94.44701799750216, 93.8092170006958, 94.53643462733477, 95.69024509840395, 91.4155481886958, 88.01399603384067, 84.75618479052292, 85.88922846168357, 87.2464981573655, 88.05531755716598, 87.76603784499184, 88.58767981118729, 86.32756691412537, 85.03144930495085, 85.77740698232107, 85.88152992515164, 85.88152992515164
95.28, 96.76126505563765, 98.60461033095697, 99.23860148611588, 98.77091924537328, 101.20833649193057, 102.1472141023993, 100.20579674546943, 101.10505085800699, 100.81551596591449, 100.69533993513176, 99.71009556050484, 98.13288988478472, 98.36447298226686, 99.74071681735721, 99.54375139370718, 98.0304963989802, 96.12827505434991, 94.452720105322, 95.06949872191261, 92.0781229389449, 87.0423591846833, 85.82486939312408, 85.57757549478887, 85.55900012969136, 85.55900012969136
97.04, 97.00767432382247, 96.78310752978955, 94.70086804446022, 94.34997433971749, 92.673264217577, 93.94126114580035, 91.33086075522891, 91.47506499472465, 91.95224780510367, 88.18049854759845, 89.9773138841859, 88.69393869533442, 85.4557155424114, 84.31369739456835, 85.89038829875456, 85.88922846168357, 86.46260268578769, 86.36890077985099, 85.8926009680988, 84.73326827916155, 84.32939815556858, 85.82486939312408, 87.18714526858776, 86.23854716087347, 86.23854716087347
96.15, 95.70644036666418, 97.33412518814868, 94.72564283068068, 95.24787557427048, 94.30518174827465, 94.33289413141262, 94.46095953927544, 93.21871690581725, 91.33420040848969, 91.75603662018983, 91.75068117736267, 90.82191458977121, 87.04202540011202, 88.21930167884521, 89.592497595843, 85.85456495270691, 85.42837110456725, 84.52382558249198, 85.8926009680988, 84.73326827916155, 85.21184311618941, 85.82486939312408, 87.04478952887352, 86.11259568770025, 86.11259568770025
96.36, 96.23385156078173, 96.42520663956779, 94.53041112027532, 93.38440103595082, 93.32611901131457, 91.35240830257653, 91.6110070149671, 93.52908952633365, 93.89619860133223, 92.98294516906381, 93.08699602426772, 93.02707532118546, 88.52547530486406, 90.64206050181134, 92.60686094356669, 92.17715101534982, 92.61576711431941, 90.87687519546486, 89.52983022170156, 90.10950582819342, 85.39919649310093, 85.82486939312408, 84.98406826740512, 85.94999676820615, 85.94999676820615
96.1, 97.72566869665312, 98.68414989454996, 95.24481352020156, 88.61876929669305, 88.99246926908313, 89.7764386589314, 85.4829156262004, 84.10845337987462, 85.25911298499855, 85.67588852209451, 86.99644204099039, 85.00796617836136, 85.81502052580596, 85.92199051862869, 87.33053766496921, 85.88922846168357, 85.63158752785012, 87.48340500141711, 87.09603306605801, 85.81331568283403, 87.51526515817106, 86.21579339667773, 86.15378834637207, 87.6899967801978, 87.6899967801978
94.99, 94.38694818933823, 95.63723137695321, 95.96147018042701, 96.41132406867987, 91.54255281923386, 91.40823042638992, 91.3984609862933, 92.16443150113588, 92.58967902483649, 93.3149220626745, 91.35000274911587, 88.97388874820213, 85.81502052580596, 88.04464567389992, 88.80359329708838, 87.85406205901818, 89.14154101857348, 85.20378301718577, 85.8926009680988, 86.08674845114834, 87.21508500011394, 85.56008164777064, 86.86978661262253, 88.99243194612853, 88.99243194612853
96.0, 88.5733062948467, 90.4498728504283, 88.34139376115802, 88.73462016375137, 88.12174264638084, 88.51978305000075, 87.51324531349127, 86.13649468894063, 85.69693371747731, 85.67588852209451, 87.56341167901827, 85.00796617836136, 85.81502052580596, 87.43888731872477, 88.18723940576518, 87.78759950829361, 88.7179556574353, 89.94253199188435, 90.04112446412215, 88.90734345359304, 89.37022844665964, 85.86086447042345, 85.78513845123065, 87.56128062894697, 87.56128062894697
96.09, 94.16464921177248, 93.11766224234091, 86.5761938501495, 86.77908320652845, 87.78914185487956, 87.94010085942242, 87.08635074092004, 88.4698481072928, 88.35499137981036, 88.45643676197005, 85.09261403329032, 85.13707613313407, 85.81502052580596, 86.52523791333986, 84.75618479052292, 85.88922846168357, 87.59505290132603, 87.6738376687509, 87.77184973823447, 88.42396436070008, 88.59279131347157, 86.45272875454643, 85.76382057754371, 86.29651695274103, 86.29651695274103
96.82, 98.46244225106562, 100.47536031980042, 97.84859923493688, 92.95449742123051, 91.07937122959031, 91.363619395383, 89.20662048333388, 88.15596399558342, 88.79702221326517, 89.34911623236987, 90.69713506463906, 90.7116036483308, 91.0966375370416, 88.53469741194112, 85.64010748183412, 85.88922846168357, 85.81475052693656, 87.53706213985252, 87.89919559061553, 89.49072397482603, 91.4734154307088, 85.82486939312408, 84.98406826740512, 86.76666641845418, 86.76666641845418
96.03, 97.5518355502073, 98.35270269573591, 98.85392892864873, 99.80684805282277, 93.03083979079699, 91.93890215296781, 92.1146630189297, 93.84625896174973, 92.57406097605809, 88.33432911842773, 86.05308316522124, 86.84636735201873, 86.22597466435849, 87.665501052511, 86.17824349829708, 85.88922846168357, 85.60674081505596, 84.52382558249198, 85.30024740432383, 85.81461167271011, 84.32939815556858, 85.82486939312408, 86.79942558140972, 88.30181293873073, 88.30181293873073
96.93, 95.72753039242971, 96.10541295925287, 95.80567363431905, 96.08959739160791, 94.38299843927895, 94.1633094334465, 92.3883247992119, 94.35836095756918, 94.61174596397835, 92.33781767340817, 94.07076009209328, 90.57865270697219, 91.20120229541212, 92.5178547332679, 93.43920458309965, 91.35216968938745, 89.34818515406937, 87.12319121314471, 87.72024048938981, 88.53701621807674, 87.43910397022351, 87.22737343613875, 87.19174114369164, 87.0036429697975, 87.0036429697975
96.2, 95.60124058884516, 95.67083240878569, 91.02307097849422, 92.01255443596563, 90.5366698541234, 88.84302398686394, 85.30522731391483, 87.74983837794244, 87.80314672452005, 87.7516850406115, 88.24358571198997, 85.00796617836136, 85.81502052580596, 88.14606788941674, 87.01963261918795, 85.20671769405855, 84.50371598688248, 84.52382558249198, 85.8926009680988, 86.82858515833544, 85.38203730650642, 85.03598950911545, 86.55263967013887, 88.6644555498252, 88.6644555498252
97.27, 97.55561547347503, 96.76927857101532, 96.91131007334306, 97.89779832902137, 99.7050243543695, 98.87693637517451, 97.58211947024647, 99.74488359830393, 100.52136185626125, 99.07868778190984, 97.8982485861115, 97.19226913186822, 91.84269695138906, 93.14305590738564, 94.86356792279642, 93.0345232969533, 91.2258917891369, 92.69105176223351, 90.90379370733433, 90.49384121118896, 92.36787067270213, 92.37721520243073, 92.41454989104649, 94.13508545457069, 94.13508545457069
96.61, 96.32133704120076, 97.36363844502846, 95.33592200176003, 92.65555225326563, 91.50899958243276, 88.52006937981528, 88.76710641699405, 87.4850846242677, 85.25911298499855, 85.67588852209451, 84.17834927434514, 85.48962517365625, 85.81502052580596, 85.15286347113793, 84.75618479052292, 85.88922846168357, 86.10289146955088, 86.55521080970203, 86.46278811671155, 84.73326827916155, 84.32939815556858, 85.82486939312408, 85.24138678464946, 86.67026457820754, 86.67026457820754
95.98, 96.15289299061531, 98.01081168832482, 98.99412099292519, 96.35917924202587, 96.55308630759609, 95.68045932615746, 94.9392577290999, 96.92497837066313, 97.33550123678481, 95.0769795474431, 93.31147117867243, 92.37866530931687, 92.27429458120089, 90.60065439992013, 86.67170854179955, 87.15865456722776, 86.7599902408562, 85.01173653426171, 85.8926009680988, 84.73326827916155, 84.32939815556858, 85.82486939312408, 84.98406826740512, 84.18839048711607, 84.18839048711607
95.54, 96.13094793229646, 96.44617962318196, 95.9179070947934, 96.37739276302366, 92.48674225601317, 92.81837184101845, 91.61091020663791, 93.37059406039734, 94.28632643225252, 93.72787114826781, 94.49694439613769, 93.51637663428991, 87.3363790022033, 86.94529831325093, 88.74496387301612, 87.67274715785184, 87.80291701147684, 86.28005043939136, 86.06512191089, 87.37928152277453, 87.61807610733266, 85.84575999123267, 85.92404390400895, 87.81167626128291, 87.81167626128291
94.81, 94.59152130224348, 90.90932279082656, 88.60323644311795, 85.25147394837903, 86.77829836507588, 85.8167179492687, 86.14145835499777, 87.71824587082116, 88.2344982669466, 87.46978049979353, 86.16886616663975, 85.00796617836136, 85.81502052580596, 86.55548226949145, 87.12267525704497, 85.88922846168357, 84.50371598688248, 84.52382558249198, 85.8926009680988, 84.73326827916155, 84.32939815556858, 85.82486939312408, 85.85555253547322, 84.18839048711607, 84.18839048711607
96.54, 98.0442245038219, 99.8824127536291, 98.91522386766056, 94.20277784226872, 96.08420206223346, 93.81293247297002, 92.74023985443581, 90.95568974896923, 89.19526228641627, 85.67588852209451, 87.96653002268624, 85.00796617836136, 85.81502052580596, 84.31369739456835, 84.75618479052292, 85.88922846168357, 87.28537210069297, 88.39599838541322, 85.8926009680988, 85.54533869473565, 84.32939815556858, 85.82486939312408, 87.472222060485, 88.82970949893773, 88.82970949893773
95.68, 94.52878869283099, 95.97599654790025, 88.41218690857689, 89.18519373891469, 90.09664044392864, 89.7902335999287, 89.15124838564141, 88.98581681669089, 87.80192664573745, 88.20743819221296, 90.18588411660986, 89.23349328263842, 88.57737721376117, 86.827556032483, 87.59177070740442, 85.88922846168357, 86.70748941455594, 87.95506895359301, 86.62889514872472, 84.73326827916155, 85.18360904027183, 85.82486939312408, 85.05042460787567, 86.5894875579752, 86.5894875579752
95.54, 97.19382900117537, 97.88253536574501, 96.79993282457764, 94.80331777892405, 93.17283114599793, 91.85129329554972, 92.3556216895742, 94.21997182846937, 92.63651731262864, 92.42029567327613, 92.90281992450295, 90.16039849162387, 89.69680289402089, 89.93613647966042, 90.52525909384579, 89.92524100742922, 89.54939464190188, 90.30941305755854, 89.6666678517474, 90.65028515034142, 92.75549586152489, 91.7363437106978, 93.23371933974326, 95.10188148356742, 95.10188148356742
94.7, 91.63445332773492, 93.61200081109232, 92.44048195696963, 93.52563210781018, 94.05440908971578, 94.02861171951683, 93.75805843980059, 93.57854495224692, 93.91500102825334, 91.68330566370335, 88.25037903837197, 89.72934636210633, 89.95813344346809, 91.03867906006606, 92.37671630383385, 90.6771143900818, 84.50371598688248, 84.52382558249198, 85.8926009680988, 84.73326827916155, 86.1428419010925, 85.82486939312408, 86.58019616525993, 87.18891086719408, 87.18891086719408
96.0, 91.51887913000269, 89.95799146576076, 89.14112078725631, 89.98225396688538, 92.08640532924863, 92.3171868753168, 93.15948810056015, 92.99252018251939, 93.70020750494784, 92.24107162824568, 93.23442790243726, 89.98922257895335, 88.23422514046632, 89.89696068556906, 91.73871969298091, 90.81138983230349, 92.53420197096972, 93.09823758836261, 92.3699783821768, 92.10088581998063, 91.91004638401984, 90.6428721434658, 90.22689741541573, 89.42058694982381, 89.42058694982381
95.57, 90.3668436605897, 88.51629860601986, 88.20540689623692, 86.49158256659615, 86.97955957889901, 85.48961899980043, 85.4829156262004, 87.65509424568434, 85.25911298499855, 85.67588852209451, 84.17834927434514, 85.00796617836136, 85.67161436784107, 86.35497167463112, 84.75618479052292, 85.88922846168357, 84.50371598688248, 84.52382558249198, 85.8926009680988, 84.73326827916155, 85.52014910242778, 85.82486939312408, 84.98406826740512, 84.18839048711607, 84.18839048711607
96.84, 97.31240351773009, 99.20538913094074, 98.17399059247018, 98.27639845225764, 100.17822647923468, 99.49909449672312, 92.83372182142982, 93.0150569166779, 85.25911298499855, 85.66009765637729, 84.17834927434514, 85.51019037611368, 85.81502052580596, 84.31369739456835, 84.75618479052292, 85.88922846168357, 85.08422458847934, 84.52382558249198, 85.8926009680988, 84.73326827916155, 84.32939815556858, 85.82486939312408, 86.03086840070766, 86.98767200123275, 86.98767200123275
96.86, 97.59261012006955, 95.19848539276177, 94.68275927998654, 88.26602749680498, 87.67363809818072, 86.77882933905423, 86.4359147870101, 86.22620007683028, 85.49117939607474, 86.36370884565967, 84.17834927434514, 85.03668050307593, 85.4074850404791, 87.28455551332405, 88.89002867547757, 87.54967408259843, 89.27183433691556, 89.8471897988493, 89.37384357237246, 91.20133203742986, 92.88334749332346, 93.1585131534473, 90.27713711672284, 92.12097695718204, 92.12097695718204
96.54, 95.26501545033044, 96.7613076264788, 96.69206385807675, 95.48778919914263, 95.93482931972143, 95.91610726310032, 96.2536950928744, 97.18479117469293, 96.17839164613598, 95.37588264894522, 96.40149117911176, 94.80324503613355, 90.30787359637972, 91.7977187990157, 91.11566866598903, 91.58448775819086, 91.43167228858154, 92.08029671613617, 91.90978555830289, 92.84134949626201, 93.27053469349943, 91.97459908585297, 92.60566969672949, 92.51526075486541, 92.51526075486541
96.62, 91.67898518590529, 91.20714259774196, 90.89648828978231, 90.19994270479481, 91.29394864100755, 87.14456580427753, 85.4829156262004, 87.22681973756308, 85.25911298499855, 85.67588852209451, 85.46361755902146, 85.77616060073527, 85.81502052580596, 86.93078134889855, 88.68731473990127, 86.58055976735766, 87.99577674953485, 89.04203112736639, 89.70522502545316, 87.43447723674075, 86.42014340899497, 85.82486939312408, 84.98406826740512, 86.81537023677174, 86.81537023677174
95.51, 93.36753087481759, 94.38400302923057, 95.17914824398271, 95.25058839460775, 96.14953526147863, 93.00514212678598, 92.77901134902775, 91.06563140594132, 88.64076673175221, 88.44960213696213, 89.15008675713817, 88.83779719520965, 85.73845131753737, 86.25129525052672, 85.86844642506588, 85.87835965661708, 87.24960401474642, 85.46367384745669, 85.8926009680988, 85.64479633854208, 87.63043234503554, 85.64875890783988, 84.98406826740512, 84.18839048711607, 84.18839048711607
96.25, 95.38216826022717, 95.35367544968074, 92.65118856606446, 91.41410046712407, 93.46438987412162, 93.94453582989148, 94.69019759048928, 96.12478563427935, 92.51752719781642, 91.71420609684317, 92.33335745697455, 93.61802853203955, 92.40035673516347, 92.29408757643532, 92.396905631739, 92.52286920174005, 93.38594590947405, 93.29327711784639, 92.09206578299316, 91.66762061649855, 93.52713569876114, 93.01489417135674, 94.50411140154297, 96.6704983398539, 96.6704983398539
95.68, 95.54586771297751, 97.43724328198884, 90.73517933566987, 85.64085781036962, 88.06032405824362, 87.46263938103222, 85.4829156262004, 87.22505073137944, 86.73114805449265, 86.56147873941583, 86.3674592914735, 85.74252520036619, 85.81502052580596, 85.56656317408452, 85.75664931006543, 85.88922846168357, 84.50371598688248, 84.52382558249198, 85.8926009680988, 85.85372304933878, 87.50090775197862, 85.82486939312408, 84.98406826740512, 87.2582493050175, 87.2582493050175
97.09, 97.79749251783636, 99.16745093647904, 98.12265713271253, 99.03776523875857, 98.29600190849723, 96.24533449638841, 90.54837905821262, 92.6444098758253, 92.27875769525643, 91.77277927521091, 93.1469587828443, 92.20354198745399, 92.14131985111257, 92.35064544233403, 93.7890085236964, 94.12742505747676, 91.85002933752229, 89.72958891223095, 89.3954171850797, 90.26454250312312, 89.86815952203139, 89.96090976405665, 91.40946280393446, 91.38763422994295, 91.38763422994295
97.19, 93.17771988066733, 95.31997332829182, 96.1287442306637, 96.4944937259135, 93.90193316128618, 91.33158879798916, 89.44544164803015, 88.82126072903961, 89.78543198792414, 86.29598894019253, 84.17834927434514, 85.00796617836136, 85.24042249386515, 84.31369739456835, 85.33077897959848, 85.88922846168357, 84.50371598688248, 85.95602591352456, 85.8926009680988, 84.73326827916155, 84.32939815556858, 85.82486939312408, 86.16736340617025, 85.90223141850876, 85.90223141850876
94.99, 94.64501860257357, 94.2123601346671, 94.40265912640187, 95.40783000605207, 88.28591493129426, 88.17041838304995, 89.1570807135567, 90.4307381730237, 87.0677806119102, 85.1000931720441, 85.38281826762105, 86.148590579525, 85.81502052580596, 84.31369739456835, 84.75618479052292, 85.88922846168357, 87.30764831020782, 89.05563961858026, 88.31855613323148, 87.26372815329044, 89.16226225766924, 85.82486939312408, 84.98406826740512, 86.30710383683606, 86.30710383683606
96.53, 97.59489155248012, 93.42830176778274, 93.58316714333178, 93.82621286222327, 95.67593762096124, 92.94256034268045, 94.13770533864366, 96.1411457024936, 91.48833726735424, 90.2696890278892, 91.03787282318422, 91.603629929985, 91.18577494350649, 92.57623773148761, 92.14716521616556, 88.94426744246272, 89.40695527025025, 90.76718636264945, 88.18371537623842, 84.73326827916155, 85.4788875036846, 85.82486939312408, 87.17648286933614, 84.18839048711607, 84.18839048711607
96.04, 94.44149685026467, 90.87552051664414, 89.74797063645472, 91.04769636107865, 92.61167409053205, 91.47702024848222, 88.87887915409776, 88.25103457148576, 85.25911298499855, 85.67588852209451, 84.17834927434514, 85.00796617836136, 85.81502052580596, 87.13168288274083, 87.62861377170405, 85.67593414166831, 84.50371598688248, 85.18437620687463, 85.8926009680988, 87.3060996152046, 87.62440355068532, 87.78122117244442, 88.19237355571097, 88.84494505322587, 88.84494505322587
95.45, 93.61042992044281, 95.7404806700169, 95.33518668338091, 89.8773384965318, 90.08688428535746, 88.84739084451361, 85.74086892181367, 85.09387522057465, 85.25911298499855, 85.43477561543418, 84.17834927434514, 85.00796617836136, 85.81502052580596, 84.31369739456835, 84.75618479052292, 85.88922846168357, 84.50371598688248, 86.12294300288085, 85.8926009680988, 86.92825201679011, 88.91532887726454, 85.82486939312408, 86.03041464573586, 84.18839048711607, 84.18839048711607
96.11, 97.13342428044663, 98.09306937030263, 97.85514571419226, 97.81655154428783, 97.65671580728078, 95.88177064402183, 94.86406453039001, 97.38068847936755, 93.41415074599018, 88.37855455403317, 89.6027652991345, 86.34906072441802, 86.45426694722808, 84.31369739456835, 84.75618479052292, 85.88922846168357, 85.87746336441943, 87.05928304510118, 87.11498026822258, 84.73326827916155, 85.87707086620227, 85.16534284374838, 85.36794351350986, 87.41897002510017, 87.41897002510017
95.96, 96.2031854312712, 96.42185786942397, 95.646519425068, 91.43470559958273, 92.79545241466312, 93.72768947746363, 94.07090508885554, 94.89099794712425, 92.51438289171612, 91.75317688324012, 89.75481123618505, 89.21533768335252, 89.50967925490325, 90.59287155654236, 91.70001570511076, 91.0552063945302, 88.36206214106048, 88.70197487413989, 86.72873590125327, 84.73326827916155, 86.37030279158044, 86.59207160546546, 84.98406826740512, 86.46893531270834, 86.46893531270834
95.45, 96.35352154383611, 96.89025454124352, 97.83154573582843, 98.88353162507403, 100.82666759122029, 90.81559009609236, 89.98314116047278, 90.65453376457945, 88.10973050008081, 87.90052690558579, 87.14469357797176, 85.00796617836136, 85.81502052580596, 87.57415205955645, 85.7151478490164, 85.88922846168357, 85.87245376018556, 87.22642112631279, 85.8926009680988, 86.88489489486905, 88.55590085282356, 85.79998548588857, 86.12997519724456, 86.68309265586414, 86.68309265586414
97.4, 98.75358100785876, 97.01164367627058, 95.93610052147876, 95.60118296365748, 96.25042405807137, 95.34857026722925, 95.23229957618017, 92.6887426249922, 93.60253644744473, 89.79206182945106, 91.89769953661086, 92.98800449608076, 90.96408750316044, 92.52765741157053, 88.31323280515802, 87.31333993239704, 85.93782094169713, 86.02362059640387, 85.77216524664456, 84.73326827916155, 85.4436491342754, 85.82486939312408, 84.98406826740512, 84.18839048711607, 84.18839048711607
96.11, 95.28042330075994, 96.09490401679983, 95.00587161089766, 95.74167247478695, 85.7497951351475, 85.48961899980043, 85.4829156262004, 86.25662327644231, 85.004062291409, 85.48286677925736, 86.64846304327153, 85.62143789485741, 85.11779616302358, 85.83540041339573, 86.08589097201411, 85.88922846168357, 87.51762564469252, 89.5561356567233, 87.58911535348248, 88.44836599698543, 88.60336833805015, 86.16825083239098, 86.82922095597175, 88.11525396225423, 88.11525396225423
96.44, 96.03544157264552, 95.30522315546914, 94.49141453193454, 90.2730985253647, 92.26481980331049, 90.22507798511697, 89.3076264940445, 91.77319754907887, 88.08183577290852, 87.14490731912498, 84.17834927434514, 85.48987376733109, 85.81502052580596, 86.93872802947205, 87.48084732581516, 86.25711308832972, 84.50371598688248, 84.52382558249198, 85.8926009680988, 85.92266203531557, 85.19923148111184, 85.82486939312408, 84.98406826740512, 85.36789261459413, 85.36789261459413
95.44, 94.6431800712378, 93.8590365562111, 93.25196180793222, 88.24486213086078, 87.1238231259275, 85.34184668285081, 85.4829156262004, 84.10845337987462, 85.25911298499855, 85.20379350959094, 87.61313135711315, 86.91507223301092, 85.81502052580596, 87.95327736794894, 89.02940042587666, 88.4327302339838, 86.63405897044056, 88.4938588527495, 86.47438672392563, 87.53782149861577, 87.37113474168564, 87.96383253829786, 87.610366148156, 84.18839048711607, 84.18839048711607
97.23, 98.11059728991016, 97.790805192115, 94.95888256241092, 95.88679875511744, 96.68704579583179, 96.9687471434874, 95.9727719600994, 98.2309955229388, 97.42864840006075, 97.61695320600471, 99.60044803901245, 98.86172158722901, 99.41432923955071, 97.87360314564758, 97.78170429967945, 97.50532990732162, 93.0708464051213, 94.31609029722254, 94.94213497614757, 92.71748554930664, 92.50214869940257, 91.45455137524468, 87.80860078007898, 89.61372044236685, 89.61372044236685
96.73, 95.1239208594507, 93.31698995102778, 91.5704046125687, 90.17491662605575, 92.59947936732006, 92.11847106890495, 91.17034665736601, 93.45852211419499, 93.98000250573284, 94.53199579845536, 92.0460143629486, 92.70581130273983, 91.81403147499718, 93.58402479469258, 92.90657170994767, 91.97241114771819, 93.32949360233684, 93.75665883316928, 85.05242316217083, 84.73326827916155, 84.32939815556858, 85.82486939312408, 84.98406826740512, 84.18839048711607, 84.18839048711607
96.24, 96.23490246711326, 93.4030399483446, 93.16541808075071, 93.04334052151758, 93.25964630442255, 90.88705945038764, 89.62872763564418, 91.29599946361155, 91.40861394295285, 90.30210778912169, 87.63797709566317, 85.97558562864572, 85.81502052580596, 87.41098900634374, 86.85581547953824, 85.48807438323409, 86.85098099798691, 85.56436086845667, 85.8926009680988, 84.73326827916155, 84.32939815556858, 85.82486939312408, 84.98406826740512, 84.18839048711607, 84.18839048711607
96.11, 95.78439024419741, 96.58470280846781, 96.91970852310655, 94.55742234578265, 96.09142381267942, 85.31006314928831, 85.4829156262004, 86.99811750514863, 88.39928104254902, 86.85731323875886, 84.17834927434514, 85.02034735180384, 85.81502052580596, 87.32240869311131, 88.79419955832363, 86.88668075340402, 87.68176420002406, 89.20153291626005, 87.54842385839927, 87.49188376335802, 85.81798881646974, 85.36202563318835, 84.98406826740512, 86.9313769729976, 86.9313769729976
96.68, 97.82926471528607, 99.61903510676217, 100.09689300096099, 100.66252120522645, 99.84654029820365, 98.67177231819713, 97.17158510547834, 97.51046133459707, 95.91101630370777, 90.40578694101154, 91.57947476426756, 92.12422924560558, 92.61217403120035, 93.35257024460296, 92.04664730014122, 91.08107300465468, 92.27693447057173, 90.84904594040701, 90.06632084684807, 90.35665037006308, 92.03781336455317, 91.23648425412247, 89.87467783746521, 90.1535681848478, 90.1535681848478
96.8, 97.42056513563115, 98.36716101623801, 96.00139005044333, 95.14248278785185, 95.91781203605917, 96.48002408068727, 92.11517511402309, 92.05685255860756, 89.47769142905742, 90.24291734754024, 88.6684923640688, 90.15309585175399, 90.48476140649682, 92.51692634942678, 90.3656743999819, 90.22922234768534, 90.93605453413173, 91.76175274942113, 90.85408283141518, 90.05962785407344, 89.81744186040144, 89.40724528038913, 89.28661589564581, 90.49714160104168, 90.49714160104168
95.52, 95.9635343195441, 98.10707378394326, 98.6155750735899, 95.91637607331637, 97.02215108173961, 95.85446960456723, 96.7597556342248, 98.05550541397979, 95.41230270012642, 92.79152561803109, 91.92629974471213, 93.49741914397704, 90.88593219287937, 91.37224524675781, 91.17518523926472, 91.13839612660607, 86.81781830586675, 87.52407513365415, 85.8926009680988, 86.66987639543916, 85.83637381266573, 85.82486939312408, 84.98406826740512, 87.16681853780132, 87.16681853780132
96.05, 97.41809536922823, 99.73049188532048, 98.90677305168292, 98.47253662824116, 100.89101244212728, 100.6623612047522, 97.78161849756842, 99.23812689187415, 100.5153112316232, 100.49116826745944, 100.57416202773554, 97.12383740824579, 94.31716668204413, 95.2789672309071, 92.34714597718555, 90.54760216532289, 90.52691606335956, 90.95897974875255, 90.9139647152523, 92.20981498812601, 93.95472366075359, 94.44536037653792, 95.1629959740716, 96.62802948347603, 96.62802948347603
96.06, 96.91658557906773, 98.04994086946203, 96.26869665894492, 97.27600483835879, 97.56871482728235, 96.04389379719595, 95.02817738633796, 97.33277451405226, 97.11282844539193, 95.20796833612879, 92.24250097816518, 89.7508969315212, 87.82744422811915, 86.53080921685067, 87.91091163756035, 85.5782214624994, 86.69961063685052, 87.28387544948433, 86.38092855831134, 87.7922621178503, 84.32939815556858, 85.82486939312408, 85.58416065682633, 87.39572597037623, 87.39572597037623
95.98, 93.59803853467261, 93.48881026687238, 90.48724221620692, 88.3169249012507, 88.88260738442628, 85.44919311500654, 85.4829156262004, 84.10845337987462, 85.25911298499855, 85.67588852209451, 85.39545015575817, 85.00796617836136, 85.81502052580596, 87.97723139760409, 87.41125854666029, 85.60390851076392, 87.4048733421068, 88.17173540005693, 85.96810259131348, 87.08353359696073, 85.56975455669333, 85.82486939312408, 84.98406826740512, 86.45795908821513, 86.45795908821513
95.5, 95.68276463316144, 96.31032119222075, 93.11300142377921, 92.74276461983767, 94.46238105042805, 87.46994196501745, 85.86786264336722, 87.80245294167365, 85.25911298499855, 85.67588852209451, 85.98224851414105, 86.89137701888065, 85.81502052580596, 87.77484728163247, 87.85057046207866, 85.31877951528573, 85.73874301438227, 86.7216394902717, 85.12586484239384, 84.73326827916155, 85.85353617854301, 85.53061016391206, 86.67134607267965, 84.18839048711607, 84.18839048711607
95.95, 95.15048783132745, 92.7341298772849, 91.56024211256734, 88.56206282454569, 89.14488775287008, 89.78524692685525, 87.67370206344236, 86.54757813508397, 86.09230258792377, 85.74531933030767, 86.77077341731895, 85.00796617836136, 85.81502052580596, 88.13945186497342, 89.29706835255055, 85.88922846168357, 86.23412692246247, 84.52382558249198, 85.8926009680988, 84.73326827916155, 86.683147319421, 86.55693264044054, 87.7692241136235, 85.21281642063592, 85.21281642063592
95.93, 97.21711081656956, 99.16409902420622, 95.49080722105549, 93.7790389818413, 94.1621910766925, 93.81899377555227, 92.48907725673479, 92.6376974790854, 92.60759988394958, 90.22451686115043, 84.17834927434514, 85.00796617836136, 85.03393640618192, 85.83034204549226, 84.75618479052292, 85.88922846168357, 86.94689935913264, 88.4875606508036, 85.8926009680988, 85.565407983093, 84.32939815556858, 85.82486939312408, 84.98406826740512, 86.21960682354815, 86.21960682354815
96.05, 94.31735886024337, 95.61206849351343, 94.69772513080672, 93.85786081817118, 94.94720110326844, 96.01283759843838, 95.56633070718297, 97.9191209548383, 96.78722475426001, 94.35783324130075, 94.97437923565448, 93.30944954514244, 91.18570980558736, 93.61145022221875, 94.61321290379932, 93.89157771301534, 95.6776951612758, 97.26935581854251, 94.60167126235922, 95.43251233753317, 97.09745631230012, 96.1043293523348, 96.94340052055699, 98.99619067371363, 98.99619067371363
96.38, 94.2978630181355, 93.45099888737555, 93.21016917465485, 93.77329819621461, 93.98602298307499, 92.98645481705266, 92.31613316460084, 94.50931444796373, 95.90820730090194, 92.93456026202455, 94.85477989888459, 95.81144761897808, 94.47547857804261, 95.36146931664634, 92.37793151593493, 92.15408479618414, 92.09104842701842, 92.66017805981474, 91.16250870810109, 92.35164625629427, 92.32584667086773, 91.7797669918049, 91.536533625097, 88.03091430562964, 88.03091430562964
96.65, 94.91583024853298, 97.2467988439426, 97.76316231430506, 96.93998090205382, 99.48349618863422, 98.50791471439321, 99.0155395812972, 100.38092976521547, 100.6360118681047, 97.84116700358689, 95.31998107297945, 92.96305698037408, 91.36566655309389, 92.95572769228976, 92.32128093609603, 90.99313062095156, 91.43786507095649, 89.69163103145115, 85.8926009680988, 86.8185593387934, 85.44771206225363, 85.82486939312408, 84.98406826740512, 87.50415531521178, 87.50415531521178
95.61, 87.42155194593195, 88.68027732902341, 87.46207389723706, 86.85414692906357, 87.4385617912471, 88.55254236198536, 89.30283547237403, 87.80824264183565, 87.58970905306302, 85.67588852209451, 87.22473062658142, 86.27125302508733, 86.49477523405979, 86.46734938096242, 87.06624272862356, 86.52267929998838, 86.74290213707955, 85.4148615688789, 85.8926009680988, 85.73301700187888, 87.66994050981393, 86.55333780055878, 86.21533924492374, 84.18839048711607, 84.18839048711607
95.06, 93.81160642632683, 95.93226963522292, 96.22625202087603, 95.5722507853625, 92.61096072034096, 92.58421703445043, 92.0792382695495, 94.21226412754471, 88.94639978576208, 85.78978551402331, 85.76331765917786, 85.66382828062878, 85.23119572828837, 87.33227643491526, 88.55887622968388, 85.16528464699931, 85.23902316279793, 85.5729523095347, 85.8926009680988, 84.73326827916155, 86.78657602270366, 85.87613890280281, 87.2661138183925, 86.76812895114155, 86.76812895114155
95.87, 96.8122504452399, 97.32644649535145, 88.00313210896987, 85.51869431607388, 84.10957757803895, 85.48961899980043, 85.20805037564804, 85.67757433626736, 86.29997389384457, 85.67588852209451, 86.84777011152022, 85.00796617836136, 85.07002011467685, 85.79245787075004, 87.18950080281182, 87.31525539845417, 85.51956976885772, 84.52382558249198, 85.8926009680988, 87.86940899224227, 88.46092375312378, 88.73819012916346, 90.09018007450823, 91.72423246810989, 91.72423246810989
95.38, 94.16804951893866, 96.086701144021, 94.31486182750047, 93.30866151701788, 95.19919783088753, 91.60821708350217, 91.96776277755797, 93.96030018451475, 92.48138510978376, 88.24692140461735, 89.40594732241551, 90.87965458875833, 91.19230555481647, 90.26355518223576, 90.000138208437, 87.57773748992365, 88.48226297736464, 89.25228852423925, 88.63220990594657, 86.5260758656209, 86.4599858455328, 85.94666263000049, 84.98406826740512, 84.18839048711607, 84.18839048711607
96.03, 96.95646295469518, 95.93194025228559, 93.0773889172514, 93.19936317564422, 93.8036438527114, 93.6924558054315, 93.99048797388524, 95.41623065351247, 93.44634699987711, 94.02808466452015, 95.10429128089433, 94.39810633699005, 86.05437173099693, 86.70010015863392, 84.75618479052292, 85.88922846168357, 84.50371598688248, 84.52382558249198, 85.8926009680988, 86.86233141694744, 88.07528705847767, 85.03265361180762, 85.62644250565661, 84.18839048711607, 84.18839048711607
95.28, 95.39928922547512, 93.33657079572058, 93.22988268065271, 90.81208148504848, 90.44898896880736, 90.10657521377114, 89.43567991168112, 88.58323441964613, 87.0352767166757, 85.67588852209451, 84.17834927434514, 85.00796617836136, 85.72050566367041, 86.99198373364649, 84.75618479052292, 85.88922846168357, 85.60466403199142, 84.52382558249198, 85.8926009680988, 84.73326827916155, 84.32939815556858, 85.82486939312408, 84.98406826740512, 86.8324968243471, 86.8324968243471
96.54, 93.27688576375, 92.99971069847615, 93.10975193403338, 92.17342509161205, 93.18478813154331, 92.74207571024452, 85.4829156262004, 86.77516094156539, 85.25911298499855, 85.67588852209451, 84.17834927434514, 85.00796617836136, 85.81502052580596, 84.31369739456835, 84.75618479052292, 85.88922846168357, 86.65805819447145, 84.52382558249198, 85.8926009680988, 86.82423401212796, 88.73990640755068, 85.82486939312408, 86.1454934335888, 87.42803477762926, 87.42803477762926
96.28, 93.73202642237074, 94.95886867690265, 90.52366624269281, 87.76151825126546, 86.05359065193265, 85.48961899980043, 85.4829156262004, 86.62003788438147, 85.25911298499855, 85.67588852209451, 87.74186575201361, 89.32793079968074, 88.33667209383904, 88.05460136444316, 88.29460568199634, 88.93014909501588, 88.62595054985158, 89.4863812511874, 85.34956332501147, 86.78386699277345, 87.66031551557546, 85.82486939312408, 84.98406826740512, 85.99423230381451, 85.99423230381451
97.07, 98.41843404857565, 98.50779218982524, 98.71504105506685, 98.55679657040396, 99.23323453628093, 99.01771411783926, 98.63826091516219, 100.67662253990719, 100.04206841816983, 99.04815006710245, 100.69690631625397, 100.19023131260222, 95.12341375461413, 95.4814900481377, 94.33402500240898, 92.96844424543757, 94.02174620304262, 92.73283951461121, 91.23817184085665, 92.98075853858562, 92.32518721867213, 90.2503061924048, 91.90257756346001, 92.55429425303919, 92.55429425303919
97.0, 97.83036901919581, 95.6251881471834, 92.76179390050639, 90.6266662550362, 92.10431442528186, 92.40593486002386, 93.69612317076039, 92.68787488943772, 93.64603900229297, 94.19771202865212, 91.86840560715387, 92.02364009896411, 92.43807165261275, 92.93679666534841, 89.49278740970212, 87.9736928425787, 86.11768414801757, 86.69811292899071, 85.8926009680988, 86.92867047689633, 88.74546067719305, 85.82486939312408, 86.23259225873574, 85.4750409559528, 85.4750409559528
95.34, 96.72511739095162, 93.33512950342462, 92.08420272792698, 90.74011583844708, 92.27417647590165, 92.40625818369764, 92.53110960026687, 93.62366479645307, 95.02243216175222, 94.19072272938593, 94.46103118226209, 95.69027634434329, 94.26543559229779, 92.28545587352507, 92.73607209168544, 92.01235734794383, 90.84698982028024, 89.06649215818823, 88.87963424741052, 89.59206593708845, 91.41680020323498, 91.76064971670091, 92.80516715944661, 95.26330854983087, 95.26330854983087
96.4, 94.91029013034843, 94.63450902193213, 94.62683518992802, 92.7313423474671, 95.31583840846862, 93.45356856848542, 91.61460730088953, 89.92319275413669, 88.11770492702101, 88.8975541236221, 90.33534047649603, 89.15556187370395, 88.13500999266306, 87.77614632328327, 87.0539566906276, 86.9806741669614, 86.74463414820333, 87.56773672997598, 85.8926009680988, 86.30811272202364, 88.55445856862123, 87.40650772611357, 84.98406826740512, 84.18839048711607, 84.18839048711607
96.54, 96.1315642986078, 91.7968095286107, 91.38235489104261, 92.24651066441827, 93.17857186287223, 91.26757773604677, 90.62405481579071, 89.9261793658399, 89.83337336547369, 88.33008857481167, 85.86440111261166, 86.93560984452613, 85.9463119794937, 84.31369739456835, 84.75618479052292, 85.88922846168357, 84.50371598688248, 85.45478860512362, 85.8926009680988, 87.06609549753824, 86.25910726967062, 86.92400886106688, 88.2859816598107, 89.03198049831309, 89.03198049831309
96.51, 96.17404014125418, 96.97704426517838, 94.66206579580135, 95.45128399789715, 94.9624074182955, 94.59414180143114, 94.90332290770417, 93.92940009005478, 87.22827435278735, 86.12730007366595, 87.97125414720902, 85.00796617836136, 85.81502052580596, 86.51978433754881, 87.55075374114179, 85.88922846168357, 84.50371598688248, 84.52382558249198, 85.8926009680988, 85.58216623226438, 84.32939815556858, 85.82486939312408, 86.4928148893737, 88.04090219471361, 88.04090219471361
96.04, 96.91576804934262, 94.95146419536741, 94.9149516930291, 94.30640873842917, 86.88344749604587, 85.48961899980043, 85.47328855523574, 86.46102263321097, 87.1706512079708, 86.3113947727562, 86.97723267225221, 85.70921916382609, 85.81502052580596, 87.01286055389133, 87.22488175074363, 85.90439765037554, 86.17130638394946, 84.52382558249198, 85.8926009680988, 84.73326827916155, 84.32939815556858, 85.82486939312408, 84.98406826740512, 84.18839048711607, 84.18839048711607
95.94, 96.27586595276411, 96.67050900980136, 96.51097820285473, 96.13791135489262, 97.61783198141248, 97.70234315378748, 96.75992851672945, 97.36057368608883, 95.62846035000521, 94.56374830039023, 93.86158297603812, 90.98527610168652, 90.8037495082909, 92.81638459686857, 88.37777396950807, 88.42845447701778, 90.3951268438678, 87.70168665213569, 86.56443222885946, 84.73326827916155, 84.32939815556858, 85.82486939312408, 84.98406826740512, 84.18839048711607, 84.18839048711607
96.53, 88.96911480243061, 90.37342324615851, 88.97148263932115, 88.55117436745351, 88.84782870768575, 87.56247094858114, 85.69935258227255, 86.41584025835196, 85.68095661047833, 86.46436034058782, 85.54665012206398, 85.00796617836136, 85.81502052580596, 84.31369739456835, 85.23124922950969, 85.88922846168357, 88.0224011848008, 87.6685776924626, 86.17854600534733, 87.05485424984586, 87.9280785366298, 87.38011313917167, 84.98406826740512, 85.38383844529339, 85.38383844529339
96.03, 91.27431160715521, 92.7126199248416, 91.4945469169314, 90.84615209261979, 91.7103990248086, 90.90566325638537, 91.36282092335904, 91.93036225405751, 92.10284476444001, 91.82557647959854, 93.11810534613284, 87.11588448970105, 86.40870470345651, 86.30487141450065, 85.33741281645054, 85.69485551010004, 84.50371598688248, 84.52382558249198, 85.8926009680988, 84.73326827916155, 84.32939815556858, 85.82486939312408, 86.94205563032591, 87.05200124941256, 87.05200124941256
96.64, 98.1860301673664, 99.89233746509443, 94.6753365236349, 95.47023273731772, 95.64930995396335, 92.73840233426418, 91.84227589488934, 90.72589715732624, 91.78015458284636, 90.83491721691277, 91.59928558956499, 93.23086845533147, 92.09214899629096, 91.49300981475645, 88.5864059478693, 86.59224258676123, 86.99588468064456, 88.93975062752223, 88.14392616619864, 84.73326827916155, 84.32939815556858, 85.82486939312408, 84.98406826740512, 84.18839048711607, 84.18839048711607
96.35, 94.9529760269075, 94.0753728740814, 93.15881953708858, 92.7617255084337, 94.58182991595316, 94.28638502142711, 91.20788083754874, 90.38603176940578, 91.12062167222167, 91.66808928192272, 93.765662896605, 92.68810176711506, 91.34009786279152, 92.81769881905029, 93.45788236808741, 93.47558226278299, 93.39921713642704, 93.36607738299745, 87.87649928621651, 89.02133562030626, 89.40862511072471, 89.67505654500484, 90.62248637711846, 91.51650453753226, 91.51650453753226
96.02, 93.76272251748843, 94.66281459825183, 94.69603435823326, 94.49236861774149, 96.19282223235724, 95.9957805084816, 95.84259648832324, 97.93599098394762, 96.68311271531296, 92.66090040527784, 89.502583662294, 89.50884963684108, 86.71711027687705, 84.31369739456835, 86.26383779061638, 86.02661661325403, 87.51236301090168, 87.8433157179729, 86.50773998499962, 86.92273737071079, 85.00380093182602, 85.82486939312408, 84.98406826740512, 84.18839048711607, 84.18839048711607
95.19, 92.94712051183676, 94.29589472088446, 94.6385103967264, 94.79241699149101, 95.40215804719382, 95.8075878879001, 94.4827182538758, 91.24041960687092, 92.26279848647802, 92.07608215065557, 89.9150779192657, 86.15126981546855, 85.23562574519325, 85.48478982403995, 87.15606425193504, 85.88922846168357, 84.50371598688248, 84.52382558249198, 85.8926009680988, 85.82026283765241, 88.06358873149418, 87.33794613431763, 87.78575402864925, 89.22877120116048, 89.22877120116048
96.29, 92.47616280453052, 94.44624172895514, 94.01150702153778, 94.67752656722544, 96.23550701732181, 92.45993623090662, 93.50437344002738, 94.61018143520253, 95.02264295959604, 95.72675280160662, 93.1254899148065, 93.52859805915053, 92.68278682543213, 92.02528427750889, 92.95188301896948, 90.9790686052352, 92.98711135879613, 93.98990994942893, 91.90115245505108, 87.21196223306451, 87.81598544826538, 87.74372892459056, 84.98406826740512, 84.18839048711607, 84.18839048711607
96.12, 94.5604981193785, 92.0224740459578, 88.4227389686717, 87.65711045598091, 89.17402050633876, 88.73895633435407, 87.15056373619959, 87.97035316486455, 88.79311403402433, 87.75433006747006, 88.50169672738272, 88.46060154050681, 87.47511039490544, 89.31583515974262, 86.0302692481221, 85.01010780447666, 85.44369402430785, 85.1499193653315, 85.8926009680988, 84.73326827916155, 86.6494960575983, 86.43308922964918, 86.43435530953549, 87.0005084973082, 87.0005084973082
96.78, 96.71353423174436, 98.71702932654564, 99.20114179597188, 100.15083243251546, 96.84354480015101, 93.72146103596985, 94.66108019374876, 96.20916326941911, 97.19917603107986, 93.03827149157414, 92.41962233876227, 92.29074146106483, 92.8165324309137, 90.17463632054779, 92.0519597331624, 88.6617973584553, 86.6215381695161, 88.08049477001462, 85.8926009680988, 84.73326827916155, 85.50745479609614, 85.82486939312408, 85.15928460381895, 84.18839048711607, 84.18839048711607
95.07, 93.99617006429753, 93.71551826473689, 93.07998159626517, 91.19263038075326, 92.6400726736582, 90.86655526016385, 88.54517425945104, 87.99361329740043, 88.78901845102159, 86.52032296536325, 84.17834927434514, 85.78317783539562, 85.29213487937623, 87.29653819240343, 87.14413387586299, 86.34135710923981, 85.70618426220335, 84.52382558249198, 85.8926009680988, 85.779128659722, 84.32939815556858, 85.82486939312408, 86.82463005005121, 87.31263191282773, 87.31263191282773
96.72, 95.07891409333891, 96.66538714792325, 96.21116164224401, 93.32273845096373, 95.50615993292843, 94.73146936144593, 92.77793562359325, 92.72342939774873, 90.9656820970596, 91.5556073758574, 92.60678812381217, 92.52020150582584, 91.70835795881737, 93.67691822299952, 95.0493373934668, 93.24104845893116, 94.2751883679068, 94.78890807237259, 92.65865178836702, 94.21390386604209, 92.51749186965762, 90.87302532674144, 91.65660001884324, 92.37328949083174, 92.37328949083174
96.4, 96.74911532163001, 95.5894156146144, 92.52284074993814, 93.9829786737576, 96.33151958477002, 97.1718850209891, 96.8548337614621, 97.76625578531079, 96.84624933528276, 97.2089748714506, 96.30291105022972, 95.61877126375491, 92.02341355278146, 92.99775608131235, 90.50189755195234, 88.63428390058684, 89.45572136645295, 89.0462829271996, 86.68769848542792, 87.51276823973778, 87.15953547439143, 85.51170667074193, 84.98406826740512, 84.18839048711607, 84.18839048711607
95.34, 94.08035096572189, 94.60914013157323, 93.92195499868464, 94.52590946617703, 96.30294387366561, 92.85553166970931, 92.30230314674007, 94.36979199309113, 95.8042201114346, 95.41318589921049, 95.07517910580384, 93.77751641668569, 93.3551730093256, 92.5961163875604, 93.9714165407575, 94.0438305170081, 94.13867013261003, 95.31222076027623, 94.52737795698938, 94.39719991404318, 92.40554662889308, 91.65962382906345, 90.68116161793589, 89.66786913036812, 89.66786913036812
95.93, 95.37350840157976, 95.86929514691485, 96.04307318904202, 94.3557234253774, 93.49043973562303, 91.32593992349094, 89.5350022205419, 91.55951351549979, 90.69342586589032, 88.92919397579038, 89.77098827544552, 86.84908168439604, 85.81502052580596, 84.31369739456835, 84.75618479052292, 85.88922846168357, 86.59278976579222, 87.62720162493966, 87.31473148260966, 88.58998798368826, 89.86479609674633, 88.58288073326273, 85.5096713941669, 87.90400140563499, 87.90400140563499
96.17, 97.54378476950426, 99.04901250936727, 95.51710540664529, 88.10356256841727, 86.04417093421692, 85.48961899980043, 85.27455140434512, 86.75745661137816, 87.28950138054371, 86.87266494612632, 86.62177541841405, 87.91179421919259, 88.2199106886852, 87.34045935569242, 88.87047964510795, 88.95925405175973, 88.50190289854422, 87.37294918593471, 85.8926009680988, 84.73326827916155, 84.32939815556858, 85.82486939312408, 84.98406826740512, 85.5839917524209, 85.5839917524209
96.15, 94.08450830299691, 94.8970513215154, 95.33179808763006, 94.34890916193432, 96.60209705827103, 95.34543791567675, 96.39298552609908, 96.27742044828801, 95.67297530182282, 94.7109337223914, 96.03209779639356, 93.38616818077134, 92.46765289221987, 93.7036168984316, 93.53020199960426, 90.90981182312126, 89.55024905546057, 91.60544877238259, 86.72855417243387, 85.8496033855597, 87.59131520220069, 87.18918181932872, 86.43413120545748, 84.18839048711607, 84.18839048711607
